SNP	CHR	POS	P	Effect	StdErr	Freq	MAF	N_cases	N_controls	proportion_cases	A1	A2	leadSNP	ABF.Credible_Set	ABF.PP	SUSIE.Credible_Set	SUSIE.PP	POLYFUN_SUSIE.Credible_Set	POLYFUN_SUSIE.PP	FINEMAP.Credible_Set	FINEMAP.PP
rs10000519	4	113619997	0.03725	-0.021	0.0101	0.3728	0.3728	56306	1417791	0.0381969436203995	A	G	FALSE	0	7.9947805390737e-11	0	0	0	0	0	2.0591e-06
rs10000696	4	115118267	0.8963	0.0014	0.0109	0.7243	0.2757	56306	1417791	0.0381969436203995	C	G	FALSE	0	1.00700095755442e-11	0	0	0	0	0	2.42814e-07
rs10000775	4	114546689	0.7811	-0.0028	0.0101	0.4613	0.4613	50092	1411760	0.0342661226991515	T	C	FALSE	0	9.61812685520487e-12	0	0	0	0	0	1.37204e-06
rs10000836	4	115169446	0.3715	-0.0088	0.0098	0.5731	0.4269	56306	1417791	0.0381969436203995	T	C	FALSE	0	1.34293249724736e-11	0	0	0	0	0	8.93759e-08
rs10001250	4	114747010	0.2407	0.0115	0.0098	0.395	0.395	56306	1417791	0.0381969436203995	T	C	FALSE	0	1.78518495103648e-11	0	0	0	0	0	2.06678e-06
rs10001376	4	114488625	0.2035	0.0276	0.0217	0.056	0.056	49053	1411006	0.0335965875351613	A	G	FALSE	0	4.40338379792791e-11	0	0	0	0	0	8.96986e-08
rs10001576	4	114747203	0.2415	0.0115	0.0098	0.3951	0.3951	56306	1417791	0.0381969436203995	A	G	FALSE	0	1.78518495103648e-11	0	0	0	0	0	2.06101e-06
rs10001646	4	113458667	0.9184	-0.0013	0.0131	0.8419	0.1581	56306	1417791	0.0381969436203995	T	C	FALSE	0	1.20544317214784e-11	0	0	0	0	0	6.04748e-08
rs10001850	4	114833650	0.5134	-0.0075	0.0115	0.2357	0.2357	56306	1417791	0.0381969436203995	T	C	FALSE	0	1.30230256076142e-11	0	0	0	0	0	1.10548e-07
rs10001894	4	113454932	0.1387	-0.0572	0.0386	0.982	0.018	49053	1411006	0.0335965875351613	A	G	FALSE	0	1.00238975232298e-10	0	0	0	0	0	2.83427e-07
rs10002455	4	114668231	0.005252	-0.0446	0.016	0.8812	0.1188	50092	1411760	0.0342661226991515	T	C	FALSE	0	6.94942021824246e-10	0	0	0	0	0	1.65243e-06
rs10002557	4	113538280	0.1996	-0.0139	0.0108	0.2878	0.2878	56306	1417791	0.0381969436203995	A	G	FALSE	0	2.26005010371169e-11	0	0	0	0	0	8.80752e-08
rs10003143	4	114052710	0.6732	0.0041	0.0098	0.5393	0.4607	56306	1417791	0.0381969436203995	A	C	FALSE	0	9.80161410820403e-12	0	0	0	0	0	1.71233e-07
rs10003275	4	114634996	0.0001256	-0.0468	0.0122	0.7878	0.2122	50092	1411760	0.0342661226991515	A	T	FALSE	0	1.70526295957081e-08	0	0	0	0	0	0.001657
rs10003655	4	114672655	0.02517	0.0335	0.015	0.1326	0.1326	50092	1411760	0.0342661226991515	T	C	FALSE	0	1.63897718913235e-10	0	0	0	0	0	4.67057e-06
rs10003890	4	113975346	0.8084	-0.0037	0.0154	0.8741	0.1259	49053	1411006	0.0335965875351613	A	G	FALSE	0	1.45001903043202e-11	0	0	0	0	0	6.91879e-08
rs10003988	4	114244178	0.1945	-0.0463	0.0357	0.98	0.02	56306	1417791	0.0381969436203995	T	C	FALSE	0	7.28612025074303e-11	0	0	0	0	0	7.51628e-05
rs10005003	4	115276194	0.7353	-0.0043	0.0128	0.2965	0.2965	49053	1411006	0.0335965875351613	T	C	FALSE	0	1.23994972725845e-11	0	0	0	0	0	6.25603e-08
rs10005057	4	114975374	0.4742	-0.0105	0.0147	0.8649	0.1351	49053	1411006	0.0335965875351613	T	G	FALSE	0	1.73387297838666e-11	0	0	0	0	0	6.45795e-08
rs10005207	4	115010468	0.9402	8e-04	0.011	0.6992	0.3008	49053	1411006	0.0335965875351613	T	C	FALSE	0	1.01054962979119e-11	0	0	0	0	0	6.66456e-08
rs10005264	4	114975570	0.4305	-0.0116	0.0147	0.8655	0.1345	49053	1411006	0.0335965875351613	T	C	FALSE	0	1.83364371935401e-11	0	0	0	0	0	6.33042e-08
rs10005393	4	115040710	0.5204	-0.0065	0.0101	0.5568	0.4432	49053	1411006	0.0335965875351613	T	C	FALSE	0	1.13802618324649e-11	0	0	0	0	0	9.97745e-08
rs10005635	4	114773178	0.0815	0.0169	0.0097	0.4738	0.4738	56306	1417791	0.0381969436203995	T	G	FALSE	0	4.04148024103461e-11	0	0	0	0	0	6.50668e-08
rs10005957	4	114258996	0.01328	0.0569	0.023	0.0453	0.0453	56306	1417791	0.0381969436203995	T	C	FALSE	0	4.29732875082154e-10	0	0	0	0	0	6.46067e-08
rs10006113	4	114678642	0.01339	0.0355	0.0144	0.1473	0.1473	50092	1411760	0.0342661226991515	A	G	FALSE	0	2.70920667025805e-10	0	0	0	0	0	9.85483e-06
rs10006132	4	114743647	0.1902	0.0168	0.0128	0.8191	0.1809	56306	1417791	0.0381969436203995	A	G	FALSE	0	2.76402661003027e-11	0	0	0	0	0	2.53385e-06
rs10006212	4	114970582	0.4977	-0.0101	0.0149	0.8673	0.1327	49053	1411006	0.0335965875351613	T	C	FALSE	0	1.71350373191639e-11	0	0	0	0	0	6.1763e-08
rs10006338	4	113384190	0.3641	-0.0098	0.0108	0.7386	0.2614	56306	1417791	0.0381969436203995	T	C	FALSE	0	1.49191422536952e-11	0	0	0	0	0	1.17237e-07
rs10007297	4	114840655	0.5913	0.0062	0.0116	0.7671	0.2329	56306	1417791	0.0381969436203995	A	T	FALSE	0	1.22526310949147e-11	0	0	0	0	0	6.19252e-08
rs10007543	4	113976831	0.8259	-0.0034	0.0154	0.874	0.126	49053	1411006	0.0335965875351613	A	G	FALSE	0	1.44356032440556e-11	0	0	0	0	0	7.02156e-08
rs10007658	4	113551942	0.6056	0.0073	0.0142	0.1341	0.1341	56306	1417791	0.0381969436203995	A	G	FALSE	0	1.48242478478453e-11	0	0	0	0	0	7.86164e-08
rs10007771	4	115326589	0.3105	-0.022	0.0217	0.9516	0.0484	56306	1417791	0.0381969436203995	A	G	FALSE	0	3.2899554284036e-11	0	0	0	0	0	6.82889e-08
rs10008482	4	114844851	0.5244	0.0073	0.0115	0.7652	0.2348	56306	1417791	0.0381969436203995	A	G	FALSE	0	1.28785732640652e-11	0	0	0	0	0	6.29496e-08
rs10008543	4	114804068	0.6589	-0.005	0.0113	0.2449	0.2449	56306	1417791	0.0381969436203995	A	G	FALSE	0	1.14140919549827e-11	0	0	0	0	0	6.15531e-08
rs10008952	4	114330615	0.6682	0.0054	0.0126	0.2954	0.2954	49053	1411006	0.0335965875351613	T	G	FALSE	0	1.26448203540914e-11	0	0	0	0	0	6.09386e-08
rs10008992	4	113487678	0.684	-0.0057	0.0139	0.8609	0.1391	56306	1417791	0.0381969436203995	A	T	FALSE	0	1.38351521570967e-11	0	0	0	0	0	6.11864e-08
rs10009120	4	113600577	0.0411	-0.0206	0.0101	0.3749	0.3749	56306	1417791	0.0381969436203995	A	G	FALSE	0	7.37013287878027e-11	0	0	0	0	0	1.84001e-07
rs10009243	4	114378082	0.7643	-0.0082	0.0273	0.9629	0.0371	49943	1411643	0.0341704148780845	A	T	FALSE	0	2.59455183383684e-11	0	0	0	0	0	0.998492
rs10009262	4	113688471	0.4435	-0.0096	0.0125	0.7946	0.2054	49053	1411006	0.0335965875351613	C	G	FALSE	0	1.535746326797e-11	0	0	0	0	0	6.79391e-08
rs10009286	4	114495977	0.859	0.0019	0.0109	0.7012	0.2988	50092	1411760	0.0342661226991515	A	C	FALSE	0	1.0139969128711e-11	0	0	0	0	0	3.58827e-07
rs10009761	4	115117519	0.5572	0.0065	0.0112	0.7132	0.2868	49053	1411006	0.0335965875351613	A	T	FALSE	0	1.21373408359307e-11	0	0	0	0	0	3.65897e-07
rs10010067	4	115121027	0.8462	-0.0021	0.0109	0.2752	0.2752	56306	1417791	0.0381969436203995	T	C	FALSE	0	1.01740636572854e-11	0	0	0	0	0	1.49639e-07
rs10010318	4	115326892	0.9486	-0.0017	0.0267	0.9515	0.0485	42598	1322509	0.0312048799105125	A	G	FALSE	0	2.43341360770143e-11	0	0	0	0	0	6.68215e-08
rs10010486	4	115142427	0.5936	-0.006	0.0113	0.2846	0.2846	49053	1411006	0.0335965875351613	T	G	FALSE	0	1.19148406139606e-11	0	0	0	0	0	7.60909e-08
rs10010670	4	113711748	0.05721	-0.0204	0.0107	0.7082	0.2918	56306	1417791	0.0381969436203995	A	G	FALSE	0	6.00475392341807e-11	0	0	0	0	0	2.72286e-07
rs10010935	4	114741032	0.6157	0.0057	0.0114	0.7669	0.2331	56306	1417791	0.0381969436203995	T	C	FALSE	0	1.1830068100775e-11	0	0	0	0	0	6.69075e-07
rs10011229	4	114507466	0.5082	-0.0074	0.0112	0.275	0.275	36384	1316478	0.026894095628379	A	G	FALSE	0	1.27559178754633e-11	0	0	0	0	0	9.08357e-06
rs10011263	4	113728993	0.2721	0.0137	0.0125	0.1991	0.1991	49053	1411006	0.0335965875351613	A	G	FALSE	0	2.08240398980748e-11	0	0	0	0	0	1.44709e-07
rs10011495	4	113729374	0.2271	0.0247	0.0204	0.0635	0.0635	49053	1411006	0.0335965875351613	T	C	FALSE	0	3.8469636141824e-11	0	0	0	0	0	1.04461e-07
rs10012179	4	114981272	0.4573	0.0109	0.0147	0.1345	0.1345	49053	1411006	0.0335965875351613	T	C	FALSE	0	1.76836918801182e-11	0	0	0	0	0	1.26385e-07
rs10012195	4	113619906	0.5122	0.0088	0.0135	0.1562	0.1562	56306	1417791	0.0381969436203995	A	T	FALSE	0	1.52711633106062e-11	0	0	0	0	0	7.41968e-08
rs10012300	4	114768483	0.2404	-0.0116	0.0099	0.6106	0.3894	56306	1417791	0.0381969436203995	A	G	FALSE	0	1.79960369243366e-11	0	0	0	0	0	0.101046
rs10012394	4	113620137	0.9398	-0.0011	0.0147	0.1314	0.1314	56306	1417791	0.0381969436203995	T	C	FALSE	0	1.34906399776087e-11	0	0	0	0	0	7.15803e-08
rs10012511	4	113717304	0.2097	-0.0256	0.0204	0.9366	0.0634	49053	1411006	0.0335965875351613	A	G	FALSE	0	4.0597210146292e-11	0	0	0	0	0	1.64625e-07
rs10012535	4	113930078	0.718	-0.0037	0.0103	0.6871	0.3129	56306	1417791	0.0381969436203995	A	G	FALSE	0	1.00666431442954e-11	0	0	0	0	0	6.93354e-08
rs10012647	4	114856627	0.352	0.0168	0.018	0.0781	0.0781	56306	1417791	0.0381969436203995	T	C	FALSE	0	2.53417119236346e-11	0	0	0	0	0	4.962e-05
rs10012684	4	114762920	0.264	-0.011	0.0099	0.6108	0.3892	56306	1417791	0.0381969436203995	A	C	FALSE	0	1.67960549403009e-11	0	0	0	0	0	0.0767353
rs10012923	4	113717706	0.06694	-0.0196	0.0107	0.7077	0.2923	56306	1417791	0.0381969436203995	A	G	FALSE	0	5.22366957127921e-11	0	0	0	0	0	2.40529e-07
rs10012931	4	114540962	0.01789	-0.0306	0.0129	0.4493	0.4493	35872	1316196	0.0265312099687294	A	T	FALSE	0	1.94603840397741e-10	0	0	0	0	0	7.29254e-08
rs10012958	4	114102929	0.7088	-0.004	0.0107	0.666	0.334	49053	1411006	0.0335965875351613	A	C	FALSE	0	1.05123219211326e-11	0	0	0	0	0	6.05724e-08
rs10013173	4	113654022	0.06767	0.0243	0.0133	0.3061	0.3061	42598	1322509	0.0312048799105125	A	G	FALSE	0	6.41584013694848e-11	0	0	0	0	0	3.65858e-07
rs10013296	4	114747075	0.1959	-0.0164	0.0126	0.1835	0.1835	56306	1417791	0.0381969436203995	T	C	FALSE	0	2.68291783676551e-11	0	0	0	0	0	0.128644
rs10013347	4	114222805	0.3688	-0.0086	0.0095	0.4558	0.4558	56306	1417791	0.0381969436203995	T	C	FALSE	0	1.31057488015038e-11	0	0	0	0	0	1.05971e-07
rs10013616	4	114492244	0.2071	0.0274	0.0217	0.056	0.056	49053	1411006	0.0335965875351613	T	C	FALSE	0	4.35284293671277e-11	0	0	0	0	0	9.06227e-08
rs10013743	4	114279422	0.1923	-0.0195	0.0149	0.8852	0.1148	56306	1417791	0.0381969436203995	A	G	FALSE	0	3.19542429023962e-11	0	0	0	0	0	8.97677e-08
rs10013796	4	113765546	0.1853	0.0275	0.0208	0.0635	0.0635	49053	1411006	0.0335965875351613	T	C	FALSE	0	4.50725922311017e-11	0	0	0	0	0	1.18945e-07
rs10013807	4	114693150	0.2277	-0.0186	0.0154	0.1511	0.1511	49053	1411006	0.0335965875351613	A	G	FALSE	0	2.90945687597757e-11	0	0	0	0	0	0.0972445
rs10013824	4	115328217	0.3148	-0.0224	0.0222	0.9528	0.0472	56306	1417791	0.0381969436203995	A	G	FALSE	0	3.3477752519391e-11	0	0	0	0	0	6.82951e-08
rs10013828	4	115328228	0.3174	-0.0222	0.0222	0.9527	0.0473	56306	1417791	0.0381969436203995	C	G	FALSE	0	3.31798136070152e-11	0	0	0	0	0	6.7875e-08
rs10013950	4	114006346	0.6594	0.0047	0.0107	0.3294	0.3294	49053	1411006	0.0335965875351613	T	C	FALSE	0	1.07948415630109e-11	0	0	0	0	0	6.2063e-08
rs10014072	4	113948790	0.2485	0.0125	0.0109	0.3029	0.3029	55794	1417509	0.0378700104459164	A	G	FALSE	0	1.92392559983869e-11	0	0	0	0	0	1.55678e-07
rs10014146	4	115170007	0.875	0.0017	0.0107	0.7207	0.2793	56306	1417791	0.0381969436203995	A	G	FALSE	0	9.92897831536094e-12	0	0	0	0	0	2.02807e-07
rs10014345	4	114712141	0.341	0.0111	0.0117	0.7802	0.2198	56306	1417791	0.0381969436203995	T	C	FALSE	0	1.67841735965829e-11	0	0	0	0	0	8.76524e-08
rs10014679	4	113936163	0.7332	-0.0035	0.0103	0.685	0.315	56306	1417791	0.0381969436203995	A	C	FALSE	0	9.99873475901418e-12	0	0	0	0	0	7.23744e-08
rs10014766	4	113376846	0.1348	0.0172	0.0115	0.2181	0.2181	56306	1417791	0.0381969436203995	C	G	FALSE	0	3.21224862695422e-11	1	1	0	0	0	1.24197e-07
rs10015062	4	114332302	0.3508	-0.0145	0.0156	0.1322	0.1322	56306	1417791	0.0381969436203995	A	G	FALSE	0	2.19256429446916e-11	0	0	0	0	0	5.63764e-116
rs10015110	4	114332538	0.3094	-0.016	0.0157	0.1285	0.1285	56306	1417791	0.0381969436203995	T	C	FALSE	0	2.40649695974063e-11	0	0	0	0	0	1.54606e-115
rs10015260	4	115304003	0.06144	-0.0701	0.0375	0.9704	0.0296	35345	1315724	0.0261607660304544	T	C	FALSE	0	1.82908689669723e-10	0	0	0	0	0	1.43777e-06
rs10015472	4	113960961	0.2504	-0.0119	0.0103	0.662	0.338	56306	1417791	0.0381969436203995	A	G	FALSE	0	1.83662891395118e-11	0	0	0	0	0	1.00481e-07
rs10015551	4	113961039	0.06908	-0.0188	0.0103	0.6311	0.3689	49580	1411478	0.0339343133537478	T	G	FALSE	0	4.97110110402918e-11	0	0	0	0	0	2.60505e-07
rs10015915	4	113866368	0.0005054	0.0401	0.0115	0.2277	0.2277	56306	1417791	0.0381969436203995	A	G	FALSE	0	4.51045537352583e-09	0	0	0	0	0	0.000138091
rs10016291	4	113590000	0.9971	1e-04	0.0146	0.132	0.132	56306	1417791	0.0381969436203995	A	G	FALSE	0	1.3362405322845e-11	0	0	0	0	0	6.21008e-08
rs10016365	4	113830885	0.003163	0.037	0.0125	0.1785	0.1785	56306	1417791	0.0381969436203995	A	C	FALSE	0	8.99277052358238e-10	0	0	0	0	0	1.33321e-05
rs10016424	4	113713116	0.06997	-0.0194	0.0107	0.7049	0.2951	56306	1417791	0.0381969436203995	A	G	FALSE	0	5.04921734074627e-11	0	0	0	0	0	2.35523e-07
rs10016477	4	114014046	0.733	-0.0037	0.0108	0.3082	0.3082	49053	1411006	0.0335965875351613	A	G	FALSE	0	1.04925158437847e-11	0	0	0	0	0	6.39652e-08
rs10016484	4	114014059	0.7312	-0.0037	0.0108	0.3094	0.3094	49053	1411006	0.0335965875351613	A	G	FALSE	0	1.04925158437847e-11	0	0	0	0	0	6.39664e-08
rs10017370	4	114752194	0.2458	-0.0115	0.0099	0.6169	0.3831	56306	1417791	0.0381969436203995	C	G	FALSE	0	1.77857194181887e-11	0	0	0	0	0	0.0152181
rs10017662	4	115171465	0.5734	-0.0055	0.0098	0.5569	0.4431	56306	1417791	0.0381969436203995	A	G	FALSE	0	1.05102432044972e-11	0	0	0	0	0	8.24307e-08
rs10017718	4	114840564	0.4644	-0.0085	0.0117	0.2345	0.2345	55137	1416823	0.0374582189733417	A	G	FALSE	0	1.39424252678352e-11	0	0	0	0	0	1.20969e-07
rs10017904	4	114393250	0.9544	9e-04	0.0153	0.1147	0.1147	56306	1417791	0.0381969436203995	A	G	FALSE	0	1.40231989454639e-11	0	0	1	0.866167921081165	0	3.15471e-07
rs10018022	4	114678786	0.02188	-0.0231	0.0101	0.4244	0.4244	49053	1411006	0.0335965875351613	T	C	FALSE	0	1.25731086805699e-10	0	0	0	0	0	5.17363e-07
rs10018110	4	114672948	0.004781	0.0518	0.0184	0.142	0.142	36384	1316478	0.026894095628379	A	T	FALSE	0	8.55477432756739e-10	0	0	0	0	0	1.84235e-05
rs10018203	4	113731784	0.02589	0.0235	0.0105	0.3419	0.3419	56306	1417791	0.0381969436203995	T	C	FALSE	0	1.16945472646298e-10	0	0	0	0	0	8.36679e-07
rs10018327	4	115004099	0.56	-0.009	0.0155	0.8792	0.1208	49053	1411006	0.0335965875351613	T	G	FALSE	0	1.67679878590615e-11	0	0	0	0	0	6.166e-08
rs10018434	4	113718912	0.257	-0.0142	0.0125	0.8005	0.1995	49053	1411006	0.0335965875351613	A	G	FALSE	0	2.17709037330789e-11	0	0	0	0	0	9.17678e-08
rs10019154	4	114129195	0.8341	0.002	0.0098	0.4375	0.4375	56306	1417791	0.0381969436203995	A	T	FALSE	0	9.17072051636232e-12	0	0	0	0	0	6.21155e-08
rs10019179	4	114849719	0.5221	-0.0074	0.0116	0.2323	0.2323	56306	1417791	0.0381969436203995	T	C	FALSE	0	1.30160013532948e-11	0	0	0	0	0	1.09046e-07
rs10019345	4	115189821	0.5844	0.0053	0.0098	0.4434	0.4434	56306	1417791	0.0381969436203995	A	G	FALSE	0	1.03929942130285e-11	0	0	0	0	0	6.37393e-08
rs10019819	4	113531189	0.1157	0.0612	0.0389	0.0182	0.0182	49053	1411006	0.0335965875351613	A	G	FALSE	0	1.15463619908502e-10	3	1	0	0	0	1.3554e-07
rs10019881	4	114749370	0.4997	0.0089	0.0132	0.6166	0.3834	35345	1315724	0.0261607660304544	A	T	FALSE	0	1.51563094076973e-11	0	0	0	0	0	8.40239e-07
rs10020183	4	114235039	0.5234	0.0189	0.0296	0.9516	0.0484	42598	1322509	0.0312048799105125	T	C	FALSE	0	3.28016453167464e-11	0	0	0	0	0	8.17731e-08
rs10020382	4	114985792	0.4438	-0.0111	0.0146	0.8638	0.1362	49053	1411006	0.0335965875351613	T	C	FALSE	0	1.78124589657167e-11	0	0	0	0	0	6.39862e-08
rs10020548	4	114062948	0.1458	0.0271	0.0186	0.0692	0.0692	56306	1417791	0.0381969436203995	T	C	FALSE	0	4.86776920817622e-11	0	0	0	0	0	3.48753e-07
rs10020763	4	115142271	0.9055	-0.0062	0.0521	0.9886	0.0114	28880	973126	0.0288221827015008	A	G	FALSE	0	4.65731887866246e-11	0	0	0	0	0	6.85427e-08
rs10020956	4	115017324	0.517	-0.0066	0.0102	0.5695	0.4305	49053	1411006	0.0335965875351613	A	G	FALSE	0	1.15184043852806e-11	0	0	0	0	0	8.63057e-08
rs10021000	4	113723338	0.03152	-0.0266	0.0124	0.5069	0.4931	42598	1322509	0.0312048799105125	T	C	FALSE	0	1.12379750073308e-10	0	0	0	0	0	3.21137e-07
rs10021192	4	114063451	0.02013	0.0241	0.0104	0.5069	0.4931	47884	1410038	0.032844006743845	A	G	FALSE	0	1.38688486014368e-10	0	0	0	0	0	5.84194e-07
rs10021207	4	113658555	0.04162	-0.02	0.0098	0.4851	0.4851	56306	1417791	0.0381969436203995	T	C	FALSE	0	7.17163457485281e-11	0	0	0	0	0	1.86894e-07
rs10021845	4	114263916	0.03198	0.0336	0.0157	0.1009	0.1009	56306	1417791	0.0381969436203995	T	G	FALSE	0	1.39867262266205e-10	0	0	0	0	0	8.61499e-08
rs10021913	4	115042436	0.5259	-0.0064	0.0101	0.5574	0.4426	49053	1411006	0.0335965875351613	A	G	FALSE	0	1.13087143623858e-11	0	0	0	0	0	9.88049e-08
rs10021960	4	113632216	0.01724	-0.0252	0.0106	0.339	0.339	56306	1417791	0.0381969436203995	T	G	FALSE	0	1.62635281575114e-10	0	0	0	0	0	6.30639e-06
rs10022007	4	115042518	0.5225	-0.0064	0.0101	0.5568	0.4432	49053	1411006	0.0335965875351613	A	C	FALSE	0	1.13087143623858e-11	0	0	0	0	0	9.97316e-08
rs10022388	4	113692843	0.411	0.0101	0.0123	0.2088	0.2088	49053	1411006	0.0335965875351613	T	G	FALSE	0	1.57624908558409e-11	0	0	0	0	0	1.10981e-07
rs10022474	4	115121622	0.6228	-0.0055	0.0112	0.2792	0.2792	49053	1411006	0.0335965875351613	T	C	FALSE	0	1.15721878315225e-11	0	0	0	0	0	7.57204e-08
rs10022515	4	113537710	0.3431	0.009	0.0095	0.5586	0.4414	56306	1417791	0.0381969436203995	A	G	FALSE	0	1.36258120931579e-11	0	0	0	0	0	1.40722e-07
rs1002287	4	115113997	0.1485	0.0285	0.0197	0.079	0.079	49053	1411006	0.0335965875351613	T	C	FALSE	0	5.07171574534398e-11	0	0	0	0	0	6.08261e-08
rs1002288	4	115113659	0.8635	-0.0019	0.0109	0.2749	0.2749	56306	1417791	0.0381969436203995	T	C	FALSE	0	1.0139969128711e-11	0	0	0	0	0	1.52193e-07
rs10022885	4	114038963	0.07576	0.019	0.0107	0.6675	0.3325	49580	1411478	0.0339343133537478	A	C	FALSE	0	4.7225296882663e-11	0	0	0	0	0	3.86929e-06
rs1002289	4	115113610	0.618	0.0068	0.0137	0.2741	0.2741	42598	1322509	0.0312048799105125	A	C	FALSE	0	1.41783973449302e-11	0	0	0	0	0	4.73399e-07
rs10022893	4	115296142	0.5845	0.0133	0.0244	0.0975	0.0975	49053	1411006	0.0335965875351613	T	C	FALSE	0	2.57293459457145e-11	0	0	0	0	0	1.5861e-07
rs10023113	4	114546704	0.04467	0.03	0.015	0.8672	0.1328	49053	1411006	0.0335965875351613	A	G	FALSE	0	1.00295042263544e-10	0	0	0	0	0	3.99637e-07
rs10023121	4	115060477	0.5126	0.0066	0.0101	0.4302	0.4302	49053	1411006	0.0335965875351613	A	C	FALSE	0	1.14533818255723e-11	0	0	0	0	0	6.8626e-08
rs10023495	4	114236227	0.5839	0.0096	0.0174	0.9117	0.0883000000000001	56306	1417791	0.0381969436203995	T	C	FALSE	0	1.85008028536319e-11	0	0	0	0	0	2.31209e-07
rs10023704	4	114039792	0.1027	0.0175	0.0107	0.6706	0.3294	49580	1411478	0.0339343133537478	A	C	FALSE	0	3.7207422457322e-11	0	0	0	0	0	2.58209e-06
rs10024585	4	115190901	0.1383	-0.0148	0.01	0.4904	0.4904	49053	1411006	0.0335965875351613	A	C	FALSE	0	2.73266724075017e-11	0	0	0	0	0	8.45177e-08
rs10025185	4	114022185	0.9217	0.001	0.0102	0.5901	0.4099	49580	1411478	0.0339343133537478	A	G	FALSE	0	9.39276808640876e-12	0	0	0	0	0	6.63344e-08
rs10025489	4	113934425	0.7527	-0.0032	0.0103	0.6842	0.3158	56306	1417791	0.0381969436203995	C	G	FALSE	0	9.90471127733885e-12	0	0	0	0	0	7.10876e-08
rs10025791	4	114524255	0.05837	-0.0185	0.0098	0.5129	0.4871	56306	1417791	0.0381969436203995	T	C	FALSE	0	5.31321849944648e-11	0	0	0	0	0	3.1906e-07
rs10026167	4	113708879	0.1914	0.0266	0.0204	0.064	0.064	49053	1411006	0.0335965875351613	T	G	FALSE	0	4.31969473829837e-11	0	0	0	0	0	1.15543e-07
rs10026236	4	114401158	2.313e-05	0.0416	0.0098	0.378	0.378	56306	1417791	0.0381969436203995	T	C	FALSE	0	7.19150065563711e-08	0	0	0	0	0	1.77949e-64
rs10026411	4	114401364	0.002189	0.0374	0.0122	0.381	0.381	42598	1322509	0.0312048799105125	A	C	FALSE	0	1.20602879095544e-09	0	0	0	0	0	1
rs10026618	4	114332174	0.3763	0.0138	0.0156	0.8674	0.1326	56306	1417791	0.0381969436203995	T	C	FALSE	0	2.10563456562018e-11	0	0	5	1	0	1
rs10026700	4	115325503	0.9916	-2e-04	0.0176	0.176	0.176	35345	1315724	0.0261607660304544	A	T	FALSE	0	1.60894478343473e-11	0	0	0	0	0	6.39786e-08
rs10026778	4	114061657	0.01597	0.0247	0.0102	0.5133	0.4867	49053	1411006	0.0335965875351613	A	T	FALSE	0	1.74083946173885e-10	0	0	0	0	0	8.20491e-07
rs10026837	4	113739710	0.02567	0.0219	0.0098	0.4914	0.4914	56306	1417791	0.0381969436203995	C	G	FALSE	0	1.08439094920995e-10	0	0	0	0	0	1.56413e-06
rs10026877	4	114629942	0.0005598	0.0513	0.0149	0.1312	0.1312	50092	1411760	0.0342661226991515	A	G	FALSE	0	4.94879660012092e-09	0	0	0	0	0	3.26739e-05
rs10027204	4	115144442	0.9202	-0.0052	0.052	0.9886	0.0114	28880	973126	0.0288221827015008	A	G	FALSE	0	4.63990185465944e-11	0	0	0	0	0	6.7274e-08
rs10027475	4	114477154	0.002741	0.0336	0.0112	0.7474	0.2526	56306	1417791	0.0381969436203995	T	C	FALSE	0	9.1081345275536e-10	0	0	0	0	0	7.94001e-08
rs10027507	4	113669533	0.2145	0.0255	0.0205	0.0634	0.0634	49053	1411006	0.0335965875351613	T	G	FALSE	0	4.02399362889451e-11	0	0	0	0	0	1.15982e-07
rs10028093	4	114705878	0.3512	-0.011	0.0118	0.222	0.222	56306	1417791	0.0381969436203995	A	G	FALSE	0	1.66667236577517e-11	0	0	0	0	0	3.55601e-06
rs10028798	4	114076529	0.5758	-0.0063	0.0113	0.2834	0.2834	49053	1411006	0.0335965875351613	A	G	FALSE	0	1.20876928073271e-11	0	0	0	0	0	6.76824e-08
rs10028827	4	113736656	0.05848	-0.0203	0.0107	0.7087	0.2913	56306	1417791	0.0381969436203995	T	G	FALSE	0	5.89926476919446e-11	0	0	0	0	0	2.74725e-07
rs10028856	4	114751991	0.2065	-0.0125	0.0099	0.617	0.383	56306	1417791	0.0381969436203995	T	C	FALSE	0	2.00962468705794e-11	0	0	0	0	0	0.0245954
rs10028927	4	115119878	0.8566	0.002	0.0109	0.7254	0.2746	56306	1417791	0.0381969436203995	A	G	FALSE	0	1.01565759146862e-11	0	0	0	0	0	2.6665e-07
rs10028936	4	114076854	0.3143	0.0135	0.0134	0.6335	0.3665	35345	1315724	0.0261607660304544	T	C	FALSE	0	2.03340246394816e-11	0	0	0	0	0	1.09888e-06
rs10028968	4	114752126	0.6685	0.0044	0.0103	0.6175	0.3825	49053	1411006	0.0335965875351613	A	T	FALSE	0	1.03385456414438e-11	0	0	0	0	0	1.54559e-06
rs10029109	4	114076860	0.3118	0.0135	0.0134	0.6336	0.3664	35345	1315724	0.0261607660304544	T	G	FALSE	0	2.03340246394816e-11	0	0	0	0	0	1.09905e-06
rs10029218	4	114401929	0.9242	0.0015	0.0153	0.1143	0.1143	56306	1417791	0.0381969436203995	A	G	FALSE	0	1.40661453400667e-11	0	0	1	0.133832078918835	0	3.7415e-07
rs10029516	4	114011088	0.2327	0.012	0.0101	0.5152	0.4848	56306	1417791	0.0381969436203995	T	G	FALSE	0	1.87152259042588e-11	0	0	0	0	0	1.63177e-06
rs10029688	4	115055700	0.5294	-0.0063	0.0101	0.57	0.43	49053	1411006	0.0335965875351613	A	G	FALSE	0	1.12387155803587e-11	0	0	0	0	0	8.16816e-08
rs10029917	4	113946683	0.7016	-0.0048	0.0126	0.3118	0.3118	49053	1411006	0.0335965875351613	T	C	FALSE	0	1.24043782417383e-11	0	0	0	0	0	7.18204e-07
rs10030010	4	114749206	0.6407	-0.0048	0.0103	0.3827	0.3827	49053	1411006	0.0335965875351613	A	C	FALSE	0	1.05189363203463e-11	0	0	0	0	0	2.484e-05
rs10030027	4	115326771	0.3147	0.0218	0.0217	0.0492	0.0492	56306	1417791	0.0381969436203995	A	G	FALSE	0	3.25984845347706e-11	0	0	0	0	0	1.92652e-07
rs10030055	4	115326866	0.3154	0.0218	0.0217	0.0484	0.0484	56306	1417791	0.0381969436203995	A	G	FALSE	0	3.25984845347706e-11	0	0	0	0	0	1.92603e-07
rs10030701	4	114233267	0.5471	0.0107	0.0178	0.9103	0.0897	56306	1417791	0.0381969436203995	T	G	FALSE	0	1.94639926249425e-11	0	0	0	0	0	2.15062e-07
rs10030744	4	115189588	0.586	0.0053	0.0098	0.4434	0.4434	56306	1417791	0.0381969436203995	A	T	FALSE	0	1.03929942130285e-11	0	0	0	0	0	6.37416e-08
rs10030826	4	113876522	0.6843	0.0049	0.012	0.4603	0.4603	30435	974587	0.0302829191798786	A	G	FALSE	0	1.19440905906964e-11	0	0	0	0	0	7.14556e-08
rs10031040	4	114714244	0.3879	0.01	0.0116	0.7735	0.2265	56306	1417791	0.0381969436203995	A	C	FALSE	0	1.53900210885839e-11	0	0	0	0	0	1.22894e-07
rs10031387	4	114377928	0.007805	0.0828	0.0311	0.967	0.033	49053	1411006	0.0335965875351613	T	C	FALSE	0	8.97646801049027e-10	0	0	0	0	0	2.64794e-07
rs10031394	4	114531401	0.01366	-0.0304	0.0123	0.2105	0.2105	49053	1411006	0.0335965875351613	A	G	FALSE	0	2.36164271497275e-10	0	0	0	0	0	1.88266e-06
rs10031435	4	113658372	0.03426	-0.0207	0.0098	0.4901	0.4901	56306	1417791	0.0381969436203995	A	G	FALSE	0	8.31533953607441e-11	0	0	0	0	0	2.95324e-07
rs10031463	4	114260169	0.3468	-0.032	0.0341	0.9795	0.0205	56306	1417791	0.0381969436203995	A	G	FALSE	0	4.73185102509064e-11	0	0	0	0	0	4.87633e-05
rs10031464	4	114077165	0.3091	0.0136	0.0134	0.6336	0.3664	35345	1315724	0.0261607660304544	T	C	FALSE	0	2.0487359251543e-11	0	0	0	0	0	1.13547e-06
rs10031600	4	114077074	0.3063	0.0137	0.0134	0.6334	0.3666	35345	1315724	0.0261607660304544	A	G	FALSE	0	2.06429946015921e-11	0	0	0	0	0	1.17985e-06
rs10031639	4	114077320	0.4348	0.0082	0.0104	0.6333	0.3667	49053	1411006	0.0335965875351613	T	C	FALSE	0	1.29943019758723e-11	0	0	0	0	0	6.7082e-07
rs10031880	4	113510585	0.4994	0.0095	0.0141	0.1349	0.1349	56306	1417791	0.0381969436203995	C	G	FALSE	0	1.61772598329024e-11	0	0	0	0	0	9.00833e-08
rs10031906	4	113832592	0.411	-0.0237	0.0288	0.1085	0.1085	16727	879305	0.0186678600764258	T	C	FALSE	0	3.64480734516853e-11	0	0	0	0	0	1.41685e-07
rs10032927	4	114065576	0.1409	-0.02	0.0136	0.6407	0.3593	35345	1315724	0.0261607660304544	A	T	FALSE	0	3.65309106677452e-11	0	0	0	0	0	3.62272e-06
rs10033037	4	114527882	0.008466	0.0369	0.014	0.8474	0.1526	49053	1411006	0.0335965875351613	T	C	FALSE	0	4.06355679169281e-10	0	0	0	0	0	0.000200189
rs10033121	4	113382635	0.7403	0.0046	0.0139	0.1397	0.1397	56306	1417791	0.0381969436203995	A	C	FALSE	0	1.34372825954878e-11	5	0.999999999999955	0	0	0	6.37252e-08
rs10033497	4	115108974	0.3848	0.0086	0.0099	0.4299	0.4299	56306	1417791	0.0381969436203995	A	G	FALSE	0	1.32203205822725e-11	0	0	0	0	0	7.38384e-08
rs10033516	4	114683706	0.5054	0.0078	0.0118	0.5846	0.4154	49053	1411006	0.0335965875351613	T	G	FALSE	0	1.34386334367976e-11	0	0	0	0	0	7.17458e-08
rs10034059	4	114863152	0.04367	0.0213	0.0106	0.2648	0.2648	56306	1417791	0.0381969436203995	T	C	FALSE	0	7.27309059645822e-11	0	0	0	0	0	6.3079e-08
rs10034436	4	114077873	0.005934	0.0721	0.0262	0.0376	0.0376	56306	1417791	0.0381969436203995	T	G	FALSE	0	9.86265469814539e-10	0	0	0	0	0	6.6688e-06
rs10034556	4	113449650	0.3393	-0.0091	0.0095	0.4452	0.4452	56306	1417791	0.0381969436203995	T	C	FALSE	0	1.37628243399199e-11	0	0	0	0	0	7.16277e-08
rs10034750	4	115245137	0.4794	0.0076	0.0108	0.6284	0.3716	49053	1411006	0.0335965875351613	T	G	FALSE	0	1.26673467697988e-11	0	0	0	0	0	1.00368e-06
rs10034790	4	114833617	0.5274	0.0073	0.0115	0.766	0.234	56306	1417791	0.0381969436203995	A	G	FALSE	0	1.28785732640652e-11	0	0	0	0	0	6.31092e-08
rs10034971	4	114319085	0.01387	0.0254	0.0103	0.5635	0.4365	49053	1411006	0.0335965875351613	A	G	FALSE	0	1.95871728308237e-10	0	0	0	0	0	0.0117397
rs10049545	4	114019601	0.9173	-0.0011	0.0102	0.4075	0.4075	49580	1411478	0.0339343133537478	A	G	FALSE	0	9.40222769184661e-12	0	0	0	0	0	7.41408e-08
rs10049636	4	115201916	0.1083	-0.0202	0.0126	0.1982	0.1982	49053	1411006	0.0335965875351613	T	C	FALSE	0	4.15035126348815e-11	0	0	0	0	0	7.03864e-07
rs10050316	4	115199845	0.5823	-0.0066	0.0119	0.6326	0.3674	42598	1322509	0.0312048799105125	T	C	FALSE	0	1.27061899856024e-11	0	0	0	0	0	1.108e-07
rs1011263	4	114190858	0.9443	-8e-04	0.0111	0.2577	0.2577	56306	1417791	0.0381969436203995	T	C	FALSE	0	1.01965999089677e-11	0	0	0	0	0	7.61436e-08
rs1011815	4	114357286	0.1291	-0.0481	0.0317	0.9709	0.0291	49053	1411006	0.0335965875351613	A	G	FALSE	0	8.83170215766033e-11	0	0	0	0	0	6.1118e-08
rs1011972	4	114593318	0.6082	-0.007	0.0136	0.1608	0.1608	49053	1411006	0.0335965875351613	A	T	FALSE	0	1.42061116394668e-11	0	0	0	0	0	4.15536e-07
rs1011973	4	114593466	0.5649	0.0058	0.01	0.5425	0.4575	49580	1411478	0.0339343133537478	A	G	FALSE	0	1.08392624842445e-11	0	0	0	0	0	9.35469e-06
rs1011984	4	114604593	0.1025	0.0213	0.0131	0.8201	0.1799	49053	1411006	0.0335965875351613	A	G	FALSE	0	4.47345475384953e-11	0	0	0	0	0	9.35837e-08
rs1013484	4	113938795	0.1942	0.0212	0.0163	0.897	0.103	56306	1417791	0.0381969436203995	A	G	FALSE	0	3.45403955254876e-11	0	0	0	0	0	9.37921e-08
rs1014028	4	114588365	0.7704	0.0063	0.0216	0.9426	0.0574	49580	1411478	0.0339343133537478	A	G	FALSE	0	2.05527990339244e-11	0	0	0	0	0	6.50721e-08
rs1014029	4	114588187	0.7667	0.0065	0.0218	0.9433	0.0567	49580	1411478	0.0339343133537478	A	G	FALSE	0	2.07800114893354e-11	0	0	0	0	0	6.57233e-08
rs10155204	4	113958014	0.01381	-0.0365	0.0148	0.8672	0.1328	49053	1411006	0.0335965875351613	T	C	FALSE	0	2.78802372699199e-10	0	0	0	0	0	6.87893e-06
rs10155397	4	113951572	0.1207	0.0168	0.0108	0.3129	0.3129	49053	1411006	0.0335965875351613	A	G	FALSE	0	3.30660412747524e-11	0	0	0	0	0	6.29573e-08
rs1016311	4	114587588	0.7693	-0.0064	0.0218	0.0566	0.0566	49580	1411478	0.0339343133537478	A	T	FALSE	0	2.07521584977314e-11	0	0	0	0	0	6.31406e-08
rs1018934	4	114554859	0.7873	0.0027	0.0101	0.5361	0.4639	50092	1411760	0.0342661226991515	A	G	FALSE	0	9.59229887001313e-12	0	0	0	0	0	0.000165675
rs1020447	4	113674090	0.04595	0.0212	0.0106	0.3032	0.3032	56306	1417791	0.0381969436203995	T	G	FALSE	0	7.13720947039372e-11	0	0	0	0	0	5.312e-07
rs10212670	4	114285146	0.0457	0.0259	0.013	0.1609	0.1609	55137	1416823	0.0374582189733417	A	G	FALSE	0	8.59008897378857e-11	0	0	0	0	0	8.43118e-08
rs10212679	4	115216558	0.4319	-0.0099	0.0126	0.3829	0.3829	42598	1322509	0.0312048799105125	T	C	FALSE	0	1.56931950981922e-11	0	0	0	0	0	1.40442e-07
rs10212727	4	115116848	0.4719	0.008	0.0111	0.7034	0.2966	49053	1411006	0.0335965875351613	A	G	FALSE	0	1.31758649269848e-11	0	0	0	0	0	5.46644e-07
rs10212850	4	113917686	0.6928	-0.0073	0.0184	0.9024	0.0976	30435	974587	0.0302829191798786	T	C	FALSE	0	1.81784106921256e-11	0	0	0	0	0	6.30108e-08
rs10212851	4	113917743	0.7774	0.0033	0.0118	0.7094	0.2906	30435	974587	0.0302829191798786	T	C	FALSE	0	1.12389935526005e-11	0	0	0	0	0	6.07267e-08
rs10213287	4	113920137	0.2958	-0.0137	0.0131	0.8392	0.1608	56306	1417791	0.0381969436203995	A	T	FALSE	0	2.06774505981334e-11	0	0	0	0	0	9.87431e-08
rs10213347	4	115086762	0.548	-0.0067	0.0111	0.2826	0.2826	49053	1411006	0.0335965875351613	T	C	FALSE	0	1.21955893702992e-11	0	0	0	0	0	7.02904e-08
rs10213514	4	114967076	0.424	0.012	0.015	0.132	0.132	49053	1411006	0.0335965875351613	T	C	FALSE	0	1.88688687089121e-11	0	0	0	0	0	1.52126e-07
rs10213517	4	114967159	0.4605	0.0108	0.0146	0.136	0.136	49053	1411006	0.0335965875351613	A	G	FALSE	0	1.75414891771979e-11	0	0	0	0	0	1.37116e-07
rs1026089	4	113756067	0.07452	0.0192	0.0107	0.2983	0.2983	56306	1417791	0.0381969436203995	A	G	FALSE	0	4.88229179094487e-11	0	0	0	0	0	3.91858e-07
rs1026975	4	113971374	0.9853	2e-04	0.0129	0.8154	0.1846	49053	1411006	0.0335965875351613	T	G	FALSE	0	1.18145159907972e-11	0	0	0	0	0	6.07364e-08
rs1029469	4	114604272	0.06535	0.0277	0.015	0.87	0.13	49053	1411006	0.0335965875351613	T	C	FALSE	0	7.48027575228872e-11	0	0	0	0	0	1.27117e-07
rs1029470	4	114604408	0.04671	-0.0286	0.0144	0.1443	0.1443	49053	1411006	0.0335965875351613	A	C	FALSE	0	9.37702424373081e-11	0	0	0	0	0	1.64902e-06
rs1029471	4	114604510	0.1081	0.0209	0.013	0.8197	0.1803	49053	1411006	0.0335965875351613	T	C	FALSE	0	4.31119054856421e-11	0	0	0	0	0	9.14124e-08
rs1032912	4	114029002	0.6331	-0.0059	0.0124	0.2073	0.2073	49053	1411006	0.0335965875351613	A	G	FALSE	0	1.27126599555232e-11	0	0	0	0	0	8.7894e-08
rs1032913	4	113939100	0.1414	0.0175	0.0119	0.2091	0.2091	56306	1417791	0.0381969436203995	A	G	FALSE	0	3.20189980388862e-11	0	0	0	0	0	1.033e-07
rs1037183	4	113774777	0.8973	0.0025	0.0194	0.1281	0.1281	35345	1315724	0.0261607660304544	T	C	FALSE	0	1.78655475397336e-11	0	0	0	0	0	6.95542e-08
rs1037184	4	113774786	0.6315	0.0055	0.0114	0.2671	0.2671	49053	1411006	0.0335965875351613	A	G	FALSE	0	1.17288815383405e-11	0	0	0	0	0	1.05724e-07
rs1038560	4	113425609	0.2716	0.0159	0.0144	0.1185	0.1185	56306	1417791	0.0381969436203995	T	C	FALSE	0	2.41708858311786e-11	2	1	0	0	0	8.92375e-08
rs10433899	4	113724108	0.6474	-0.0067	0.0146	0.8635	0.1365	49053	1411006	0.0335965875351613	A	G	FALSE	0	1.48375361911571e-11	0	0	0	0	0	6.04635e-08
rs10433900	4	113961811	0.04358	-0.0204	0.0101	0.5991	0.4009	56306	1417791	0.0381969436203995	T	C	FALSE	0	7.08050927745507e-11	0	0	0	0	0	5.16841e-07
rs10434017	4	113401656	0.8491	0.0033	0.0173	0.0844	0.0844	56306	1417791	0.0381969436203995	T	C	FALSE	0	1.61044398590808e-11	4	1	0	0	0	6.19413e-08
rs10434020	4	113724018	0.02695	0.0216	0.0098	0.491	0.491	56306	1417791	0.0381969436203995	T	C	FALSE	0	1.0133288324129e-10	0	0	0	0	0	1.4495e-06
rs10434021	4	114757343	0.2908	-0.0134	0.0127	0.182	0.182	56306	1417791	0.0381969436203995	T	G	FALSE	0	2.02478639757156e-11	0	0	0	0	0	0.265154
rs10440336	4	114966012	0.4691	0.0107	0.0147	0.1346	0.1346	49053	1411006	0.0335965875351613	A	G	FALSE	0	1.75087494916374e-11	0	0	0	0	0	1.47045e-07
rs10446684	4	114428518	5.797e-05	0.0386	0.0096	0.5339	0.4661	56306	1417791	0.0381969436203995	T	C	FALSE	0	2.79910148274528e-08	0	0	0	0	0	4.24729e-06
rs10446724	4	114780751	0.547	0.0098	0.0162	0.8919	0.1081	49053	1411006	0.0335965875351613	T	C	FALSE	0	1.77712448666064e-11	0	0	0	0	0	4.82911e-07
rs10461147	4	113591293	0.07429	0.0175	0.0098	0.5729	0.4271	56306	1417791	0.0381969436203995	T	C	FALSE	0	4.40713485978766e-11	0	0	0	0	0	5.11263e-07
rs10461148	4	113768434	0.7595	0.0059	0.0191	0.1314	0.1314	35345	1315724	0.0261607660304544	A	G	FALSE	0	1.82923915150972e-11	0	0	0	0	0	7.74513e-08
rs10461149	4	113768661	0.6078	0.0077	0.0149	0.1313	0.1313	49053	1411006	0.0335965875351613	T	C	FALSE	0	1.55715339946842e-11	0	0	0	0	0	9.2459e-08
rs10461150	4	114500553	0.4736	0.0084	0.0117	0.7612	0.2388	50092	1411760	0.0342661226991515	A	G	FALSE	0	1.38569177252744e-11	0	0	0	0	0	6.23218e-07
rs10461151	4	114703773	0.005714	-0.0277	0.01	0.5191	0.4809	49053	1411006	0.0335965875351613	A	G	FALSE	0	4.20850305503351e-10	0	0	0	0	0	0.110736
rs10461187	4	113406055	0.2105	0.0118	0.0094	0.4991	0.4991	56306	1417791	0.0381969436203995	A	G	FALSE	0	1.89128310300138e-11	0	0	0	0	0	1.56434e-07
rs10461188	4	113406098	0.5164	-0.0063	0.0097	0.6183	0.3817	56306	1417791	0.0381969436203995	A	T	FALSE	0	1.09729046214165e-11	0	0	0	0	0	6.44656e-08
rs10461189	4	113589928	0.08547	0.0169	0.0098	0.5728	0.4272	56306	1417791	0.0381969436203995	A	G	FALSE	0	3.95914044236472e-11	0	0	0	0	0	4.6257e-07
rs10461190	4	113742219	0.00786	-0.0277	0.0104	0.3654	0.3654	49580	1411478	0.0339343133537478	T	C	FALSE	0	3.27655191274892e-10	0	0	0	0	0	5.4866e-07
rs10461191	4	113742361	0.02325	-0.0222	0.0098	0.509	0.491	56306	1417791	0.0381969436203995	C	G	FALSE	0	1.16152182613329e-10	0	0	0	0	0	3.98357e-07
rs10461192	4	114029998	0.04544	0.0258	0.0129	0.4654	0.4654	35345	1315724	0.0261607660304544	A	G	FALSE	0	8.65673937376787e-11	0	0	0	0	0	3.73695e-07
rs10461193	4	114500300	0.3269	0.0118	0.012	0.7654	0.2346	48923	1410792	0.0335154465083938	A	C	FALSE	0	1.77947879610603e-11	0	0	0	0	0	3.51183e-07
rs10461195	4	114702345	0.477	0.0089	0.0125	0.5466	0.4534	42598	1322509	0.0312048799105125	T	C	FALSE	0	1.47364321819599e-11	0	0	0	0	0	1.3465e-06
rs10461196	4	114704040	0.03436	0.0211	0.01	0.549	0.451	56306	1417791	0.0381969436203995	T	C	FALSE	0	8.4427498629062e-11	0	0	0	0	0	1.07968e-07
rs10461197	4	114704051	0.03599	-0.021	0.01	0.4508	0.4508	56306	1417791	0.0381969436203995	T	G	FALSE	0	8.26732139560985e-11	0	0	0	0	0	0.156014
rs10470998	4	113710237	0.2979	0.013	0.0125	0.2019	0.2019	49053	1411006	0.0335965875351613	A	G	FALSE	0	1.96196732408907e-11	0	0	0	0	0	1.30349e-07
rs1047187	4	114543420	0.01779	-0.0293	0.0124	0.2093	0.2093	49053	1411006	0.0335965875351613	A	G	FALSE	0	1.83240904960485e-10	0	0	0	0	0	1.49014e-06
rs10488891	4	114425474	0.877	0.0057	0.0369	0.9776	0.0224	49053	1411006	0.0335965875351613	T	C	FALSE	0	3.36855994280183e-11	0	0	0	0	0	3.50782e-07
rs10488892	4	114426912	0.5898	-0.0122	0.0226	0.947	0.053	49053	1411006	0.0335965875351613	A	G	FALSE	0	2.37963207340837e-11	0	0	0	0	0	4.79519e-07
rs10488894	4	114504318	0.7436	0.0038	0.0115	0.7252	0.2748	50092	1411760	0.0342661226991515	C	G	FALSE	0	1.11247022142769e-11	0	0	0	0	0	5.38957e-07
rs10488895	4	114504969	0.2571	-0.0366	0.0323	0.0266	0.0266	49053	1411006	0.0335965875351613	T	C	FALSE	0	5.47031059552842e-11	0	0	0	0	0	6.07504e-08
rs10488896	4	114505296	0.1331	0.0272	0.0181	0.9163	0.0837	49053	1411006	0.0335965875351613	T	C	FALSE	0	5.06969544114205e-11	0	0	0	0	0	7.40502e-08
rs10488901	4	114149272	0.9688	-6e-04	0.0144	0.1852	0.1852	56306	1417791	0.0381969436203995	C	G	FALSE	0	1.31913885793183e-11	0	0	0	0	0	6.05394e-08
rs10488904	4	114109992	0.9209	0.0012	0.0125	0.7941	0.2059	49053	1411006	0.0335965875351613	A	T	FALSE	0	1.15009213529092e-11	0	0	0	0	0	1.35309e-07
rs10488905	4	114109183	0.7991	0.0035	0.0139	0.845	0.155	50455	1411925	0.0345019762305283	C	G	FALSE	0	1.31324485186642e-11	0	0	0	0	0	6.09506e-08
rs10488906	4	114100922	0.06366	-0.0187	0.0101	0.5767	0.4233	49053	1411006	0.0335965875351613	T	G	FALSE	0	5.11600165081433e-11	0	0	0	0	0	1.37449e-07
rs10488958	4	114534723	0.5083	0.008	0.012	0.7687	0.2313	49580	1411478	0.0339343133537478	A	G	FALSE	0	1.37164073025107e-11	0	0	0	0	0	4.80696e-05
rs10488959	4	114561733	0.7943	0.0056	0.0216	0.9423	0.0577	49580	1411478	0.0339343133537478	T	C	FALSE	0	2.03722365752459e-11	0	0	0	0	0	6.35851e-08
rs10488960	4	114570910	0.7041	-0.007	0.0185	0.0856	0.0856	50092	1411760	0.0342661226991515	A	G	FALSE	0	1.81477458285433e-11	0	0	0	0	0	6.76655e-08
rs10488961	4	114665832	0.6266	0.005	0.0104	0.3801	0.3801	49053	1411006	0.0335965875351613	T	C	FALSE	0	1.0694945597261e-11	0	0	0	0	0	2.66244e-05
rs10488962	4	114666131	0.9749	-0.002	0.0621	0.9878	0.0122	29266	973619	0.0291818104767745	A	G	FALSE	0	5.44485403143241e-11	0	0	0	0	0	7.84669e-08
rs10488963	4	114666848	0.9841	0.0012	0.0621	0.0122	0.0122	29266	973619	0.0291818104767745	C	G	FALSE	0	5.44320596699269e-11	0	0	0	0	0	8.16916e-08
rs10516588	4	113490213	0.282	0.0167	0.0156	0.0984	0.0984	56306	1417791	0.0381969436203995	A	G	FALSE	0	2.52248518249703e-11	0	0	0	0	0	8.82207e-08
rs10516589	4	113744240	0.2031	-0.026	0.0204	0.9365	0.0635	49053	1411006	0.0335965875351613	A	G	FALSE	0	4.16059073082031e-11	0	0	0	0	0	1.69542e-07
rs10516590	4	113762103	0.07086	0.0243	0.0134	0.3007	0.3007	42598	1322509	0.0312048799105125	T	C	FALSE	0	6.30541682962871e-11	0	0	0	0	0	3.95684e-07
rs10516592	4	114075216	0.2828	-0.0199	0.0185	0.915	0.085	49053	1411006	0.0335965875351613	A	G	FALSE	0	3.00000638854327e-11	0	0	0	0	0	2.3669e-07
rs10516593	4	114078812	0.4398	-0.008	0.0104	0.3665	0.3665	49053	1411006	0.0335965875351613	A	C	FALSE	0	1.28016431266949e-11	0	0	0	0	0	7.3749e-08
rs10516594	4	114237567	0.8775	0.0037	0.0242	0.9537	0.0463	56306	1417791	0.0381969436203995	A	G	FALSE	0	2.23016880563843e-11	0	0	0	0	0	6.41005e-08
rs10516595	4	114280861	0.0202	0.053	0.0228	0.0443	0.0443	56306	1417791	0.0381969436203995	A	G	FALSE	0	2.99313937403529e-10	0	0	0	0	0	7.0301e-08
rs10516599	4	115012201	0.606	-0.0067	0.0131	0.1798	0.1798	35345	1315724	0.0261607660304544	T	G	FALSE	0	1.36639566962631e-11	0	0	0	0	0	1.78473e-07
rs10516600	4	115151421	0.6057	-0.0058	0.0113	0.2772	0.2772	49053	1411006	0.0335965875351613	C	G	FALSE	0	1.18055883553804e-11	0	0	0	0	0	7.35402e-08
rs10516601	4	115255278	0.4476	-0.0079	0.0105	0.3559	0.3559	49053	1411006	0.0335965875351613	A	G	FALSE	0	1.27600264606913e-11	0	0	0	0	0	1.96284e-07
rs1074565	4	113750126	0.006795	0.0283	0.0104	0.6348	0.3652	49580	1411478	0.0339343133537478	A	G	FALSE	0	3.82553451401096e-10	0	0	0	0	0	1.28973e-05
rs1074951	4	114174843	0.6454	-0.0116	0.0253	0.958	0.042	49053	1411006	0.0335965875351613	T	G	FALSE	0	2.55434029123053e-11	0	0	0	0	0	3.87013e-07
rs1076214	4	114443585	0.756	-0.007	0.0226	0.947	0.053	49053	1411006	0.0335965875351613	C	G	FALSE	0	2.16071987978278e-11	0	0	0	0	0	7.76638e-07
rs1079908	4	114518363	0.6789	-0.0133	0.0321	0.9711	0.0289	49580	1411478	0.0339343133537478	T	C	FALSE	0	3.16227226002263e-11	0	0	0	0	0	8.63162e-08
rs1080289	4	114504862	0.5126	0.0073	0.0112	0.7274	0.2726	50092	1411760	0.0342661226991515	A	G	FALSE	0	1.26816270062418e-11	0	0	0	0	0	2.65459e-07
rs1080290	4	114504712	0.292	0.0115	0.0109	0.7006	0.2994	49580	1411478	0.0339343133537478	A	G	FALSE	0	1.73961738322053e-11	0	0	0	0	0	2.54979e-07
rs1081010	4	114732529	0.6782	0.0048	0.0115	0.7673	0.2327	56306	1417791	0.0381969436203995	A	G	FALSE	0	1.14911260811726e-11	0	0	0	0	0	8.08773e-07
rs10857018	4	113590250	0.06508	-0.0199	0.0108	0.2961	0.2961	56306	1417791	0.0381969436203995	A	G	FALSE	0	5.37737812043012e-11	0	0	0	0	0	1.52614e-07
rs10857019	4	113692279	0.359	-0.0094	0.0103	0.6517	0.3483	56306	1417791	0.0381969436203995	T	G	FALSE	0	1.42993570643642e-11	0	0	0	0	0	7.42531e-08
rs10857020	4	113727688	0.02152	-0.0225	0.0098	0.5082	0.4918	56306	1417791	0.0381969436203995	A	T	FALSE	0	1.24530253630699e-10	0	0	0	0	0	4.32261e-07
rs10857021	4	114136995	0.3567	-0.0091	0.0099	0.5615	0.4385	56306	1417791	0.0381969436203995	A	T	FALSE	0	1.38293505291621e-11	0	0	0	0	0	1.6827e-07
rs10857023	4	115091500	0.4904	0.0069	0.0101	0.4307	0.4307	50455	1411925	0.0345019762305283	C	G	FALSE	0	1.16824245958098e-11	0	0	0	0	0	7.02115e-08
rs10857025	4	115327659	0.3181	0.0217	0.0217	0.0484	0.0484	56306	1417791	0.0381969436203995	T	C	FALSE	0	3.24500060580398e-11	0	0	0	0	0	1.91287e-07
rs10857026	4	115327769	0.3198	-0.0216	0.0217	0.9514	0.0486	56306	1417791	0.0381969436203995	T	G	FALSE	0	3.23028818735336e-11	0	0	0	0	0	6.76243e-08
rs11098163	4	113457518	0.8895	-0.0018	0.0131	0.8422	0.1578	56306	1417791	0.0381969436203995	A	G	FALSE	0	1.21087596856976e-11	0	0	0	0	0	6.07443e-08
rs11098167	4	113527565	0.2681	0.0204	0.0184	0.0718	0.0718	56306	1417791	0.0381969436203995	A	C	FALSE	0	3.09272884161052e-11	0	0	0	0	0	1.73632e-07
rs11098168	4	113589201	0.06873	-0.0196	0.0108	0.2972	0.2972	56306	1417791	0.0381969436203995	A	G	FALSE	0	5.1117984343432e-11	0	0	0	0	0	1.46317e-07
rs11098169	4	113590293	0.06974	-0.0195	0.0108	0.2961	0.2961	56306	1417791	0.0381969436203995	A	G	FALSE	0	5.02707872667299e-11	0	0	0	0	0	1.45331e-07
rs11098170	4	113672276	0.2153	0.0255	0.0205	0.0635	0.0635	49053	1411006	0.0335965875351613	T	G	FALSE	0	4.02399362889451e-11	0	0	0	0	0	1.15979e-07
rs11098171	4	113710173	0.2997	-0.0129	0.0125	0.7981	0.2019	49053	1411006	0.0335965875351613	T	C	FALSE	0	1.94583648814654e-11	0	0	0	0	0	8.51129e-08
rs11098172	4	113717867	0.229	-0.0152	0.0126	0.8032	0.1968	49053	1411006	0.0335965875351613	A	C	FALSE	0	2.38202633204257e-11	0	0	0	0	0	9.81398e-08
rs11098173	4	113718137	0.2355	-0.015	0.0126	0.8037	0.1963	49053	1411006	0.0335965875351613	A	G	FALSE	0	2.3373184324503e-11	0	0	0	0	0	9.6623e-08
rs11098174	4	113718140	0.2353	0.015	0.0126	0.1963	0.1963	49053	1411006	0.0335965875351613	A	C	FALSE	0	2.3373184324503e-11	0	0	0	0	0	1.63035e-07
rs11098175	4	113742784	0.006801	0.0283	0.0105	0.635	0.365	49580	1411478	0.0339343133537478	A	G	FALSE	0	3.60044404941869e-10	0	0	0	0	0	1.22596e-05
rs11098176	4	113769107	0.009803	-0.0273	0.0106	0.3658	0.3658	49053	1411006	0.0335965875351613	A	G	FALSE	0	2.65269537126313e-10	0	0	0	0	0	4.436e-07
rs11098177	4	113769173	0.009082	0.0276	0.0106	0.6347	0.3653	49053	1411006	0.0335965875351613	C	G	FALSE	0	2.85383057382495e-10	0	0	0	0	0	9.5786e-06
rs11098178	4	113772458	0.01135	0.0266	0.0105	0.6168	0.3832	49053	1411006	0.0335965875351613	A	G	FALSE	0	2.36069318206053e-10	0	0	0	0	0	3.16443e-06
rs11098179	4	113775065	0.7226	-0.0053	0.015	0.8679	0.1321	49053	1411006	0.0335965875351613	A	C	FALSE	0	1.46051820202967e-11	0	0	0	0	0	6.02798e-08
rs11098180	4	113775148	0.7171	-0.0055	0.0152	0.8699	0.1301	49053	1411006	0.0335965875351613	A	G	FALSE	0	1.48435049603002e-11	0	0	0	0	0	6.03321e-08
rs11098181	4	113789847	0.01082	0.0252	0.0099	0.4884	0.4884	56306	1417791	0.0381969436203995	C	G	FALSE	0	2.297793981829e-10	0	0	0	0	0	8.35798e-06
rs11098182	4	113894682	0.2203	-0.0151	0.0123	0.7248	0.2752	49053	1411006	0.0335965875351613	A	G	FALSE	0	2.38666683087699e-11	0	0	0	0	0	1.37949e-07
rs11098183	4	113931190	0.1832	0.0217	0.0163	0.8978	0.1022	56306	1417791	0.0381969436203995	A	G	FALSE	0	3.595361950465e-11	0	0	0	0	0	9.68378e-08
rs11098184	4	113937738	0.2117	0.0203	0.0162	0.8968	0.1032	56306	1417791	0.0381969436203995	A	G	FALSE	0	3.23234977953961e-11	0	0	0	0	0	8.99752e-08
rs11098185	4	113968208	0.764	0.0035	0.0116	0.2769	0.2769	49053	1411006	0.0335965875351613	T	C	FALSE	0	1.11200500828198e-11	0	0	0	0	0	6.12756e-08
rs11098186	4	114006684	0.9713	-4e-04	0.0101	0.5443	0.4557	49053	1411006	0.0335965875351613	T	C	FALSE	0	9.26368501817517e-12	0	0	0	0	0	6.45345e-08
rs11098187	4	114007034	0.9319	-9e-04	0.0101	0.5439	0.4561	49053	1411006	0.0335965875351613	A	C	FALSE	0	9.29317051768101e-12	0	0	0	0	0	6.36963e-08
rs11098190	4	114200861	0.5639	-0.0055	0.0096	0.4452	0.4452	56306	1417791	0.0381969436203995	T	C	FALSE	0	1.03647401629646e-11	0	0	0	0	0	8.10577e-08
rs11098192	4	114318689	0.132	0.0154	0.0102	0.4935	0.4935	49580	1411478	0.0339343133537478	A	G	FALSE	0	2.91351047459452e-11	0	0	0	0	0	1.87958e-06
rs11098193	4	114429407	1.915e-06	0.0518	0.0109	0.2578	0.2578	56306	1417791	0.0381969436203995	T	C	FALSE	0	7.74554709980118e-07	0	0	4	1	0	1
rs11098195	4	114464138	0.2426	0.0124	0.0106	0.7017	0.2983	56306	1417791	0.0381969436203995	T	C	FALSE	0	1.921751057604e-11	0	0	0	0	0	7.73659e-08
rs11098198	4	114590689	0.7112	0.004	0.0109	0.3132	0.3132	49053	1411006	0.0335965875351613	T	C	FALSE	0	1.06810656967157e-11	0	0	0	0	0	2.53105e-07
rs11098199	4	114590889	0.795	-0.0027	0.0105	0.6369	0.3631	49053	1411006	0.0335965875351613	A	T	FALSE	0	9.94457457424243e-12	0	0	0	0	0	8.90074e-08
rs11098200	4	114635782	0.0005608	0.0501	0.0145	0.1348	0.1348	50092	1411760	0.0342661226991515	A	G	FALSE	0	5.03154461131457e-09	0	0	0	0	0	3.35971e-05
rs11098203	4	114668025	0.02094	-0.0235	0.0102	0.4425	0.4425	49053	1411006	0.0335965875351613	A	T	FALSE	0	1.31932277932852e-10	0	0	0	0	0	0.999998
rs11098209	4	114838365	0.5512	-0.0069	0.0115	0.2354	0.2354	56306	1417791	0.0381969436203995	T	C	FALSE	0	1.26058529884846e-11	0	0	0	0	0	1.04836e-07
rs11098210	4	114838387	0.5572	-0.0068	0.0115	0.2345	0.2345	56306	1417791	0.0381969436203995	C	G	FALSE	0	1.2540942770529e-11	0	0	0	0	0	1.03882e-07
rs11098211	4	114838425	0.559	0.0067	0.0115	0.7655	0.2345	56306	1417791	0.0381969436203995	C	G	FALSE	0	1.24773071082842e-11	0	0	0	0	0	6.23903e-08
rs11098212	4	114846331	0.1294	-0.0782	0.0515	0.9884	0.0116000000000001	30435	974587	0.0302829191798786	A	T	FALSE	0	1.34921364955874e-10	0	0	0	0	0	2.54231e-07
rs11098213	4	114867878	0.488	0.0079	0.0113	0.3892	0.3892	30435	974587	0.0302829191798786	T	G	FALSE	0	1.32086270243704e-11	0	0	0	0	0	7.47271e-08
rs11098214	4	114867908	0.441	0.0086	0.0112	0.3919	0.3919	30435	974587	0.0302829191798786	A	G	FALSE	0	1.37671686394566e-11	0	0	0	0	0	7.86908e-08
rs11098219	4	114891757	0.7252	0.0039	0.0111	0.3207	0.3207	49053	1411006	0.0335965875351613	T	C	FALSE	0	1.08157072331251e-11	0	0	0	0	0	6.13234e-08
rs11098220	4	114939377	0.6007	0.0078	0.0149	0.1335	0.1335	49053	1411006	0.0335965875351613	A	G	FALSE	0	1.56256855387576e-11	0	0	0	0	0	6.21612e-08
rs11098221	4	114939441	0.5702	-0.0084	0.0149	0.8667	0.1333	49053	1411006	0.0335965875351613	A	G	FALSE	0	1.59695877136102e-11	0	0	0	0	0	1.41789e-07
rs11098222	4	114951548	0.5266	-0.0092	0.0146	0.864	0.136	49053	1411006	0.0335965875351613	A	T	FALSE	0	1.62794858399965e-11	0	0	0	0	0	1.05062e-07
rs11098223	4	114951602	0.4727	-0.0105	0.0146	0.8644	0.1356	49053	1411006	0.0335965875351613	T	C	FALSE	0	1.72818980097142e-11	0	0	0	0	0	1.37097e-07
rs11098226	4	115023489	0.5088	0.0067	0.0101	0.4353	0.4353	49053	1411006	0.0335965875351613	A	C	FALSE	0	1.15280987914388e-11	0	0	0	0	0	6.59702e-08
rs11098232	4	115228516	0.4469	0.0081	0.0107	0.6074	0.3926	49053	1411006	0.0335965875351613	C	G	FALSE	0	1.30473651199408e-11	0	0	0	0	0	1.8192e-07
rs11098233	4	115242791	0.9044	-0.0012	0.0101	0.5002	0.4998	49053	1411006	0.0335965875351613	T	G	FALSE	0	9.32183833079212e-12	0	0	0	0	0	1.01357e-07
rs11098234	4	115243741	0.8457	-0.0019	0.01	0.5091	0.4909	49053	1411006	0.0335965875351613	T	G	FALSE	0	9.33153380295153e-12	0	0	0	0	0	9.03699e-08
rs11098236	4	115250531	0.7493	0.0032	0.0101	0.4965	0.4965	49053	1411006	0.0335965875351613	T	G	FALSE	0	9.73164708619028e-12	0	0	0	0	0	7.73928e-08
rs11098237	4	115311202	0.09321	0.0175	0.0104	0.5616	0.4384	49053	1411006	0.0335965875351613	A	G	FALSE	0	3.91117246787178e-11	0	0	0	0	0	4.42633e-07
rs11098238	4	115311262	0.09585	-0.0174	0.0104	0.4372	0.4372	49053	1411006	0.0335965875351613	T	C	FALSE	0	3.84874528195606e-11	0	0	0	0	0	1.5364e-07
rs11098239	4	115322151	0.3007	0.0227	0.022	0.0481	0.0481	56306	1417791	0.0381969436203995	A	G	FALSE	0	3.39553620083479e-11	0	0	0	0	0	1.99835e-07
rs11098240	4	115324115	0.32	0.0217	0.0218	0.0485	0.0485	56306	1417791	0.0381969436203995	A	T	FALSE	0	3.24489663791341e-11	0	0	0	0	0	1.89489e-07
rs11098241	4	115324204	0.3125	-0.0219	0.0217	0.9508	0.0492	56306	1417791	0.0381969436203995	A	G	FALSE	0	3.27483297476763e-11	0	0	0	0	0	6.81685e-08
rs11098242	4	115330770	0.4216	0.0081	0.0101	0.4214	0.4214	49053	1411006	0.0335965875351613	A	G	FALSE	0	1.27570971749298e-11	0	0	0	0	0	6.06304e-08
rs11098243	4	115330859	0.549	0.0062	0.0103	0.4211	0.4211	47884	1410038	0.032844006743845	T	G	FALSE	0	1.13086168268792e-11	0	0	0	0	0	6.04984e-08
rs11098244	4	115330873	0.551	0.0061	0.0103	0.4211	0.4211	47884	1410038	0.032844006743845	T	C	FALSE	0	1.12434232270448e-11	0	0	0	0	0	6.05529e-08
rs11098245	4	115331034	0.4633	0.0075	0.0102	0.4167	0.4167	49053	1411006	0.0335965875351613	A	G	FALSE	0	1.22407932517686e-11	0	0	0	0	0	6.03368e-08
rs11098246	4	115331094	0.4344	-0.008	0.0102	0.5819	0.4181	49053	1411006	0.0335965875351613	A	G	FALSE	0	1.27040742579127e-11	0	0	0	0	0	1.79022e-07
rs11098247	4	115331744	0.2572	0.0114	0.0101	0.4703	0.4703	49053	1411006	0.0335965875351613	A	C	FALSE	0	1.74736788494956e-11	0	0	0	0	0	4.61343e-07
rs11098248	4	115335729	0.4454	-0.0077	0.0101	0.5797	0.4203	49053	1411006	0.0335965875351613	A	G	FALSE	0	1.23689487849848e-11	0	0	0	0	0	1.7058e-07
rs11098249	4	115335880	0.4584	-0.0075	0.0102	0.5825	0.4175	49053	1411006	0.0335965875351613	A	G	FALSE	0	1.22407932517686e-11	0	0	0	0	0	1.64143e-07
rs11098250	4	115353082	0.6914	-0.0046	0.0117	0.6981	0.3019	49053	1411006	0.0335965875351613	A	T	FALSE	0	1.15763373321214e-11	0	0	0	0	0	8.12695e-08
rs111246006	4	114861373	0.8349	-0.004	0.0191	0.9234	0.0766	49053	1411006	0.0335965875351613	T	C	FALSE	0	1.7830984849445e-11	0	0	0	0	0	3.1627e-06
rs1112494	4	115076043	0.4933	0.0088	0.0129	0.4286	0.4286	36384	1316478	0.026894095628379	A	T	FALSE	0	1.48934808750756e-11	0	0	0	0	0	7.00792e-08
rs1112495	4	115076178	0.476	-0.0072	0.0101	0.5725	0.4275	50092	1411760	0.0342661226991515	A	G	FALSE	0	1.19265387258118e-11	0	0	0	0	0	8.73151e-08
rs1112496	4	115075724	0.3746	-0.01	0.0113	0.2832	0.2832	49053	1411006	0.0335965875351613	A	G	FALSE	0	1.52960437708243e-11	0	0	0	0	0	6.24405e-08
rs111250555	4	113519115	0.6768	-0.0185	0.0443	0.0187	0.0187	49053	1411006	0.0335965875351613	A	G	FALSE	0	4.31297902514629e-11	0	0	0	0	0	7.37485e-08
rs111315176	4	115152294	0.8759	0.0017	0.0108	0.7217	0.2783	56306	1417791	0.0381969436203995	A	C	FALSE	0	1.00191728006468e-11	0	0	0	0	0	2.07065e-07
rs111360488	4	114291775	0.2346	0.1807	0.152	0.0114	0.0114	20342	100166	0.168802071231785	T	G	FALSE	0	1.7380044295193e-10	0	0	0	0	0	6.23323e-08
rs111391322	4	113543988	0.6916	0.0182	0.0459	0.9823	0.0177000000000001	49053	1411006	0.0335965875351613	A	G	FALSE	0	4.42358818651183e-11	0	0	0	0	0	6.11361e-08
rs111403327	4	113915129	0.419	-0.0251	0.031	0.039	0.039	49053	1411006	0.0335965875351613	T	G	FALSE	0	3.87167718643531e-11	0	0	0	0	0	8.05716e-08
rs111426287	4	114748113	0.9784	0.0012	0.043	0.0203	0.0203	49053	1411006	0.0335965875351613	A	G	FALSE	0	3.85916465521687e-11	0	0	0	0	0	6.33424e-06
rs111433920	4	113758185	0.8154	0.0116	0.0498	0.0184	0.0184	49053	1411006	0.0335965875351613	T	C	FALSE	0	4.54921643720903e-11	0	0	0	0	0	6.88007e-08
rs111474331	4	113571503	0.2655	-0.0464	0.0417	0.0291	0.0291	49053	1411006	0.0335965875351613	T	C	FALSE	0	6.77993581107557e-11	0	0	0	0	0	1.34717e-07
rs111495472	4	113914819	0.1868	-0.0476	0.0361	0.0311	0.0311	49053	1411006	0.0335965875351613	T	C	FALSE	0	7.5655603839988e-11	0	0	0	0	0	1.16015e-07
rs111537910	4	114067815	0.4147	-0.0342	0.042	0.9788	0.0212	49053	1411006	0.0335965875351613	A	C	FALSE	0	5.18148807912197e-11	0	0	0	0	0	7.49103e-08
rs111549317	4	115359770	0.4489	-0.0187	0.0246	0.9571	0.0429	56306	1417791	0.0381969436203995	C	G	FALSE	0	2.97822911518171e-11	0	0	0	0	0	1.05222e-07
rs111561336	4	114565222	0.7278	-0.0212	0.061	0.9897	0.0103	47884	1410038	0.032844006743845	T	C	FALSE	0	5.65830563411764e-11	0	0	0	0	0	6.34602e-08
rs111580703	4	114392722	0.4184	-0.0241	0.0298	0.9677	0.0323	49053	1411006	0.0335965875351613	A	G	FALSE	0	3.72444358245745e-11	0	0	0	0	0	9.77187e-08
rs111600996	4	115358569	0.462	0.0179	0.0244	0.0433	0.0433	56306	1417791	0.0381969436203995	A	G	FALSE	0	2.89739349609035e-11	0	0	0	0	0	6.60606e-08
rs111650646	4	113914570	0.8894	-0.0121	0.0869	0.038	0.038	7803	5852	0.571439033321128	C	G	FALSE	0	7.37368124751191e-11	0	0	0	0	0	9.62265e-08
rs111654237	4	114322473	0.2749	0.0619	0.0567	0.0182	0.0182	41559	1321755	0.0304838063718263	T	C	FALSE	0	8.69004551398024e-11	0	0	0	0	0	6.06077e-08
rs111660595	4	114984711	0.461	-0.0107	0.0146	0.8638	0.1362	49053	1411006	0.0335965875351613	T	G	FALSE	0	1.74537139112539e-11	0	0	0	0	0	6.33501e-08
rs111688273	4	115254992	0.03829	-0.1633	0.0788	0.9893	0.0107	15558	878337	0.0174047287433088	T	C	FALSE	0	4.31626619332503e-10	0	0	0	0	0	5.00504e-06
rs111710671	4	115367962	0.4164	0.0181	0.0223	0.9393	0.0607	49053	1411006	0.0335965875351613	T	C	FALSE	0	2.81575948119363e-11	0	0	0	0	0	6.22007e-08
rs111736415	4	114947904	0.2252	0.0527	0.0434	0.968	0.032	35345	1315724	0.0261607660304544	A	T	FALSE	0	7.86966221578292e-11	0	0	0	0	0	1.2855e-07
rs111744652	4	115017312	0.4948	0.0226	0.0331	0.0554	0.0554	35345	1315724	0.0261607660304544	T	C	FALSE	0	3.75983331149249e-11	0	0	0	0	0	5.212e-07
rs1117524	4	114557474	0.3354	0.0124	0.0128	0.5354	0.4646	36384	1316478	0.026894095628379	T	C	FALSE	0	1.87048571565195e-11	0	0	0	0	0	0.00573492
rs111757613	4	115361923	0.9546	0.0017	0.0305	0.9585	0.0415	42598	1322509	0.0312048799105125	T	C	FALSE	0	2.77103921030272e-11	0	0	0	0	0	6.22509e-08
rs111776775	4	114897826	0.2274	-0.0939	0.0778	0.9898	0.0102	16727	879305	0.0186678600764258	A	G	FALSE	0	1.25257054137725e-10	0	0	0	0	0	6.9637e-07
rs111780884	4	114607117	0.827	0.0051	0.0234	0.05	0.05	50092	1411760	0.0342661226991515	A	G	FALSE	0	2.18330699247508e-11	0	0	0	0	0	6.14923e-08
rs111797294	4	114884451	0.586	-0.0377	0.0692	0.0149	0.0149	34176	1314756	0.0253355988292961	A	G	FALSE	0	6.8515274296621e-11	0	0	0	0	0	3.55405e-06
rs111807676	4	113521923	0.2207	-0.0191	0.0156	0.9012	0.0988	56306	1417791	0.0381969436203995	C	G	FALSE	0	3.00628679230659e-11	0	0	0	0	0	1.66157e-07
rs111859805	4	114340449	0.1529	-0.0182	0.0127	0.2046	0.2046	56306	1417791	0.0381969436203995	T	C	FALSE	0	3.23421023630106e-11	0	0	0	0	0	0.000892913
rs111867565	4	114478201	0.2065	-0.0837	0.0663	0.9862	0.0138	35345	1315724	0.0261607660304544	A	G	FALSE	0	1.18403388054823e-10	0	0	0	0	0	2.52711e-07
rs111888881	4	115148689	0.1463	0.0915	0.063	0.0194	0.0194	32897	744313	0.042327041597509	A	G	FALSE	0	1.43938873915338e-10	0	0	0	0	0	6.30089e-08
rs111895617	4	114330470	0.1788	0.1101	0.0819	0.0243	0.0243	27296	442718	0.0580748658550596	T	C	FALSE	0	1.5078867821646e-10	0	0	0	0	0	1.07311e-07
rs111895993	4	114870142	0.7769	-0.0084	0.0296	0.0702	0.0702	35345	1315724	0.0261607660304544	A	G	FALSE	0	2.79495713519741e-11	0	0	0	0	0	7.45099e-08
rs111954012	4	113712738	0.4976	0.1023	0.1508	0.0138	0.0138	24263	969885	0.0244058228754672	A	G	FALSE	0	1.27950961208439e-10	0	0	0	0	0	6.86547e-08
rs111962529	4	115361943	0.4426	-0.0195	0.0254	0.958	0.042	56306	1417791	0.0381969436203995	T	C	FALSE	0	3.09020781459949e-11	0	0	0	0	0	1.06283e-07
rs111969506	4	113456271	0.2658	0.0174	0.0156	0.0983	0.0983	56306	1417791	0.0381969436203995	A	G	FALSE	0	2.64849247060344e-11	0	0	0	0	0	9.18434e-08
rs111974310	4	113490103	0.2801	0.0168	0.0156	0.0986	0.0986	56306	1417791	0.0381969436203995	T	C	FALSE	0	2.53980113506745e-11	0	0	0	0	0	8.87185e-08
rs111996761	4	113754733	0.7206	0.0559	0.1564	0.0149	0.0149	24263	969885	0.0244058228754672	A	C	FALSE	0	1.17627145192602e-10	0	0	0	0	0	6.2148e-08
rs112048282	4	115361872	0.4993	0.0178	0.0263	0.0407	0.0407	56306	1417791	0.0381969436203995	C	G	FALSE	0	2.99699296446627e-11	0	0	0	0	0	6.48963e-08
rs112052994	4	113378321	0.9592	0.0026	0.05	0.9817	0.0183	42235	1322344	0.0309509379816046	A	G	FALSE	0	4.45691056590901e-11	0	0	0	0	0	6.84082e-08
rs112087287	4	114375461	0.4675	-0.0227	0.0312	0.9689	0.0311	49053	1411006	0.0335965875351613	A	G	FALSE	0	3.66289977660261e-11	0	0	0	0	0	1.16785e-07
rs112127337	4	113785575	0.2689	-0.0334	0.0302	0.9674	0.0326	49580	1411478	0.0339343133537478	T	C	FALSE	0	4.98275290445036e-11	0	0	0	0	0	7.82254e-08
rs112127678	4	115361830	0.9608	-0.0015	0.0302	0.9572	0.0428	42598	1322509	0.0312048799105125	C	G	FALSE	0	2.74353741878729e-11	0	0	0	0	0	6.24603e-08
rs112222104	4	114801130	0.9514	0.0012	0.0192	0.0752	0.0752	49053	1411006	0.0335965875351613	A	G	FALSE	0	1.7572170485386e-11	0	0	0	0	0	1.43889e-06
rs112256279	4	115149983	0.8295	-0.0069	0.0318	0.0627	0.0627	35345	1315724	0.0261607660304544	T	C	FALSE	0	2.94885083496052e-11	0	0	0	0	0	6.6426e-08
rs112278016	4	114810707	0.8769	0.0029	0.0189	0.0767	0.0767	49053	1411006	0.0335965875351613	T	C	FALSE	0	1.74692460181522e-11	0	0	0	0	0	1.14329e-06
rs112280508	4	115362078	0.5029	0.0164	0.0245	0.0452	0.0452	56306	1417791	0.0381969436203995	A	G	FALSE	0	2.78271225570411e-11	0	0	0	0	0	6.47031e-08
rs112318743	4	113662122	0.3235	-0.0254	0.0257	0.0889	0.0889	29793	974091	0.0296777316901156	T	G	FALSE	0	3.78193745067103e-11	0	0	0	0	0	2.64026e-07
rs112327371	4	113425068	0.3915	0.2977	0.3474	0.0139	0.0139	3173	2451	0.564189189189189	T	C	FALSE	0	1.74277048253975e-10	0	0	0	0	0	1.05753e-07
rs112329387	4	114130590	0.5533	0.0227	0.0383	0.969	0.031	49053	1411006	0.0335965875351613	A	G	FALSE	0	4.08916861595485e-11	0	0	0	0	0	7.44825e-08
rs112335726	4	113462753	0.2536	0.0177	0.0155	0.1008	0.1008	56306	1417791	0.0381969436203995	T	C	FALSE	0	2.7113159972451e-11	0	0	0	0	0	9.42004e-08
rs112344024	4	114331314	0.4118	-0.0345	0.0421	0.9752	0.0248	49053	1411006	0.0335965875351613	T	C	FALSE	0	5.21410202443656e-11	0	0	0	0	0	9.09831e-08
rs112416623	4	115017167	0.5807	0.0183	0.0332	0.0546	0.0546	35345	1315724	0.0261607660304544	T	C	FALSE	0	3.48431150749435e-11	0	0	0	0	0	4.01799e-07
rs112492603	4	114344395	0.5121	-0.068	0.1037	0.014	0.014	26421	442271	0.056371775067635	T	C	FALSE	0	1.00078018456921e-10	0	0	0	0	0	8.82389e-08
rs112502375	4	114301594	0.017	-0.079	0.0331	0.9772	0.0228	56306	1417791	0.0381969436203995	A	T	FALSE	0	4.79302756908162e-10	0	0	0	0	0	5.24401e-05
rs112540937	4	114391215	0.3977	-0.0252	0.0298	0.9678	0.0322	49053	1411006	0.0335965875351613	T	C	FALSE	0	3.83737235188682e-11	0	0	0	0	0	9.1572e-08
rs112542962	4	114375410	0.7573	0.009	0.0292	0.0695	0.0695	16727	879305	0.0186678600764258	A	G	FALSE	0	2.77764525701902e-11	0	0	0	0	0	1
rs112572170	4	114606457	0.5033	0.0199	0.0298	0.0499	0.0499	36384	1316478	0.026894095628379	T	C	FALSE	0	3.36399053743658e-11	0	0	0	0	0	6.61959e-08
rs112631384	4	113584430	0.694	-0.0074	0.0189	0.0735	0.0735	56306	1417791	0.0381969436203995	T	C	FALSE	0	1.86294846282734e-11	0	0	0	0	0	6.02095e-08
rs112666682	4	114571621	0.6105	0.008	0.0157	0.1374	0.1374	49053	1411006	0.0335965875351613	T	C	FALSE	0	1.63409529531496e-11	0	0	0	0	0	0.000137725
rs112669229	4	114072048	0.9738	0.002	0.0604	0.0123	0.0123	49053	1411006	0.0335965875351613	A	G	FALSE	0	5.3085744356093e-11	0	0	0	0	0	1.03845e-07
rs112671269	4	114848445	0.7316	0.0041	0.0119	0.7696	0.2304	49053	1411006	0.0335965875351613	T	G	FALSE	0	1.15648800757646e-11	0	0	0	0	0	6.72039e-08
rs112786223	4	113436985	0.03954	-0.075	0.0365	0.0287	0.0287	49053	1411006	0.0335965875351613	T	G	FALSE	0	2.54177370503524e-10	0	0	0	0	0	7.3093e-07
rs112804570	4	113913460	0.212	-0.0459	0.0368	0.0302	0.0302	49580	1411478	0.0339343133537478	T	C	FALSE	0	7.04773994006852e-11	0	0	0	0	0	1.1739e-07
rs112818121	4	114149713	0.4207	0.0551	0.0684	0.0119	0.0119	35345	1315724	0.0261607660304544	T	C	FALSE	0	7.94086394763336e-11	0	0	0	0	0	6.16284e-08
rs112834906	4	114351800	0.2751	-0.0297	0.0272	0.0633	0.0633	42598	1322509	0.0312048799105125	A	G	FALSE	0	4.44080596183816e-11	0	0	0	0	0	1
rs112853931	4	115363921	0.8164	-0.0117	0.0503	0.0173	0.0173	56306	1417791	0.0381969436203995	T	C	FALSE	0	4.59171971871396e-11	0	0	0	0	0	9.8088e-08
rs112859837	4	115363513	0.4959	0.0171	0.0251	0.0425	0.0425	56306	1417791	0.0381969436203995	A	G	FALSE	0	2.87196382175443e-11	0	0	0	0	0	6.5092e-08
rs112874628	4	114733368	0.4841	-0.0336	0.0481	0.0155	0.0155	49053	1411006	0.0335965875351613	A	G	FALSE	0	5.40477128273219e-11	0	0	0	0	0	1.40909e-07
rs112887536	4	113417954	0.7686	0.0051	0.0173	0.0846	0.0846	56306	1417791	0.0381969436203995	A	C	FALSE	0	1.65133176679813e-11	0	7.48095418963146e-05	0	0	0	6.29735e-08
rs112892718	4	114927686	0.2094	0.0549	0.0437	0.9685	0.0315	35345	1315724	0.0261607660304544	C	G	FALSE	0	8.3201434960299e-11	0	0	0	0	0	1.37168e-07
rs112903124	4	114984696	0.4626	0.0107	0.0146	0.1361	0.1361	49053	1411006	0.0335965875351613	A	C	FALSE	0	1.74537139112539e-11	0	0	0	0	0	1.26518e-07
rs112904632	4	114987352	0.1461	-0.0694	0.0478	0.9632	0.0368000000000001	32897	744313	0.042327041597509	T	C	FALSE	0	1.15623511865192e-10	0	0	0	0	0	9.15851e-06
rs1129065	4	113578609	0.8407	0.0028	0.0138	0.1427	0.1427	56306	1417791	0.0381969436203995	T	C	FALSE	0	1.28949772102077e-11	0	0	0	0	0	6.95295e-08
rs112935466	4	113709453	0.5254	0.0911	0.1435	0.0127	0.0127	26373	971218	0.0264366859765174	A	C	FALSE	0	1.22214522151645e-10	0	0	0	0	0	6.7608e-08
rs112973009	4	114883901	0.4565	-0.0308	0.0414	0.0314	0.0314	49053	1411006	0.0335965875351613	A	T	FALSE	0	4.85080088131072e-11	0	0	0	0	0	6.90519e-05
rs112983185	4	114825693	0.3727	-0.0218	0.0245	0.0746	0.0746	35345	1315724	0.0261607660304544	T	C	FALSE	0	3.29601482534181e-11	0	0	0	0	0	2.54112e-05
rs112992945	4	114061910	0.87	0.0024	0.0146	0.1472	0.1472	49053	1411006	0.0335965875351613	T	G	FALSE	0	1.35428836589213e-11	0	0	0	0	0	2.63258e-07
rs112994618	4	114606970	0.8507	0.0044	0.0232	0.0503	0.0503	50092	1411760	0.0342661226991515	A	G	FALSE	0	2.15262399472544e-11	0	0	0	0	0	6.17449e-08
rs112997546	4	114310743	0.6537	-0.0261	0.0581	0.975	0.025	32897	744313	0.042327041597509	A	C	FALSE	0	5.61914047227534e-11	0	0	0	0	0	1.27992e-07
rs113033499	4	115357979	0.5657	-0.0285	0.0497	0.0281	0.0281	15558	878337	0.0174047287433088	A	G	FALSE	0	5.16741087358331e-11	0	0	0	0	0	6.40895e-08
rs113083266	4	115361826	0.3349	0.0243	0.0252	0.0421	0.0421	56306	1417791	0.0381969436203995	A	G	FALSE	0	3.62588612157548e-11	0	0	0	0	0	7.94934e-08
rs113087247	4	113792403	0.3399	-0.0289	0.0303	0.9665	0.0335	49580	1411478	0.0339343133537478	A	G	FALSE	0	4.28847377537368e-11	0	0	0	0	0	7.02e-08
rs113096354	4	115215814	0.1313	-0.0259	0.0172	0.9053	0.0947	49053	1411006	0.0335965875351613	T	G	FALSE	0	4.84579792399152e-11	0	0	0	0	0	5.01855e-06
rs113114133	4	114828949	0.8416	-0.0038	0.0192	0.9248	0.0752000000000001	49053	1411006	0.0335965875351613	T	C	FALSE	0	1.78818778709089e-11	0	0	0	0	0	2.81504e-06
rs113114660	4	114684727	0.3165	-0.0229	0.0229	0.0569	0.0569	49053	1411006	0.0335965875351613	T	G	FALSE	0	3.41995279452479e-11	0	0	0	0	0	4.24021e-07
rs113115153	4	115359625	0.4598	-0.0194	0.0262	0.96	0.04	56306	1417791	0.0381969436203995	C	G	FALSE	0	3.12126470796806e-11	0	0	0	0	0	1.03057e-07
rs113209722	4	115093619	0.1547	0.0905	0.0636	0.0189	0.0189	32897	744313	0.042327041597509	A	G	FALSE	0	1.39481408907119e-10	0	0	0	0	0	6.1346e-08
rs113246383	4	114514207	0.6203	0.0085	0.0171	0.1735	0.1735	35872	1316196	0.0265312099687294	A	G	FALSE	0	1.76748036892381e-11	0	0	0	0	0	6.84995e-08
rs113265691	4	114966325	0.5456	-0.0091	0.0151	0.8678	0.1322	49053	1411006	0.0335965875351613	C	G	FALSE	0	1.655145679108e-11	0	0	0	0	0	6.11723e-08
rs113305981	4	115357727	0.3577	-0.0137	0.0149	0.8368	0.1632	49053	1411006	0.0335965875351613	A	G	FALSE	0	2.07599266627644e-11	0	0	0	0	0	1.97034e-07
rs113313224	4	114433918	0.276	-0.0322	0.0296	0.0469	0.0469	56306	1417791	0.0381969436203995	A	G	FALSE	0	4.79429241210463e-11	0	0	0	0	0	8.24885e-08
rs113333357	4	115363528	0.4803	0.0178	0.0252	0.0422	0.0422	56306	1417791	0.0381969436203995	T	C	FALSE	0	2.93294490376273e-11	0	0	0	0	0	6.57628e-08
rs113336616	4	114984651	0.4392	-0.0114	0.0147	0.8658	0.1342	49053	1411006	0.0335965875351613	T	G	FALSE	0	1.8143342000304e-11	0	0	0	0	0	6.40292e-08
rs113362111	4	114417842	0.02624	0.0954	0.0429	0.0303	0.0303	42071	1322037	0.0308413996545728	A	G	FALSE	0	4.0922615089095e-10	0	0	0	0	0	1.47197e-07
rs113391600	4	115357886	0.4503	0.0183	0.0243	0.0435	0.0435	56306	1417791	0.0381969436203995	A	G	FALSE	0	2.92725811849063e-11	0	0	0	0	0	6.69911e-08
rs113482821	4	115155600	0.5876	-0.0177	0.0327	0.9437	0.0563	35345	1315724	0.0261607660304544	A	G	FALSE	0	3.41554607991249e-11	0	0	0	0	0	9.49428e-08
rs113492556	4	115363912	0.5498	-0.0163	0.0272	0.9607	0.0393	56306	1417791	0.0381969436203995	A	G	FALSE	0	2.95005673438528e-11	0	0	0	0	0	9.0287e-08
rs113516131	4	114849357	0.8435	-0.0037	0.019	0.9232	0.0768	49053	1411006	0.0335965875351613	T	C	FALSE	0	1.76864020793005e-11	0	0	0	0	0	3.18324e-06
rs113519539	4	113600997	0.1626	-0.0225	0.0161	0.9036	0.0964	56306	1417791	0.0381969436203995	A	G	FALSE	0	3.88568663088183e-11	0	0	0	0	0	2.15043e-07
rs113519673	4	113522052	0.2277	0.0189	0.0156	0.0988	0.0988	56306	1417791	0.0381969436203995	C	G	FALSE	0	2.95998852536959e-11	0	0	0	0	0	1.02826e-07
rs113525667	4	115359749	0.3064	-0.0155	0.0152	0.8394	0.1606	49053	1411006	0.0335965875351613	A	G	FALSE	0	2.33225155616633e-11	0	0	0	0	0	2.26848e-07
rs113539727	4	114801027	0.9748	-6e-04	0.019	0.9235	0.0765	49053	1411006	0.0335965875351613	T	G	FALSE	0	1.73657283868543e-11	0	0	0	0	0	1.77825e-06
rs113550664	4	113774425	0.6104	-0.0909	0.1784	0.981	0.019	23494	969690	0.0236552340754583	A	G	FALSE	0	1.31326860624072e-10	0	0	0	0	0	7.27467e-08
rs113550665	4	115048409	0.8616	-0.0111	0.0635	0.0168	0.0168	35345	1315724	0.0261607660304544	T	C	FALSE	0	5.63146779645403e-11	0	0	0	0	0	4.29772e-06
rs113550938	4	115362708	0.4849	0.0174	0.0249	0.0429	0.0429	56306	1417791	0.0381969436203995	T	C	FALSE	0	2.88371793041125e-11	0	0	0	0	0	6.54642e-08
rs113567242	4	113727840	0.6079	0.0723	0.1409	0.0124	0.0124	26373	971218	0.0264366859765174	A	G	FALSE	0	1.15421076123707e-10	0	0	0	0	0	6.44415e-08
rs113578000	4	114847387	0.7352	-0.004	0.0119	0.2301	0.2301	49053	1411006	0.0335965875351613	T	C	FALSE	0	1.15319684950202e-11	0	0	0	0	0	1.14919e-07
rs113594646	4	114357068	0.4822	0.071	0.101	0.0148	0.0148	26933	442553	0.0573669928389771	T	C	FALSE	0	1.00733254867398e-10	0	0	0	0	0	6.50556e-08
rs113600159	4	113981506	0.3765	-0.0351	0.0396	0.9817	0.0183	49053	1411006	0.0335965875351613	A	G	FALSE	0	5.20216745114655e-11	0	0	0	0	0	6.15506e-08
rs113600958	4	114307615	0.4485	-0.036	0.0475	0.0282	0.0282	35345	1315724	0.0261607660304544	T	C	FALSE	0	5.56575792984305e-11	0	0	0	0	0	1.34911e-06
rs113634525	4	114340250	0.2065	-0.0445	0.0353	0.973	0.027	49053	1411006	0.0335965875351613	C	G	FALSE	0	6.89362692737308e-11	0	0	0	0	0	6.74439e-08
rs113636123	4	115216962	0.9469	-0.0034	0.0516	0.0123	0.0123	30435	974587	0.0302829191798786	A	G	FALSE	0	4.59426397398674e-11	0	0	0	0	0	7.83643e-08
rs113638561	4	113707840	0.4702	-0.1096	0.1518	0.986	0.014	24263	969885	0.0244058228754672	C	G	FALSE	0	1.30912035756634e-10	0	0	0	0	0	8.98917e-08
rs113649179	4	114716133	0.02393	0.0305	0.0135	0.1725	0.1725	49580	1411478	0.0339343133537478	A	G	FALSE	0	1.56808498469904e-10	0	0	0	0	0	6.23505e-08
rs113694807	4	115331024	0.435	0.0189	0.0242	0.0418	0.0418	56306	1417791	0.0381969436203995	A	G	FALSE	0	2.97764053228907e-11	0	0	0	0	0	6.70855e-08
rs113710736	4	114152460	0.2613	0.0281	0.025	0.0794	0.0794	42598	1322509	0.0312048799105125	A	G	FALSE	0	4.24001207597876e-11	0	0	0	0	0	6.03618e-08
rs113718423	4	114811197	0.8755	0.003	0.0189	0.0767	0.0767	49053	1411006	0.0335965875351613	A	G	FALSE	0	1.74835510615615e-11	0	0	0	0	0	1.12749e-06
rs113720879	4	113804516	0.9871	-9e-04	0.0527	0.98	0.02	35345	1315724	0.0261607660304544	A	G	FALSE	0	4.67701705870287e-11	0	0	0	0	0	6.02414e-08
rs113758864	4	114418927	0.4093	0.0248	0.0301	0.032	0.032	49053	1411006	0.0335965875351613	A	G	FALSE	0	3.80647530414634e-11	0	0	0	0	0	2.23493e-06
rs113809160	4	113733226	0.7282	0.0612	0.176	0.0182	0.0182	10555	874603	0.011924424791958	A	G	FALSE	0	1.25446886394045e-10	0	0	0	0	0	6.08897e-08
rs113824941	4	113827052	0.5461	-0.0273	0.0452	0.9843	0.0157	49416	1411171	0.0338329726336055	A	G	FALSE	0	4.81240250934523e-11	0	0	0	0	0	8.12236e-08
rs113903022	4	115228826	0.2911	0.0222	0.0211	0.8471	0.1529	30435	974587	0.0302829191798786	T	C	FALSE	0	3.32879456076349e-11	0	0	0	0	0	6.07651e-08
rs113907619	4	115361835	0.3733	0.0233	0.0261	0.0415	0.0415	56306	1417791	0.0381969436203995	T	C	FALSE	0	3.5140416016731e-11	0	0	0	0	0	7.52581e-08
rs113969669	4	115325636	0.2637	-0.0545	0.0488	0.9868	0.0132	29266	973619	0.0291818104767745	T	C	FALSE	0	7.83711159012227e-11	0	0	0	0	0	2.68207e-07
rs113972273	4	113757412	0.5399	0.0091	0.0148	0.1354	0.1354	49053	1411006	0.0335965875351613	A	G	FALSE	0	1.63455276111125e-11	0	0	0	0	0	1.01916e-07
rs113975647	4	113417271	0.1065	0.0288	0.0179	0.1185	0.1185	42598	1322509	0.0312048799105125	T	G	FALSE	0	5.908194121297e-11	0	0	0	0	0	1.55043e-07
rs113986083	4	114370362	0.3322	-0.029	0.0299	0.9677	0.0323	49053	1411006	0.0335965875351613	T	C	FALSE	0	4.29885656587008e-11	0	0	0	0	0	1.06081e-07
rs113988947	4	114405909	0.3891	0.0256	0.0297	0.0323	0.0323	49053	1411006	0.0335965875351613	A	C	FALSE	0	3.87745698662618e-11	0	0	0	0	0	1.96707e-06
rs114014468	4	115318728	0.2509	0.2297	0.2	0.9876	0.0124	6634	4884	0.575968050008682	A	C	FALSE	0	1.80470006399424e-10	0	0	0	0	0	1.31856e-07
rs114035306	4	114676691	0.3691	-0.0379	0.0422	0.9713	0.0287	30435	974587	0.0302829191798786	A	T	FALSE	0	5.57459405119943e-11	0	0	0	0	0	6.72455e-08
rs114073921	4	114567873	0.5919	-0.0234	0.0436	0.0144	0.0144	49053	1411006	0.0335965875351613	C	G	FALSE	0	4.48529002771342e-11	0	0	0	0	0	7.27021e-08
rs114103379	4	114954389	0.2569	0.0492	0.0434	0.9681	0.0319	35345	1315724	0.0261607660304544	A	G	FALSE	0	7.18933251249458e-11	0	0	0	0	0	1.34655e-07
rs114107613	4	113429572	0.1699	-0.0729	0.0531	0.0182	0.0182	35857	1316006	0.0265241374310858	T	G	FALSE	0	1.13581669779383e-10	0	0	0	0	0	9.18033e-08
rs114107631	4	114868504	0.1354	-0.0262	0.0175	0.1351	0.1351	49053	1411006	0.0335965875351613	T	C	FALSE	0	4.86498222225019e-11	0	0	0	0	0	1.84502e-07
rs114116393	4	114080110	0.9057	0.0035	0.0294	0.0385	0.0385	56306	1417791	0.0381969436203995	A	G	FALSE	0	2.68777630948654e-11	0	0	0	0	0	6.23461e-08
rs114116857	4	114047560	0.04359	-0.0908	0.045	0.0192	0.0192	49053	1411006	0.0335965875351613	C	G	FALSE	0	2.79680848153756e-10	0	0	0	0	0	2.93009e-07
rs114118664	4	115004739	0.7326	-0.0225	0.0658	0.0148	0.0148	35345	1315724	0.0261607660304544	A	G	FALSE	0	6.04637362946139e-11	0	0	0	0	0	6.62065e-08
rs114143461	4	113799366	0.2025	0.0414	0.0325	0.0269	0.0269	49053	1411006	0.0335965875351613	T	C	FALSE	0	6.48926736774309e-11	0	0	0	0	0	2.82638e-07
rs114148750	4	114466441	0.6415	0.0159	0.0341	0.0276	0.0276	49053	1411006	0.0335965875351613	A	C	FALSE	0	3.42834564504929e-11	0	0	0	0	0	1.92558e-07
rs114165804	4	113719068	0.4562	-0.0499	0.0669	0.0132	0.0132	34176	1314756	0.0253355988292961	C	G	FALSE	0	7.47693828612402e-11	0	0	0	0	0	8.57484e-08
rs114166090	4	114301015	0.115	0.3336	0.2117	0.0103	0.0103	6634	4884	0.575968050008682	A	G	FALSE	0	2.39597940017e-10	0	0	0	0	0	6.80069e-08
rs114216819	4	113649605	0.6305	-0.0067	0.0139	0.8545	0.1455	56306	1417791	0.0381969436203995	C	G	FALSE	0	1.42841108854613e-11	0	0	0	0	0	6.74126e-08
rs114218541	4	113453435	0.7286	0.013	0.0374	0.0178	0.0178	56306	1417791	0.0381969436203995	T	G	FALSE	0	3.5762943097098e-11	0	0	0	0	0	6.38584e-08
rs114222306	4	114908629	0.1316	-0.113	0.075	0.9886	0.0114	34176	1314756	0.0253355988292961	C	G	FALSE	0	1.7431180285006e-10	0	0	0	0	0	6.93005e-08
rs114257391	4	115362907	0.5713	0.0145	0.0257	0.041	0.041	56306	1417791	0.0381969436203995	T	G	FALSE	0	2.73560236704398e-11	0	0	0	0	0	6.25501e-08
rs114261051	4	113385081	0.05168	-0.0538	0.0277	0.0399	0.0399	49053	1411006	0.0335965875351613	A	G	FALSE	0	1.60233972956086e-10	0	0	0	0	0	2.4564e-07
rs114283370	4	114908711	0.7066	0.0405	0.1076	0.9834	0.0165999999999999	26421	442271	0.056371775067635	A	C	FALSE	0	9.18639186614133e-11	0	0	0	0	0	7.05218e-08
rs114292958	4	114246340	0.9732	0.0027	0.0791	0.0116	0.0116	15558	878337	0.0174047287433088	A	T	FALSE	0	6.75325548268271e-11	0	0	0	0	0	6.48804e-08
rs114296912	4	115157454	0.4457	-0.0473	0.062	0.9828	0.0172	35345	1315724	0.0261607660304544	A	G	FALSE	0	7.08673191641219e-11	0	0	0	0	0	8.08891e-08
rs114297280	4	114947397	0.8378	-0.0153	0.0747	0.0135	0.0135	15558	878337	0.0174047287433088	A	C	FALSE	0	6.54083316949962e-11	0	0	0	0	0	1.09144e-07
rs114302467	4	114391870	0.001552	-0.1951	0.0616	0.9829	0.0171	22284	884650	0.0245706964343602	A	G	FALSE	0	5.27341010874086e-09	0	0	0	0	0	0.000382204
rs114304375	4	114669141	0.7474	-0.0143	0.0443	0.0305	0.0305	35345	1315724	0.0261607660304544	T	C	FALSE	0	4.17106772606758e-11	0	0	0	0	0	0.000954757
rs114318553	4	113569695	0.8472	0.0102	0.053	0.9823	0.0177000000000001	28880	973126	0.0288221827015008	T	G	FALSE	0	4.78331587516944e-11	0	0	0	0	0	6.27051e-08
rs114322591	4	113974641	0.1366	0.0871	0.0585	0.9874	0.0125999999999999	48010	1409827	0.0329323511476249	T	C	FALSE	0	1.43033240704214e-10	0	0	0	0	0	2.66461e-06
rs114328594	4	114519922	0.252	-0.0369	0.0322	0.0264	0.0264	49053	1411006	0.0335965875351613	T	C	FALSE	0	5.53266126829127e-11	0	0	0	0	0	6.09576e-08
rs114331336	4	114805660	0.5838	0.0334	0.0609	0.9831	0.0169	35345	1315724	0.0261607660304544	A	G	FALSE	0	6.13495475821448e-11	0	0	0	0	0	6.33667e-08
rs114354121	4	115045656	0.8728	0.0088	0.0548	0.9889	0.0111	28880	973126	0.0288221827015008	T	C	FALSE	0	4.9084606427627e-11	0	0	0	0	0	6.14388e-08
rs13117519	4	114369065	9.821e-13	0.0875	0.0123	0.1744	0.1744	56306	1417791	0.0381969436203995	T	C	TRUE	1	0.998632358013907	0	0	3	1	0	1
rs9812	4	114372480	8.361e-10	-0.0722	0.0118	0.8068	0.1932	56306	1417791	0.0381969436203995	A	T	FALSE	0	0.00136495590430419	0	0	2	1	0	1
