SNP	CHR	POS	P	Effect	StdErr	Freq	MAF	N_cases	N_controls	proportion_cases	A1	A2	leadSNP	SUSIE.Credible_Set	SUSIE.Probability	FINEMAP.Credible_Set	FINEMAP.Probability	Consensus_SNP	Support
rs10876449	12	53779775	0.003558	-0.0373	0.0128	0.8307	0.1693	56306	1417791	0.0381969436203995	T	C	FALSE	1	0.999999999993602	0	3.10499e-84	FALSE	1
rs111337715	12	53800148	0.4596	0.0143	0.0193	0.0737	0.0737	56306	1417791	0.0381969436203995	T	C	FALSE	0	0	0	5.51626e-22	FALSE	0
rs111579872	12	53799616	0.5891	-0.0142	0.0262	0.9593	0.0407	56306	1417791	0.0381969436203995	A	G	FALSE	0	0	0	6.06996e-22	FALSE	0
rs111645066	12	53792160	0.6993	0.0076	0.0197	0.1056	0.1056	56306	1417791	0.0381969436203995	A	G	FALSE	0	0	0	6.1571e-22	FALSE	0
rs11170525	12	53782628	0.003488	0.0374	0.0128	0.1692	0.1692	56306	1417791	0.0381969436203995	T	G	FALSE	4	0.5	0	1.95011e-89	FALSE	1
rs11170532	12	53788335	0.004175	0.0366	0.0128	0.1692	0.1692	56306	1417791	0.0381969436203995	A	G	FALSE	2	1	0	1.78406e-89	FALSE	1
rs11170541	12	53799212	0.561	-0.0092	0.0158	0.1126	0.1126	56306	1417791	0.0381969436203995	A	G	FALSE	0	0	0	7.2866e-22	FALSE	0
rs114075368	12	53801744	0.003808	-0.0371	0.0128	0.8315	0.1685	56306	1417791	0.0381969436203995	T	G	FALSE	0	0	0	2.11263e-84	FALSE	0
rs117094207	12	53788286	0.1688	0.053	0.0385	0.0171	0.0171	56306	1417791	0.0381969436203995	A	G	FALSE	0	0	0	1.01925e-20	FALSE	0
rs117167608	12	53780881	0.000455	-0.0555	0.0158	0.1133	0.1133	56306	1417791	0.0381969436203995	T	C	FALSE	0	0	0	1.28426e-17	FALSE	0
rs117573579	12	53782966	0.6958	0.0167	0.0426	0.9814	0.0186	56306	1417791	0.0381969436203995	T	G	FALSE	0	0	0	5.13457e-22	FALSE	0
rs117596787	12	53784955	0.4989	-0.0281	0.0415	0.9809	0.0191	56306	1417791	0.0381969436203995	A	G	FALSE	0	0	0	5.80141e-22	FALSE	0
rs118063147	12	53798768	0.1437	0.0537	0.0367	0.0185	0.0185	56306	1417791	0.0381969436203995	T	C	FALSE	0	0	0	6.59802e-21	FALSE	0
rs118140185	12	53785737	0.05831	-0.087	0.046	0.981	0.019	49416	1411171	0.0338329726336055	C	G	FALSE	0	0	0	3.54101e-21	FALSE	0
rs12368491	12	53782959	0.003596	0.0374	0.0128	0.1685	0.1685	56306	1417791	0.0381969436203995	A	G	FALSE	4	0.5	0	1.95011e-89	FALSE	1
rs12422479	12	53799747	0.6935	0.0148	0.0375	0.0327	0.0327	42598	1322509	0.0312048799105125	A	T	FALSE	0	0	0	5.92493e-22	FALSE	0
rs12817984	12	53804307	0.003915	-0.0371	0.0128	0.8315	0.1685	56306	1417791	0.0381969436203995	T	G	FALSE	0	0	0	2.5852e-84	FALSE	0
rs138696271	12	53780675	0.63	-0.0308	0.0639	0.0168	0.0168	17602	879752	0.0196154471925238	T	C	FALSE	0	0	0	5.19287e-22	FALSE	0
rs138952514	12	53791171	0.477	-0.0536	0.0753	0.0108	0.0108	34176	1314756	0.0253355988292961	A	G	FALSE	0	0	0	5.23105e-22	FALSE	0
rs141121886	12	53789763	0.117	0.06	0.0383	0.0179	0.0179	56306	1417791	0.0381969436203995	A	G	FALSE	0	0	0	2.28984e-21	FALSE	0
rs142903880	12	53787489	0.6507	-0.0112	0.0247	0.0498	0.0498	56306	1417791	0.0381969436203995	A	C	FALSE	0	0	0	8.16438e-22	FALSE	0
rs144170134	12	53785211	0.9696	0.0029	0.0752	0.0126	0.0126	23980	886090	0.0263496214576901	T	C	FALSE	0	0	0	5.3215e-22	FALSE	0
rs144921132	12	53779830	0.835	-0.0096	0.0462	0.0205	0.0205	50092	1411760	0.0342661226991515	A	G	FALSE	0	0	0	5.7716e-22	FALSE	0
rs144921891	12	53774826	0.7615	-0.009	0.0296	0.9604	0.0396	50455	1411925	0.0345019762305283	C	G	FALSE	0	0	0	6.26211e-22	FALSE	0
rs148711374	12	53777700	0.3827	0.0384	0.044	0.9756	0.0244	56306	1417791	0.0381969436203995	A	C	FALSE	0	0	0	5.18259e-22	FALSE	0
rs149919208	12	53787866	0.004127	-0.0367	0.0128	0.8309	0.1691	56306	1417791	0.0381969436203995	A	G	FALSE	0	6.94049262506269e-11	0	2.38491e-84	FALSE	0
rs151226311	12	53778910	0.4206	-0.0355	0.0441	0.0243	0.0243	56306	1417791	0.0381969436203995	T	C	FALSE	0	0	0	1.7243e-21	FALSE	0
rs17695156	12	53806655	0.03611	-0.0404	0.0193	0.0724	0.0724	56306	1417791	0.0381969436203995	T	C	FALSE	0	0	0	4.41823e-20	FALSE	0
rs185580445	12	53800859	0.1915	0.0575	0.0441	0.0246	0.0246	42598	1322509	0.0312048799105125	T	C	FALSE	0	0	0	1.48833e-21	FALSE	0
rs186959418	12	53796046	0.7115	0.0805	0.2176	0.0121	0.0121	6014	4585	0.567412020001887	T	C	FALSE	0	0	0	5.40229e-22	FALSE	0
rs187530360	12	53788754	0.3389	0.2939	0.3073	0.9799	0.0201	4617	3242	0.587479323069093	A	G	FALSE	0	0	0	7.85745e-22	FALSE	0
rs192834490	12	53801698	0.06791	0.0293	0.0161	0.1668	0.1668	42598	1322509	0.0312048799105125	T	G	FALSE	0	0	0	7.47413e-90	FALSE	0
rs2364598	12	53795365	0.9497	9e-04	0.0136	0.1534	0.1534	56306	1417791	0.0381969436203995	A	C	FALSE	0	0	0	5.43782e-22	FALSE	0
rs2446066	12	53778650	0.00543	0.0355	0.0128	0.171	0.171	56306	1417791	0.0381969436203995	T	G	FALSE	0	0	0	2.31759e-14	FALSE	0
rs2460882	12	53787953	0.005949	-0.0351	0.0127	0.8291	0.1709	56306	1417791	0.0381969436203995	T	C	FALSE	0	0	0	1.80719e-21	FALSE	0
rs2608301	12	53793314	0.006588	0.0349	0.0128	0.169	0.169	56306	1417791	0.0381969436203995	A	C	FALSE	0	0	0	1.86643e-15	FALSE	0
rs2608302	12	53790296	0.01104	-0.0325	0.0128	0.8312	0.1688	56306	1417791	0.0381969436203995	T	G	FALSE	0	0	0	1.64151e-21	FALSE	0
rs2683519	12	53801142	0.3258	-0.01	0.0102	0.5636	0.4364	56306	1417791	0.0381969436203995	T	G	FALSE	0	0	0	6.26399e-22	FALSE	0
rs2683521	12	53799714	0.1592	0.0138	0.0098	0.4669	0.4669	56306	1417791	0.0381969436203995	A	G	FALSE	0	0	0	4.57105e-21	FALSE	0
rs2694847	12	53785028	0.006252	-0.0348	0.0127	0.829	0.171	56306	1417791	0.0381969436203995	A	G	FALSE	0	0	0	1.46554e-21	FALSE	0
rs2694858	12	53801141	0.333	0.0098	0.0102	0.4327	0.4327	56306	1417791	0.0381969436203995	A	T	FALSE	0	0	0	1.91597e-21	FALSE	0
rs2947336	12	53793653	0.005511	-0.0353	0.0127	0.8289	0.1711	56306	1417791	0.0381969436203995	C	G	FALSE	0	0	0	1.24966e-21	FALSE	0
rs2947337	12	53796998	0.00408	0.0365	0.0127	0.1715	0.1715	56306	1417791	0.0381969436203995	A	G	FALSE	0	0	0	1.86836e-14	FALSE	0
rs34148420	12	53798808	0.009993	-0.0336	0.0131	0.835	0.165	56306	1417791	0.0381969436203995	T	C	FALSE	0	0	0	4.56994e-85	FALSE	0
rs34652044	12	53794476	0.001489	0.0586	0.0184	0.096	0.096	56306	1417791	0.0381969436203995	A	G	FALSE	0	0	0	0	FALSE	0
rs34656641	12	53797236	0.8846	-0.002	0.0136	0.8455	0.1545	56306	1417791	0.0381969436203995	A	C	TRUE	0	0	0	5.94928e-22	FALSE	0
rs35969688	12	53793209	0.003891	0.0368	0.0128	0.1691	0.1691	56306	1417791	0.0381969436203995	A	G	FALSE	3	0.999999985459228	0	1.84544e-89	FALSE	1
rs36065378	12	53774779	0.001803	-0.0417	0.0134	0.8474	0.1526	56306	1417791	0.0381969436203995	A	G	FALSE	0	0	1	1	FALSE	1
rs3741651	12	53777171	0.004538	-0.0364	0.0128	0.831	0.169	56306	1417791	0.0381969436203995	A	G	FALSE	0	5.55111512312578e-16	0	2.09229e-84	FALSE	0
rs4759334	12	53780692	0.7103	0.0061	0.0164	0.8994	0.1006	56306	1417791	0.0381969436203995	T	C	FALSE	0	0	0	5.22503e-22	FALSE	0
rs57676448	12	53794787	0.004382	0.0365	0.0128	0.1686	0.1686	56306	1417791	0.0381969436203995	T	C	FALSE	0	0	1	1	FALSE	1
rs61928096	12	53780633	0.3253	-0.0334	0.0339	0.0387	0.0387	42598	1322509	0.0312048799105125	A	G	FALSE	0	0	0	7.64101e-22	FALSE	0
rs7133236	12	53790985	0.007763	-0.0342	0.0129	0.833	0.167	56306	1417791	0.0381969436203995	A	G	FALSE	0	0	0	7.32202e-85	FALSE	0
rs7134628	12	53785861	0.0001357	0.0678	0.0178	0.0962	0.0962	56306	1417791	0.0381969436203995	A	G	FALSE	0	0	1	1	FALSE	1
rs7134665	12	53786033	0.005096	0.0363	0.0129	0.1668	0.1668	56306	1417791	0.0381969436203995	T	C	FALSE	0	0	0	1.64666e-89	FALSE	0
rs7300593	12	53790450	0.004022	-0.0367	0.0127	0.8309	0.1691	56306	1417791	0.0381969436203995	T	C	FALSE	0	6.4752192324713e-06	0	2.70716e-84	FALSE	0
rs7315782	12	53784913	0.004111	0.0368	0.0128	0.1689	0.1689	56306	1417791	0.0381969436203995	A	G	FALSE	0	1.45407722529356e-08	0	1.82963e-89	FALSE	0
rs74090765	12	53792914	0.003927	-0.0368	0.0128	0.8306	0.1694	56306	1417791	0.0381969436203995	T	G	FALSE	0	3.57240359516453e-09	0	2.49166e-84	FALSE	0
rs74640701	12	53781342	0.4391	-0.0585	0.0756	0.0108	0.0108	34176	1314756	0.0253355988292961	C	G	FALSE	0	0	0	5.13111e-22	FALSE	0
rs75261027	12	53798547	0.0006072	-0.0533	0.0155	0.1152	0.1152	56306	1417791	0.0381969436203995	A	G	FALSE	0	0	0	9.15332e-18	FALSE	0
rs75266120	12	53775621	0.1267	-0.0446	0.0292	0.0341	0.0341	56306	1417791	0.0381969436203995	C	G	FALSE	0	0	1	1	FALSE	1
rs784882	12	53799895	0.00387	-0.0368	0.0127	0.8292	0.1708	56306	1417791	0.0381969436203995	A	G	FALSE	0	0	0	3.07925e-21	FALSE	0
rs78726213	12	53792008	0.5356	-0.0207	0.0335	0.9605	0.0395	42598	1322509	0.0312048799105125	T	G	FALSE	0	0	0	5.9118e-22	FALSE	0
rs79256977	12	53795952	0.4057	-0.0169	0.0203	0.916	0.084	56306	1417791	0.0381969436203995	A	G	FALSE	0	0	0	9.40772e-22	FALSE	0
rs79380252	12	53794288	0.1264	-0.0578	0.0378	0.9819	0.0181	56306	1417791	0.0381969436203995	T	G	FALSE	0	0	0	6.18109e-21	FALSE	0
rs7955418	12	53791630	0.003274	0.038	0.0129	0.1693	0.1693	55137	1416823	0.0374582189733417	A	G	FALSE	0	0	1	1	FALSE	1
rs7968637	12	53803633	0.004098	-0.0369	0.0129	0.8317	0.1683	56306	1417791	0.0381969436203995	T	C	FALSE	0	0	0	2.49589e-84	FALSE	0
rs80297745	12	53801461	0.00383	0.0371	0.0128	0.1684	0.1684	56306	1417791	0.0381969436203995	A	C	FALSE	0	0	0	4.96013e-34	FALSE	0
