CHR	POS	SNP	P	Effect	StdErr	Freq	MAF	N_cases	N_controls	proportion_cases	A1	A2	leadSNP
12	40514652	rs10784378	0.467	-0.0069	0.0094	0.4756	0.4756	56306	1417791	0.0381969436203995	T	C	FALSE
12	40514736	rs10784379	0.4455	0.0072	0.0094	0.5248	0.4752	56306	1417791	0.0381969436203995	T	C	FALSE
12	40515388	rs974416	0.4162	-0.0077	0.0094	0.4751	0.4751	56306	1417791	0.0381969436203995	T	C	FALSE
12	40515799	rs974415	0.434	0.0074	0.0094	0.525	0.475	56306	1417791	0.0381969436203995	A	T	FALSE
12	40515835	rs7960811	0.457	0.007	0.0094	0.5247	0.4753	56306	1417791	0.0381969436203995	A	C	FALSE
12	40515849	rs7978410	2.804e-10	-0.1055	0.0167	0.918	0.082	56306	1417791	0.0381969436203995	T	C	FALSE
12	40516580	rs145381749	2.544e-10	-0.1059	0.0167	0.9181	0.0819	56306	1417791	0.0381969436203995	A	C	FALSE
12	40518341	rs2170503	0.4281	0.0075	0.0094	0.5241	0.4759	56306	1417791	0.0381969436203995	T	C	FALSE
12	40518961	rs10784381	0.5441	0.0058	0.0095	0.5252	0.4748	55137	1416823	0.0374582189733417	T	C	FALSE
12	40519286	rs11175256	7.746e-06	0.0849	0.019	0.0654	0.0654	56306	1417791	0.0381969436203995	T	G	FALSE
12	40519991	rs17458613	9.355e-06	0.0839	0.0189	0.0656	0.0656	56306	1417791	0.0381969436203995	T	C	FALSE
12	40520383	rs11564108	0.4899	0.0597	0.0864	0.9879	0.0121	15664	97424	0.138511601584607	T	C	FALSE
12	40520496	rs7306140	0.5155	-0.0061	0.0094	0.471	0.471	56306	1417791	0.0381969436203995	A	G	FALSE
12	40520684	rs7135678	2.211e-10	0.1058	0.0167	0.0825	0.0825	56306	1417791	0.0381969436203995	T	C	FALSE
12	40521493	rs4533099	0.376	0.0125	0.0141	0.8711	0.1289	56306	1417791	0.0381969436203995	A	C	FALSE
12	40521587	rs11564137	1.481e-07	-0.0724	0.0138	0.1415	0.1415	56306	1417791	0.0381969436203995	T	C	FALSE
12	40521822	rs61933163	0.3566	0.013	0.0141	0.8713	0.1287	56306	1417791	0.0381969436203995	T	C	FALSE
12	40521896	rs11175260	1.02e-05	-0.0839	0.019	0.9348	0.0652	56306	1417791	0.0381969436203995	T	C	FALSE
12	40522002	rs1482285	0.1881	-0.0124	0.0094	0.5021	0.4979	56306	1417791	0.0381969436203995	A	G	FALSE
12	40522006	rs1482284	0.544	-0.0057	0.0095	0.4785	0.4785	56306	1417791	0.0381969436203995	A	G	FALSE
12	40522255	rs2128274	0.5371	0.0058	0.0094	0.5219	0.4781	56306	1417791	0.0381969436203995	C	G	FALSE
12	40522256	rs2128273	0.198	-0.0121	0.0094	0.4994	0.4994	56306	1417791	0.0381969436203995	A	G	FALSE
12	40522334	rs2046933	0.4726	0.0068	0.0094	0.5252	0.4748	56306	1417791	0.0381969436203995	T	C	FALSE
12	40523298	rs11175262	0.3458	-0.0133	0.0141	0.1293	0.1293	56306	1417791	0.0381969436203995	A	G	FALSE
12	40523388	rs74767149	0.8857	-0.0016	0.0113	0.2232	0.2232	56306	1417791	0.0381969436203995	A	C	FALSE
12	40523445	rs2172243	0.4478	-0.0071	0.0094	0.4753	0.4753	56306	1417791	0.0381969436203995	A	G	FALSE
12	40523573	rs35316273	5.053e-11	-0.204	0.031	0.9768	0.0232	56306	1417791	0.0381969436203995	A	G	FALSE
12	40524079	rs7306139	0.4882	0.0065	0.0094	0.5256	0.4744	56306	1417791	0.0381969436203995	A	G	FALSE
12	40524180	rs7295598	8.498e-06	-0.0429	0.0096	0.615	0.385	56306	1417791	0.0381969436203995	T	C	FALSE
12	40524630	rs7296203	1.68e-07	0.072	0.0138	0.8582	0.1418	56306	1417791	0.0381969436203995	T	C	FALSE
12	40524760	rs10747999	0.4931	-0.0064	0.0094	0.4744	0.4744	56306	1417791	0.0381969436203995	T	C	FALSE
12	40525319	rs7300121	0.4853	-0.0066	0.0094	0.4745	0.4745	56306	1417791	0.0381969436203995	T	C	FALSE
12	40525453	rs113462463	0.1508	0.0573	0.0399	0.9843	0.0157	56306	1417791	0.0381969436203995	T	C	FALSE
12	40525566	rs11175266	0.3705	-0.0126	0.0141	0.1291	0.1291	56306	1417791	0.0381969436203995	C	G	FALSE
12	40525592	rs7311031	0.506	0.0063	0.0094	0.5241	0.4759	56306	1417791	0.0381969436203995	A	G	FALSE
12	40526078	rs143807299	0.2279	-0.0652	0.054	0.9843	0.0157	23980	886090	0.0263496214576901	T	G	FALSE
12	40526498	rs10878113	0.2783	-0.0102	0.0094	0.5071	0.4929	56306	1417791	0.0381969436203995	A	G	FALSE
12	40526526	rs11833426	0.0002462	-0.0841	0.0229	0.0689	0.0689	37688	981372	0.0369831020744608	A	G	FALSE
12	40526542	rs112848846	0.8846	-0.0041	0.0283	0.0402	0.0402	56306	1417791	0.0381969436203995	A	G	FALSE
12	40527395	rs1031996	0.393	-0.008	0.0094	0.4704	0.4704	56306	1417791	0.0381969436203995	A	G	FALSE
12	40527818	rs17442665	2.665e-10	0.1055	0.0167	0.0824	0.0824	56306	1417791	0.0381969436203995	A	G	FALSE
12	40527897	rs12230710	0.3241	-0.0093	0.0094	0.5049	0.4951	56306	1417791	0.0381969436203995	T	C	FALSE
12	40528432	rs12422544	6.607e-11	-0.1999	0.0306	0.9765	0.0235	56306	1417791	0.0381969436203995	T	C	FALSE
12	40528885	rs7135815	0.389	0.0122	0.0141	0.8709	0.1291	56306	1417791	0.0381969436203995	A	G	FALSE
12	40528892	rs937110	0.3581	0.0087	0.0094	0.5274	0.4726	56306	1417791	0.0381969436203995	C	G	FALSE
12	40529644	rs10784386	0.3642	0.0086	0.0094	0.5289	0.4711	56306	1417791	0.0381969436203995	A	G	FALSE
12	40529936	rs12099949	3.789e-10	0.1045	0.0167	0.0827	0.0827	56306	1417791	0.0381969436203995	T	C	FALSE
12	40530303	rs11175275	0.2344	-0.0112	0.0094	0.506	0.494	56306	1417791	0.0381969436203995	A	G	FALSE
12	40530946	rs142516728	6.742e-11	-0.1999	0.0306	0.9765	0.0235	56306	1417791	0.0381969436203995	A	G	FALSE
12	40531200	rs113691308	0.1446	-0.0582	0.0399	0.0157	0.0157	56306	1417791	0.0381969436203995	T	C	FALSE
12	40531691	rs1388585	7.127e-11	-0.1996	0.0306	0.9764	0.0236	56306	1417791	0.0381969436203995	A	G	FALSE
12	40532001	rs2404574	8.687e-07	-0.0667	0.0136	0.146	0.146	56306	1417791	0.0381969436203995	T	C	FALSE
12	40532151	rs937109	0.4208	-0.0076	0.0094	0.4696	0.4696	56306	1417791	0.0381969436203995	A	G	FALSE
12	40532495	rs767940	0.0001049	0.0445	0.0115	0.7853	0.2147	56306	1417791	0.0381969436203995	C	G	FALSE
12	40532533	rs10878123	1.77e-05	-0.0813	0.0189	0.9346	0.0654	56306	1417791	0.0381969436203995	A	T	FALSE
12	40533267	rs1873610	0.9754	4e-04	0.0118	0.7844	0.2156	56306	1417791	0.0381969436203995	A	C	FALSE
12	40533337	rs2253736	1.059e-12	-0.1166	0.0164	0.9119	0.0881	56306	1417791	0.0381969436203995	A	C	FALSE
12	40533351	rs2638224	1.397e-05	0.0437	0.0101	0.3175	0.3175	56306	1417791	0.0381969436203995	A	G	FALSE
12	40533435	rs117666480	0.7378	0.0164	0.049	0.011	0.011	56306	1417791	0.0381969436203995	A	G	FALSE
12	40534208	rs78449863	0.08398	-0.0695	0.0402	0.0165	0.0165	56306	1417791	0.0381969436203995	A	G	FALSE
12	40534558	rs12307750	4.243e-08	0.1018	0.0186	0.9288	0.0712000000000001	56306	1417791	0.0381969436203995	A	G	FALSE
12	40534583	rs12309175	3.086e-07	0.0939	0.0183	0.9269	0.0731000000000001	56306	1417791	0.0381969436203995	T	C	FALSE
12	40535118	rs10784387	0.2044	0.0133	0.0105	0.7205	0.2795	56306	1417791	0.0381969436203995	A	G	FALSE
12	40535773	rs17442721	1.772e-24	-0.4025	0.0394	0.9794	0.0206	56306	1417791	0.0381969436203995	C	G	FALSE
12	40536061	rs726330	0.9592	6e-04	0.0112	0.2288	0.2288	56306	1417791	0.0381969436203995	A	C	FALSE
12	40536470	rs17442735	3.944e-10	-0.1042	0.0167	0.9175	0.0825	56306	1417791	0.0381969436203995	A	G	FALSE
12	40536513	rs7306099	0.9568	6e-04	0.0112	0.2287	0.2287	56306	1417791	0.0381969436203995	A	C	FALSE
12	40536581	rs2638223	3.763e-10	-0.1969	0.0314	0.9771	0.0229	56306	1417791	0.0381969436203995	A	G	FALSE
12	40536678	rs7294643	0.7387	0.0038	0.0115	0.7721	0.2279	56306	1417791	0.0381969436203995	T	C	FALSE
12	40536689	rs2708460	3.841e-10	0.1968	0.0314	0.0229	0.0229	56306	1417791	0.0381969436203995	A	G	FALSE
12	40536845	rs17442742	0.9499	7e-04	0.0112	0.2287	0.2287	56306	1417791	0.0381969436203995	T	C	FALSE
12	40537046	rs17442749	0.9498	7e-04	0.0112	0.2287	0.2287	56306	1417791	0.0381969436203995	T	C	FALSE
12	40537203	rs2638222	0.03672	0.0226	0.0108	0.2495	0.2495	56306	1417791	0.0381969436203995	T	C	FALSE
12	40537450	rs7484475	0.9365	-9e-04	0.0113	0.2287	0.2287	56306	1417791	0.0381969436203995	T	C	FALSE
12	40537656	rs7306718	0.942	8e-04	0.0113	0.7713	0.2287	56306	1417791	0.0381969436203995	T	G	FALSE
12	40538539	rs17442756	0.9443	8e-04	0.0112	0.2293	0.2293	56306	1417791	0.0381969436203995	A	G	FALSE
12	40538796	rs17442763	0.9345	0.0011	0.0139	0.2281	0.2281	42598	1322509	0.0312048799105125	A	T	FALSE
12	40538858	rs12308185	2.929e-07	0.0968	0.0189	0.9277	0.0723	56306	1417791	0.0381969436203995	T	C	FALSE
12	40539447	rs17458752	0.9784	-3e-04	0.0112	0.7725	0.2275	56306	1417791	0.0381969436203995	A	C	FALSE
12	40540652	rs67985538	0.9289	-0.0012	0.0139	0.7722	0.2278	42598	1322509	0.0312048799105125	A	T	FALSE
12	40540750	rs17458759	0.8592	-0.002	0.0112	0.7723	0.2277	56306	1417791	0.0381969436203995	T	C	FALSE
12	40540794	rs17458766	0.9189	0.0011	0.0112	0.2286	0.2286	56306	1417791	0.0381969436203995	T	G	FALSE
12	40540939	rs17442770	0.0001015	0.0446	0.0115	0.7861	0.2139	56306	1417791	0.0381969436203995	A	G	FALSE
12	40541034	rs2638271	0.5168	0.0072	0.0111	0.2334	0.2334	56306	1417791	0.0381969436203995	C	G	FALSE
12	40541158	rs2638270	0.08961	0.0197	0.0116	0.789	0.211	56306	1417791	0.0381969436203995	A	C	FALSE
12	40541197	rs2638269	1.267e-05	-0.0441	0.0101	0.6844	0.3156	56306	1417791	0.0381969436203995	T	G	FALSE
12	40541236	rs2638268	0.5096	-0.0073	0.0111	0.7666	0.2334	56306	1417791	0.0381969436203995	A	C	FALSE
12	40541443	rs17458780	3.684e-10	0.104	0.0166	0.0832	0.0832	56306	1417791	0.0381969436203995	A	G	FALSE
12	40541456	rs17489985	3.033e-10	0.1054	0.0167	0.0824	0.0824	56306	1417791	0.0381969436203995	T	C	FALSE
12	40541627	rs11175332	0.08334	0.02	0.0116	0.7876	0.2124	56306	1417791	0.0381969436203995	A	G	FALSE
12	40541876	rs17442805	1.278e-06	0.0656	0.0135	0.8539	0.1461	56306	1417791	0.0381969436203995	A	C	FALSE
12	40542359	rs143302277	0.5222	0.0512	0.08	0.988	0.012	16727	879305	0.0186678600764258	A	G	FALSE
12	40542515	rs118148378	8.295e-11	-0.1981	0.0305	0.9762	0.0238	56306	1417791	0.0381969436203995	C	G	FALSE
12	40542600	rs17442812	4.424e-10	-0.1039	0.0167	0.9174	0.0826	56306	1417791	0.0381969436203995	T	C	FALSE
12	40542763	rs78214347	8.598e-11	-0.1979	0.0305	0.9762	0.0238	56306	1417791	0.0381969436203995	A	G	FALSE
12	40542894	rs1463721	8.95e-05	-0.0451	0.0115	0.2128	0.2128	56306	1417791	0.0381969436203995	T	C	FALSE
12	40543121	rs1463720	0.00588	0.026	0.0094	0.5526	0.4474	56306	1417791	0.0381969436203995	T	C	FALSE
12	40543454	rs2708463	0.5377	-0.0068	0.0111	0.765	0.235	56306	1417791	0.0381969436203995	A	G	FALSE
12	40543545	rs17458808	7.276e-11	0.1987	0.0305	0.0238	0.0238	56306	1417791	0.0381969436203995	A	T	FALSE
12	40543693	rs1463719	0.006714	0.0256	0.0094	0.5521	0.4479	56306	1417791	0.0381969436203995	T	C	FALSE
12	40543733	rs2638267	0.4631	0.0075	0.0102	0.3026	0.3026	56306	1417791	0.0381969436203995	A	G	FALSE
12	40544443	rs722817	0.4572	0.0076	0.0103	0.301	0.301	56306	1417791	0.0381969436203995	A	T	FALSE
12	40544639	rs2638266	0.4415	0.0072	0.0094	0.5297	0.4703	56306	1417791	0.0381969436203995	C	G	FALSE
12	40544890	rs17442853	0.8976	-0.0014	0.0112	0.7719	0.2281	56306	1417791	0.0381969436203995	A	G	FALSE
12	40545096	rs1491931	0.4392	-0.0073	0.0094	0.4698	0.4698	56306	1417791	0.0381969436203995	T	C	FALSE
12	40545410	rs17458836	2.881e-10	-0.1051	0.0167	0.9176	0.0824	56306	1417791	0.0381969436203995	A	C	FALSE
12	40545488	rs7974972	0.9292	-0.001	0.0112	0.7719	0.2281	56306	1417791	0.0381969436203995	T	C	FALSE
12	40545618	rs10506145	8.991e-07	-0.0685	0.0139	0.1454	0.1454	56306	1417791	0.0381969436203995	T	G	FALSE
12	40545952	rs1388592	4.669e-08	0.1007	0.0184	0.9279	0.0721000000000001	56306	1417791	0.0381969436203995	A	G	FALSE
12	40546330	rs1388591	0.4817	0.0072	0.0102	0.3029	0.3029	56306	1417791	0.0381969436203995	T	C	FALSE
12	40546446	rs10878160	6.965e-05	0.046	0.0116	0.786	0.214	56306	1417791	0.0381969436203995	A	G	FALSE
12	40546501	rs2638264	0.4554	0.007	0.0094	0.531	0.469	56306	1417791	0.0381969436203995	A	G	FALSE
12	40546554	rs10878161	5.695e-05	-0.0466	0.0116	0.2142	0.2142	56306	1417791	0.0381969436203995	T	C	FALSE
12	40546736	rs10878162	7.079e-05	-0.0457	0.0115	0.2129	0.2129	56306	1417791	0.0381969436203995	A	G	FALSE
12	40546800	rs2638263	0.5129	-0.0061	0.0094	0.4708	0.4708	56306	1417791	0.0381969436203995	A	T	FALSE
12	40546878	rs75748985	5.851e-07	0.0678	0.0136	0.8547	0.1453	56306	1417791	0.0381969436203995	A	T	FALSE
12	40547046	rs2638262	0.5083	0.0062	0.0094	0.5291	0.4709	56306	1417791	0.0381969436203995	A	G	FALSE
12	40547379	rs9652020	5.432e-08	-0.1004	0.0185	0.0715	0.0715	56306	1417791	0.0381969436203995	A	G	FALSE
12	40547709	rs1388590	0.5226	-0.006	0.0094	0.4697	0.4697	56306	1417791	0.0381969436203995	T	C	FALSE
12	40547750	rs11564122	3.217e-06	0.0963	0.0207	0.0827	0.0827	42598	1322509	0.0312048799105125	A	G	FALSE
12	40547803	rs79149174	1.225e-09	-0.1024	0.0169	0.9169	0.0831	55137	1416823	0.0374582189733417	A	G	FALSE
12	40548078	rs11175371	0.05764	0.022	0.0116	0.7877	0.2123	56306	1417791	0.0381969436203995	A	G	FALSE
12	40548963	rs2638260	0.4515	0.0071	0.0094	0.5257	0.4743	56306	1417791	0.0381969436203995	T	G	FALSE
12	40549128	rs117825255	0.9809	-0.001	0.04	0.0204	0.0204	37688	981372	0.0369831020744608	T	C	FALSE
12	40549663	rs78801254	5.502e-07	-0.0679	0.0136	0.1451	0.1451	56306	1417791	0.0381969436203995	T	C	FALSE
12	40549708	rs1352876	0.9232	9e-04	0.0096	0.5157	0.4843	56306	1417791	0.0381969436203995	T	C	FALSE
12	40550060	rs1491930	0.6125	-0.0052	0.0102	0.6961	0.3039	56306	1417791	0.0381969436203995	A	T	FALSE
12	40550073	rs11564215	0.3629	-0.0131	0.0144	0.126	0.126	56306	1417791	0.0381969436203995	A	C	FALSE
12	40550174	rs11564132	3.236e-10	0.1049	0.0167	0.0823	0.0823	56306	1417791	0.0381969436203995	T	C	FALSE
12	40550324	rs2638259	0.002627	0.0283	0.0094	0.5533	0.4467	56306	1417791	0.0381969436203995	A	G	FALSE
12	40550831	rs10437933	6.179e-05	0.0463	0.0116	0.7874	0.2126	56306	1417791	0.0381969436203995	T	C	FALSE
12	40551044	rs10437934	4.284e-05	0.0471	0.0115	0.7862	0.2138	56306	1417791	0.0381969436203995	T	C	FALSE
12	40551073	rs7959787	3.023e-10	0.1057	0.0168	0.0817	0.0817	56306	1417791	0.0381969436203995	T	C	FALSE
12	40551544	rs11564276	0.9864	2e-04	0.0112	0.7732	0.2268	56306	1417791	0.0381969436203995	A	G	FALSE
12	40551879	rs74869552	0.006373	0.1551	0.0568	0.0247	0.0247	33674	449056	0.0697574213328362	A	G	FALSE
12	40552165	rs17442924	3.514e-10	0.1977	0.0315	0.0228	0.0228	56306	1417791	0.0381969436203995	C	G	FALSE
12	40552202	rs716231	0.5852	0.0051	0.0094	0.5291	0.4709	56306	1417791	0.0381969436203995	C	G	FALSE
12	40552256	rs2638258	0.5988	0.0049	0.0094	0.5291	0.4709	56306	1417791	0.0381969436203995	A	G	FALSE
12	40552264	rs2708464	0.5864	-0.0051	0.0094	0.4707	0.4707	56306	1417791	0.0381969436203995	T	C	FALSE
12	40552417	rs1873613	0.5656	0.0059	0.0102	0.303	0.303	56306	1417791	0.0381969436203995	T	C	FALSE
12	40552451	rs1873612	0.7156	0.0035	0.0096	0.5347	0.4653	55137	1416823	0.0374582189733417	C	G	FALSE
12	40552581	rs1873611	0.5667	0.0059	0.0102	0.303	0.303	56306	1417791	0.0381969436203995	C	G	FALSE
12	40552700	rs10784407	7.669e-05	-0.0455	0.0115	0.2125	0.2125	56306	1417791	0.0381969436203995	A	G	FALSE
12	40552893	rs10878170	4.917e-05	-0.0468	0.0115	0.2126	0.2126	56306	1417791	0.0381969436203995	T	C	FALSE
12	40552895	rs17461429	7.324e-05	0.0738	0.0186	0.0679	0.0679	56306	1417791	0.0381969436203995	T	C	FALSE
12	40553223	rs2708465	0.6537	0.005	0.0111	0.2355	0.2355	56306	1417791	0.0381969436203995	T	G	FALSE
12	40553285	rs1388589	0.5773	0.0052	0.0094	0.5313	0.4687	56306	1417791	0.0381969436203995	A	T	FALSE
12	40553296	rs1388588	0.542	-0.0062	0.0102	0.6946	0.3054	56306	1417791	0.0381969436203995	T	C	FALSE
12	40553558	rs2638257	0.5979	0.005	0.0094	0.5297	0.4703	56306	1417791	0.0381969436203995	A	G	FALSE
12	40553687	rs1491929	0.001961	0.0292	0.0094	0.5536	0.4464	56306	1417791	0.0381969436203995	A	C	FALSE
12	40554016	rs11564214	0.01365	0.1779	0.0721	0.0125	0.0125	29536	974178	0.0294267092020237	A	G	FALSE
12	40554055	rs4363681	0.5843	-0.0051	0.0094	0.4712	0.4712	56306	1417791	0.0381969436203995	T	C	FALSE
12	40554056	rs7305994	3.343e-10	0.1052	0.0167	0.0819	0.0819	56306	1417791	0.0381969436203995	A	G	FALSE
12	40554097	rs11564157	0.5332	-0.0084	0.0135	0.1411	0.1411	56306	1417791	0.0381969436203995	T	C	FALSE
12	40554659	rs2201143	0.002759	0.0282	0.0094	0.5532	0.4468	56306	1417791	0.0381969436203995	A	G	FALSE
12	40554668	rs74567731	6.35e-07	0.0675	0.0136	0.8549	0.1451	56306	1417791	0.0381969436203995	C	G	FALSE
12	40554724	rs2220677	0.002794	0.0281	0.0094	0.5532	0.4468	56306	1417791	0.0381969436203995	A	C	FALSE
12	40554859	rs2708466	0.5586	-0.0055	0.0094	0.4698	0.4698	56306	1417791	0.0381969436203995	T	C	FALSE
12	40554892	rs2708467	0.003431	0.0276	0.0094	0.5525	0.4475	56306	1417791	0.0381969436203995	T	C	FALSE
12	40554973	rs73107684	0.04534	0.0706	0.0353	0.0217	0.0217	55137	1416823	0.0374582189733417	A	G	FALSE
12	40555429	rs2131083	0.004376	-0.0269	0.0094	0.4489	0.4489	56306	1417791	0.0381969436203995	A	C	FALSE
12	40555609	rs2131082	0.004536	-0.0268	0.0094	0.4494	0.4494	56306	1417791	0.0381969436203995	C	G	FALSE
12	40555632	rs2708470	0.00454	-0.0268	0.0094	0.4494	0.4494	56306	1417791	0.0381969436203995	A	G	FALSE
12	40555821	rs111418867	0.3461	-0.0435	0.0461	0.0145	0.0145	56306	1417791	0.0381969436203995	A	G	FALSE
12	40556157	rs74501770	3.312e-10	0.1048	0.0167	0.0823	0.0823	56306	1417791	0.0381969436203995	A	G	FALSE
12	40556163	rs2708472	0.002813	-0.0281	0.0094	0.4468	0.4468	56306	1417791	0.0381969436203995	T	C	FALSE
12	40556601	rs11175401	6.892e-05	-0.0743	0.0187	0.9325	0.0675	56306	1417791	0.0381969436203995	T	C	FALSE
12	40556860	rs2708473	0.5931	0.005	0.0094	0.529	0.471	56306	1417791	0.0381969436203995	A	G	FALSE
12	40557238	rs2708474	0.5644	-0.0054	0.0094	0.4699	0.4699	56306	1417791	0.0381969436203995	A	C	FALSE
12	40557682	rs10878174	4.07e-05	-0.0476	0.0116	0.2108	0.2108	56306	1417791	0.0381969436203995	A	G	FALSE
12	40557701	rs2638254	0.5421	-0.0057	0.0094	0.4704	0.4704	56306	1417791	0.0381969436203995	T	C	FALSE
12	40557795	rs2708476	0.01163	-0.0239	0.0095	0.4554	0.4554	56306	1417791	0.0381969436203995	C	G	FALSE
12	40557814	rs11175405	0.05959	-0.0219	0.0116	0.2124	0.2124	56306	1417791	0.0381969436203995	T	C	FALSE
12	40558264	rs17458974	3.133e-10	0.1049	0.0167	0.0823	0.0823	56306	1417791	0.0381969436203995	T	C	FALSE
12	40558534	rs2708477	0.6394	0.0048	0.0103	0.3033	0.3033	56306	1417791	0.0381969436203995	A	G	FALSE
12	40558661	rs2708478	0.0001097	0.0722	0.0187	0.0698	0.0698	55137	1416823	0.0374582189733417	A	G	FALSE
12	40558700	rs2708479	0.5902	0.0055	0.0102	0.3045	0.3045	56306	1417791	0.0381969436203995	A	G	FALSE
12	40558713	rs79179868	1.242e-11	0.1541	0.0227	0.0494	0.0494	56306	1417791	0.0381969436203995	A	G	FALSE
12	40558756	rs2708480	0.6162	-0.0047	0.0094	0.4708	0.4708	56306	1417791	0.0381969436203995	A	G	FALSE
12	40558785	rs11175409	0.6454	0.0062	0.0136	0.8598	0.1402	56306	1417791	0.0381969436203995	A	G	FALSE
12	40558790	rs2638253	0.5963	-0.0055	0.0103	0.6973	0.3027	56306	1417791	0.0381969436203995	T	C	FALSE
12	40559062	rs2708481	0.5501	0.0061	0.0102	0.303	0.303	56306	1417791	0.0381969436203995	T	C	FALSE
12	40559127	rs11564194	0.9906	-1e-04	0.0112	0.2266	0.2266	56306	1417791	0.0381969436203995	T	C	FALSE
12	40559300	rs147453112	1.157e-09	0.1906	0.0313	0.0233	0.0233	56306	1417791	0.0381969436203995	T	C	FALSE
12	40559368	rs2708482	0.5523	-0.0061	0.0102	0.697	0.303	56306	1417791	0.0381969436203995	T	C	FALSE
12	40559400	rs139898997	3.32e-10	-0.198	0.0315	0.9772	0.0228	56306	1417791	0.0381969436203995	T	G	FALSE
12	40560203	rs2708485	0.565	0.0054	0.0094	0.5301	0.4699	56306	1417791	0.0381969436203995	A	G	FALSE
12	40560375	rs2708486	0.0002392	-0.0616	0.0168	0.1446	0.1446	42598	1322509	0.0312048799105125	A	T	FALSE
12	40560628	rs7305155	3.185e-10	-0.1049	0.0167	0.9177	0.0823	56306	1417791	0.0381969436203995	A	G	FALSE
12	40560668	rs2708487	0.5522	0.0061	0.0102	0.3029	0.3029	56306	1417791	0.0381969436203995	T	G	FALSE
12	40560682	rs7308399	0.9559	6e-04	0.0112	0.7732	0.2268	56306	1417791	0.0381969436203995	T	C	FALSE
12	40560741	rs10878180	0.0005914	-0.0395	0.0115	0.2154	0.2154	56306	1417791	0.0381969436203995	T	G	FALSE
12	40561013	rs11175422	5.421e-05	0.0752	0.0186	0.0678	0.0678	56306	1417791	0.0381969436203995	A	C	FALSE
12	40561220	rs2249017	0.5568	0.006	0.0102	0.303	0.303	56306	1417791	0.0381969436203995	A	G	FALSE
12	40561348	rs2307016	6.029e-05	0.0464	0.0116	0.7885	0.2115	56306	1417791	0.0381969436203995	C	G	FALSE
12	40561428	rs2249010	0.5449	0.0062	0.0102	0.3028	0.3028	56306	1417791	0.0381969436203995	T	C	FALSE
12	40561507	rs2248928	0.5559	0.006	0.0102	0.3029	0.3029	56306	1417791	0.0381969436203995	A	G	FALSE
12	40561535	rs1388587	0.5557	0.006	0.0102	0.3029	0.3029	56306	1417791	0.0381969436203995	C	G	FALSE
12	40561638	rs1388586	0.963	-5e-04	0.0116	0.5319	0.4681	42598	1322509	0.0312048799105125	A	T	FALSE
12	40561679	rs728622	0.6268	-0.0046	0.0094	0.4711	0.4711	56306	1417791	0.0381969436203995	A	G	FALSE
12	40561814	rs17443022	0.4853	0.0192	0.0275	0.9584	0.0416	37688	981372	0.0369831020744608	A	G	FALSE
12	40561864	rs728624	0.5608	0.0059	0.0102	0.3028	0.3028	56306	1417791	0.0381969436203995	A	C	FALSE
12	40562013	rs728623	0.5964	-0.005	0.0094	0.4689	0.4689	56306	1417791	0.0381969436203995	A	G	FALSE
12	40562046	rs11564156	0.2044	0.0534	0.0421	0.016	0.016	56306	1417791	0.0381969436203995	T	C	FALSE
12	40562266	rs137941755	4.755e-07	0.1878	0.0373	0.0237	0.0237	56306	1417791	0.0381969436203995	A	C	FALSE
12	40562372	rs2708488	0.00287	-0.0285	0.0095	0.4469	0.4469	55137	1416823	0.0374582189733417	C	G	FALSE
12	40562403	rs115677680	1.643e-10	0.109	0.0171	0.0794	0.0794	56306	1417791	0.0381969436203995	T	C	FALSE
12	40562442	rs2708489	0.5599	0.006	0.0103	0.3013	0.3013	56306	1417791	0.0381969436203995	A	G	FALSE
12	40562530	rs76680676	4.819e-07	-0.0682	0.0135	0.145	0.145	56306	1417791	0.0381969436203995	A	T	FALSE
12	40562742	rs7300197	4.65e-05	-0.0582	0.0143	0.2135	0.2135	42598	1322509	0.0312048799105125	T	G	FALSE
12	40562906	rs1948380	0.6024	-0.0049	0.0094	0.4706	0.4706	56306	1417791	0.0381969436203995	T	C	FALSE
12	40563475	rs2638252	0.5424	-0.0062	0.0102	0.6974	0.3026	56306	1417791	0.0381969436203995	A	T	FALSE
12	40563537	rs7301226	0.6824	-0.0056	0.0136	0.1408	0.1408	56306	1417791	0.0381969436203995	C	G	FALSE
12	40563942	rs1491928	0.5452	0.0062	0.0102	0.3026	0.3026	56306	1417791	0.0381969436203995	C	G	FALSE
12	40564051	rs11564275	4.41e-10	0.104	0.0167	0.0825	0.0825	56306	1417791	0.0381969436203995	T	G	FALSE
12	40564222	rs117916891	2.216e-05	-0.1294	0.0305	0.0312	0.0312	56306	1417791	0.0381969436203995	A	G	FALSE
12	40564232	rs2638251	0.003173	0.0278	0.0094	0.5532	0.4468	56306	1417791	0.0381969436203995	A	G	FALSE
12	40564296	rs149318169	3.754e-10	-0.1974	0.0315	0.9772	0.0228	56306	1417791	0.0381969436203995	A	C	FALSE
12	40564874	rs1491927	0.5816	0.0052	0.0094	0.5293	0.4707	56306	1417791	0.0381969436203995	A	G	FALSE
12	40564878	rs7973688	0.6036	-0.0071	0.0136	0.1395	0.1395	56306	1417791	0.0381969436203995	C	G	FALSE
12	40564921	rs1491926	8.846e-07	0.0676	0.0137	0.8572	0.1428	56306	1417791	0.0381969436203995	A	C	FALSE
12	40564945	rs1491925	0.09334	0.0195	0.0116	0.7874	0.2126	56306	1417791	0.0381969436203995	A	G	FALSE
12	40565161	rs2638250	6.719e-12	0.1111	0.0162	0.0908	0.0908	56306	1417791	0.0381969436203995	A	C	FALSE
12	40565168	rs17465400	8.526e-07	-0.0676	0.0137	0.1163	0.1163	55137	1416823	0.0374582189733417	A	C	FALSE
12	40565298	rs2638249	0.6078	-0.0048	0.0094	0.4716	0.4716	56306	1417791	0.0381969436203995	A	C	FALSE
12	40565683	rs3763985	3.25e-08	0.1043	0.0189	0.9295	0.0705	56306	1417791	0.0381969436203995	C	G	FALSE
12	40566066	rs7314494	0.6114	0.0131	0.0258	0.3077	0.3077	15056	12637	0.543675297006464	A	C	FALSE
12	40566139	rs146640288	2.438e-07	-0.1902	0.0369	0.9765	0.0235	56306	1417791	0.0381969436203995	A	G	FALSE
12	40566219	rs2708491	0.5909	-0.0051	0.0094	0.4704	0.4704	56306	1417791	0.0381969436203995	T	G	FALSE
12	40566379	rs7300065	4.648e-10	-0.1045	0.0168	0.9182	0.0818	56306	1417791	0.0381969436203995	A	G	FALSE
12	40566394	rs7300161	4.93e-10	-0.1043	0.0168	0.9182	0.0818	56306	1417791	0.0381969436203995	A	G	FALSE
12	40566850	rs2708492	0.5936	0.005	0.0094	0.5284	0.4716	56306	1417791	0.0381969436203995	A	G	FALSE
12	40566925	rs11175454	0.06463	-0.025	0.0135	0.15	0.15	56306	1417791	0.0381969436203995	T	C	FALSE
12	40567015	rs117244963	4.28e-10	0.1981	0.0317	0.0228	0.0228	56306	1417791	0.0381969436203995	C	G	FALSE
12	40567252	rs79166808	6.514e-10	0.1027	0.0166	0.0847	0.0847	56306	1417791	0.0381969436203995	T	C	FALSE
12	40567581	rs11175456	0.6522	0.0061	0.0134	0.856	0.144	56306	1417791	0.0381969436203995	A	G	FALSE
12	40567603	rs10878199	7.474e-05	0.0456	0.0115	0.7851	0.2149	56306	1417791	0.0381969436203995	T	G	FALSE
12	40567647	rs2638247	0.08083	0.0201	0.0115	0.785	0.215	56306	1417791	0.0381969436203995	A	G	FALSE
12	40568163	rs77365890	3.856e-10	-0.1043	0.0167	0.9171	0.0829	56306	1417791	0.0381969436203995	C	G	FALSE
12	40568206	rs2708493	0.5641	-0.0054	0.0094	0.4663	0.4663	56306	1417791	0.0381969436203995	A	G	FALSE
12	40568433	rs11175458	0.05409	0.0223	0.0116	0.7879	0.2121	56306	1417791	0.0381969436203995	A	G	FALSE
12	40568463	rs17443064	0.8109	0.0136	0.0567	0.9877	0.0123	56306	1417791	0.0381969436203995	A	G	FALSE
12	40568539	rs6581578	5.587e-05	-0.0468	0.0116	0.2105	0.2105	56306	1417791	0.0381969436203995	T	C	FALSE
12	40568798	rs17443078	4.689e-10	-0.1963	0.0315	0.9772	0.0228	56306	1417791	0.0381969436203995	T	C	FALSE
12	40568945	rs17465428	2.781e-10	0.1054	0.0167	0.0822	0.0822	56306	1417791	0.0381969436203995	A	G	FALSE
12	40569777	rs11564116	3.001e-10	0.1052	0.0167	0.0822	0.0822	56306	1417791	0.0381969436203995	T	C	FALSE
12	40570385	rs2971187	0.699	-0.0043	0.0111	0.7639	0.2361	56306	1417791	0.0381969436203995	A	G	FALSE
12	40571093	rs72644819	5.294e-05	0.0744	0.0184	0.0719	0.0719	56306	1417791	0.0381969436203995	T	C	FALSE
12	40571231	rs140143238	0.9846	-2e-04	0.0113	0.2262	0.2262	56306	1417791	0.0381969436203995	T	G	FALSE
12	40571798	rs145873901	1.787e-10	0.1989	0.0312	0.0233	0.0233	56306	1417791	0.0381969436203995	T	C	FALSE
12	40571905	rs7953143	0.3789	-0.012	0.0137	0.1401	0.1401	56306	1417791	0.0381969436203995	A	C	FALSE
12	40572147	rs2638245	0.4599	0.007	0.0094	0.5311	0.4689	56306	1417791	0.0381969436203995	T	C	FALSE
12	40572224	rs2638244	1.563e-06	0.0482	0.01	0.3201	0.3201	56306	1417791	0.0381969436203995	T	C	FALSE
12	40572710	rs7974522	0.0003384	0.0604	0.0168	0.8576	0.1424	42598	1322509	0.0312048799105125	T	C	FALSE
12	40573341	rs11612806	4.868e-06	-0.0528	0.0116	0.2152	0.2152	56306	1417791	0.0381969436203995	A	G	FALSE
12	40573414	rs17443099	2.108e-06	0.2428	0.0512	0.0166	0.0166	23980	886090	0.0263496214576901	A	G	FALSE
12	40573474	rs2708494	0.3617	-0.0086	0.0094	0.4635	0.4635	56306	1417791	0.0381969436203995	A	C	FALSE
12	40573629	rs17443112	1.458e-06	0.0656	0.0136	0.8564	0.1436	56306	1417791	0.0381969436203995	T	C	FALSE
12	40573814	rs12368891	0.9321	-0.0017	0.0196	0.9262	0.0738	56306	1417791	0.0381969436203995	A	G	FALSE
12	40574041	rs17465463	0.007571	0.1356	0.0508	0.9888	0.0112	56306	1417791	0.0381969436203995	A	G	FALSE
12	40574814	rs113943383	0.114	-0.0697	0.0441	0.0146	0.0146	56306	1417791	0.0381969436203995	T	C	FALSE
12	40574964	rs146097617	1.846e-12	0.1148	0.0163	0.0868	0.0868	56306	1417791	0.0381969436203995	A	G	FALSE
12	40575006	rs142152735	7.889e-08	-0.1187	0.0221	0.0508	0.0508	56306	1417791	0.0381969436203995	A	G	FALSE
12	40575173	rs139408196	6.287e-08	-0.1191	0.022	0.051	0.051	56306	1417791	0.0381969436203995	T	C	FALSE
12	40575630	rs2708404	0.4528	-0.0084	0.0112	0.7699	0.2301	56306	1417791	0.0381969436203995	A	G	FALSE
12	40575821	rs144434562	0.7429	0.0114	0.0348	0.0209	0.0209	56306	1417791	0.0381969436203995	A	G	FALSE
12	40576251	rs114097337	1.704e-12	0.1149	0.0163	0.087	0.087	56306	1417791	0.0381969436203995	T	C	FALSE
12	40576253	rs2952711	1.945e-12	-0.114	0.0162	0.9119	0.0881	56306	1417791	0.0381969436203995	T	G	FALSE
12	40577696	rs2638239	0.3197	-0.0094	0.0094	0.4643	0.4643	56306	1417791	0.0381969436203995	A	T	FALSE
12	40577719	rs2404577	4.113e-06	0.0533	0.0116	0.7854	0.2146	56306	1417791	0.0381969436203995	T	C	FALSE
12	40577791	rs2404578	0.3264	0.0132	0.0135	0.8551	0.1449	56306	1417791	0.0381969436203995	A	G	FALSE
12	40577875	rs138185953	0.005651	0.098	0.0354	0.0196	0.0196	56306	1417791	0.0381969436203995	A	C	FALSE
12	40579274	rs17443140	1.8e-07	-0.1052	0.0202	0.9126	0.0874	42598	1322509	0.0312048799105125	A	T	FALSE
12	40579481	rs11564135	1.734e-12	-0.1148	0.0163	0.913	0.087	56306	1417791	0.0381969436203995	T	C	FALSE
12	40579900	rs17461492	1.659e-06	-0.0653	0.0136	0.1435	0.1435	56306	1417791	0.0381969436203995	A	T	FALSE
12	40580318	rs11175518	2.191e-05	-0.0783	0.0185	0.9317	0.0683	56306	1417791	0.0381969436203995	T	C	FALSE
12	40580440	rs2046932	0.6744	0.0078	0.0186	0.0687	0.0687	56306	1417791	0.0381969436203995	A	G	FALSE
12	40580925	rs17443154	7.588e-10	0.194	0.0315	0.0228	0.0228	56306	1417791	0.0381969436203995	C	G	FALSE
12	40581331	rs12369765	2.24e-05	-0.0782	0.0185	0.9317	0.0683	56306	1417791	0.0381969436203995	A	T	FALSE
12	40581692	rs187009983	1.296e-06	0.1825	0.0377	0.0239	0.0239	42598	1322509	0.0312048799105125	A	T	FALSE
12	40581818	rs149704101	0.007669	0.0949	0.0356	0.0201	0.0201	56306	1417791	0.0381969436203995	A	C	FALSE
12	40582532	rs77627926	0.03022	-0.0621	0.0287	0.0319	0.0319	56306	1417791	0.0381969436203995	T	C	FALSE
12	40582577	rs76317623	2.756e-09	0.1944	0.0327	0.0226	0.0226	55137	1416823	0.0374582189733417	T	C	FALSE
12	40582704	rs55993200	1.642e-06	-0.0653	0.0136	0.1435	0.1435	56306	1417791	0.0381969436203995	A	G	FALSE
12	40582993	rs2263418	5.409e-20	0.1343	0.0147	0.1104	0.1104	56306	1417791	0.0381969436203995	A	G	FALSE
12	40583099	rs1844922	0.4048	0.0078	0.0094	0.5321	0.4679	56306	1417791	0.0381969436203995	T	G	FALSE
12	40583140	rs75519193	8.1e-10	0.1937	0.0315	0.0228	0.0228	56306	1417791	0.0381969436203995	A	G	FALSE
12	40583821	rs17465519	1.08e-06	-0.0661	0.0136	0.1454	0.1454	56306	1417791	0.0381969436203995	T	C	FALSE
12	40583826	rs7969112	2.119e-06	0.055	0.0116	0.7859	0.2141	56306	1417791	0.0381969436203995	T	C	FALSE
12	40584339	rs193241156	0.4563	-0.0407	0.0546	0.016	0.016	35345	1315724	0.0261607660304544	T	C	FALSE
12	40584364	rs78713787	0.559	0.0322	0.0551	0.9878	0.0122	36519	980404	0.0359112735182506	T	C	FALSE
12	40584452	rs77184916	0.2684	-0.0344	0.0311	0.0293	0.0293	56306	1417791	0.0381969436203995	A	C	FALSE
12	40584971	rs117549742	1.57e-06	-0.0653	0.0136	0.1435	0.1435	56306	1417791	0.0381969436203995	T	G	FALSE
12	40585056	rs117862713	2.373e-06	-0.065	0.0138	0.1437	0.1437	55137	1416823	0.0374582189733417	T	C	FALSE
12	40585233	rs1602577	0.6049	0.0095	0.0184	0.076	0.076	55137	1416823	0.0374582189733417	A	G	FALSE
12	40585642	rs73102251	0.08625	0.0733	0.0427	0.9503	0.0497	47382	544338	0.0800750354897587	A	T	FALSE
12	40586065	rs17443178	8.305e-10	-0.1936	0.0315	0.9772	0.0228	56306	1417791	0.0381969436203995	A	T	FALSE
12	40586107	rs17443185	4.307e-10	0.2093	0.0335	0.022	0.022	56306	1417791	0.0381969436203995	A	G	FALSE
12	40586295	rs11175540	8.132e-05	0.0895	0.0227	0.0677	0.0677	42598	1322509	0.0312048799105125	A	T	FALSE
12	40586433	rs17443199	0.1157	-0.0182	0.0116	0.2113	0.2113	56306	1417791	0.0381969436203995	C	G	FALSE
12	40587014	rs17443206	8.607e-10	0.1936	0.0316	0.0228	0.0228	56306	1417791	0.0381969436203995	T	C	FALSE
12	40587521	rs17484003	4.96e-10	-0.1901	0.0306	0.9762	0.0238	56306	1417791	0.0381969436203995	T	C	FALSE
12	40587700	rs17465540	1.61e-06	0.0652	0.0136	0.8565	0.1435	56306	1417791	0.0381969436203995	A	G	FALSE
12	40587702	rs1844921	0.5837	0.0052	0.0095	0.536	0.464	56306	1417791	0.0381969436203995	T	C	FALSE
12	40587815	rs11175546	8.185e-06	-0.1085	0.0243	0.9544	0.0456	56306	1417791	0.0381969436203995	T	C	FALSE
12	40587930	rs1491924	2.506e-05	-0.0776	0.0184	0.9317	0.0683	56306	1417791	0.0381969436203995	T	C	FALSE
12	40588408	rs10878208	8.954e-07	0.0491	0.01	0.3224	0.3224	56306	1417791	0.0381969436203995	T	C	FALSE
12	40588590	rs7310104	9.169e-07	0.0491	0.01	0.3228	0.3228	56306	1417791	0.0381969436203995	A	G	FALSE
12	40588678	rs7975693	0.2121	-0.0173	0.0139	0.1384	0.1384	56306	1417791	0.0381969436203995	T	C	FALSE
12	40588898	rs113553365	0.09144	-0.0681	0.0404	0.0156	0.0156	56306	1417791	0.0381969436203995	A	C	FALSE
12	40589107	rs2046931	8.986e-07	0.049	0.01	0.3225	0.3225	56306	1417791	0.0381969436203995	A	G	FALSE
12	40589206	rs76180339	2.143e-12	0.1139	0.0162	0.0881	0.0881	56306	1417791	0.0381969436203995	T	C	FALSE
12	40589829	rs17443234	0.5903	-0.0191	0.0355	0.022	0.022	56306	1417791	0.0381969436203995	T	G	FALSE
12	40590585	rs147922178	0.07542	0.0738	0.0415	0.0163	0.0163	56306	1417791	0.0381969436203995	A	G	FALSE
12	40590620	rs11564274	1.408e-12	0.1146	0.0162	0.088	0.088	56306	1417791	0.0381969436203995	T	C	FALSE
12	40591117	rs1491923	1.146e-06	-0.0485	0.01	0.6775	0.3225	56306	1417791	0.0381969436203995	A	G	FALSE
12	40591173	rs1491922	1.203e-05	-0.044	0.0101	0.681	0.319	56306	1417791	0.0381969436203995	T	C	FALSE
12	40591385	rs117256087	0.1296	-0.0654	0.0431	0.9847	0.0153	56306	1417791	0.0381969436203995	T	C	FALSE
12	40591612	rs11564212	6.841e-10	0.1886	0.0306	0.0237	0.0237	56306	1417791	0.0381969436203995	T	G	FALSE
12	40592064	rs79410089	5.989e-14	-0.1305	0.0174	0.9223	0.0777	56306	1417791	0.0381969436203995	T	G	FALSE
12	40592225	rs2708418	3.631e-16	-0.0818	0.01	0.3315	0.3315	56306	1417791	0.0381969436203995	A	G	FALSE
12	40592340	rs4767965	2.926e-10	0.1929	0.0306	0.0237	0.0237	56306	1417791	0.0381969436203995	A	G	FALSE
12	40592388	rs2708419	3.205e-16	0.0815	0.01	0.663	0.337	56306	1417791	0.0381969436203995	T	C	FALSE
12	40592501	rs2708420	1.024e-11	0.0839	0.0123	0.6664	0.3336	42598	1322509	0.0312048799105125	T	G	FALSE
12	40592628	rs190894308	2.023e-06	-0.1802	0.0379	0.9762	0.0238	42598	1322509	0.0312048799105125	A	G	FALSE
12	40593012	rs140745175	0.006749	-0.0941	0.0347	0.9767	0.0233	56306	1417791	0.0381969436203995	T	C	FALSE
12	40593403	rs2708421	0.05525	0.0182	0.0095	0.5705	0.4295	56306	1417791	0.0381969436203995	T	C	FALSE
12	40593676	rs2708422	1.234e-16	-0.0829	0.01	0.3325	0.3325	56306	1417791	0.0381969436203995	T	C	FALSE
12	40593919	rs17465610	5.062e-10	0.1903	0.0306	0.0238	0.0238	56306	1417791	0.0381969436203995	T	C	FALSE
12	40594570	rs2708424	2.934e-17	0.0846	0.01	0.6692	0.3308	56306	1417791	0.0381969436203995	T	C	FALSE
12	40594722	rs2638233	4.345e-17	0.0841	0.01	0.6688	0.3312	56306	1417791	0.0381969436203995	A	C	FALSE
12	40596166	rs1491934	6.312e-11	0.131	0.02	0.096	0.096	42598	1322509	0.0312048799105125	A	T	FALSE
12	40596167	rs1491935	2.756e-07	0.0666	0.013	0.7157	0.2843	42598	1322509	0.0312048799105125	A	T	FALSE
12	40597279	rs138053637	4.288e-09	-0.1893	0.0322	0.9774	0.0226	56306	1417791	0.0381969436203995	T	C	FALSE
12	40597426	rs184286273	0.06628	-0.0949	0.0517	0.9864	0.0135999999999999	42598	1322509	0.0312048799105125	T	C	FALSE
12	40597536	rs140053619	0.00392	-0.1482	0.0514	0.0108	0.0108	56306	1417791	0.0381969436203995	T	C	FALSE
12	40597545	rs4768221	0.896	-0.0012	0.0094	0.5339	0.4661	56306	1417791	0.0381969436203995	T	G	FALSE
12	40597612	rs117762348	9.981e-16	-0.1416	0.0176	0.9279	0.0721000000000001	56306	1417791	0.0381969436203995	A	G	FALSE
12	40597869	rs4767967	0.8836	-0.0014	0.0094	0.5325	0.4675	56306	1417791	0.0381969436203995	T	C	FALSE
12	40598152	rs11564273	1.238e-15	-0.1412	0.0177	0.9279	0.0721000000000001	56306	1417791	0.0381969436203995	T	G	FALSE
12	40598871	rs2708426	0.001387	0.0482	0.0151	0.1071	0.1071	56306	1417791	0.0381969436203995	T	C	FALSE
12	40599398	rs10506147	1.103e-09	-0.1864	0.0306	0.9764	0.0236	56306	1417791	0.0381969436203995	T	C	FALSE
12	40600696	rs2723259	8.482e-18	0.0857	0.01	0.6695	0.3305	56306	1417791	0.0381969436203995	A	G	FALSE
12	40600942	rs2131086	0.0288	0.0207	0.0095	0.5752	0.4248	56306	1417791	0.0381969436203995	T	C	FALSE
12	40601708	rs2723260	0.001233	0.0486	0.015	0.107	0.107	56306	1417791	0.0381969436203995	T	G	FALSE
12	40601940	rs11175593	1.048e-09	0.1864	0.0306	0.0236	0.0236	56306	1417791	0.0381969436203995	T	C	FALSE
12	40602224	rs1491932	1.291e-17	-0.0864	0.0101	0.3306	0.3306	56306	1417791	0.0381969436203995	T	G	FALSE
12	40602765	rs6581593	2.004e-15	0.1403	0.0177	0.0716	0.0716	56306	1417791	0.0381969436203995	T	C	FALSE
12	40603316	rs2279535	4.754e-18	-0.0864	0.01	0.3298	0.3298	56306	1417791	0.0381969436203995	T	C	FALSE
12	40603676	rs118075840	0.2925	-0.0264	0.0251	0.04	0.04	56306	1417791	0.0381969436203995	T	G	FALSE
12	40604075	rs2638230	1.208e-16	-0.0828	0.01	0.3334	0.3334	56306	1417791	0.0381969436203995	T	G	FALSE
12	40604608	rs10784428	0.846	0.0018	0.0094	0.4653	0.4653	56306	1417791	0.0381969436203995	A	C	FALSE
12	40604821	rs2172240	0.001848	0.0468	0.015	0.1087	0.1087	56306	1417791	0.0381969436203995	A	C	FALSE
12	40604939	rs76664306	1.856e-09	0.1901	0.0316	0.0227	0.0227	56306	1417791	0.0381969436203995	A	G	FALSE
12	40605127	rs2131079	0.003214	0.1643	0.0558	0.0252	0.0252	33674	449056	0.0697574213328362	A	T	FALSE
12	40605128	rs2131080	0.003215	0.1643	0.0558	0.0252	0.0252	33674	449056	0.0697574213328362	T	C	FALSE
12	40605202	rs144547328	0.1344	0.117	0.0781	0.986	0.014	35345	1315724	0.0261607660304544	C	G	FALSE
12	40605204	rs17443304	0.8668	-0.0068	0.0404	0.9778	0.0222	30435	974587	0.0302829191798786	A	G	FALSE
12	40605526	rs76826991	7.141e-15	0.1382	0.0178	0.0713	0.0713	56306	1417791	0.0381969436203995	T	C	FALSE
12	40605916	rs2263419	1.101e-17	0.0854	0.01	0.6697	0.3303	56306	1417791	0.0381969436203995	A	G	FALSE
12	40606001	rs2172241	0.001259	0.0485	0.015	0.1072	0.1072	56306	1417791	0.0381969436203995	T	C	FALSE
12	40606007	rs2263420	1.049e-17	0.0855	0.01	0.67	0.33	56306	1417791	0.0381969436203995	T	C	FALSE
12	40606552	rs1907630	0.00118	0.0489	0.0151	0.1069	0.1069	56306	1417791	0.0381969436203995	A	G	FALSE
12	40606663	rs1907631	0.001364	-0.0486	0.0152	0.8939	0.1061	56306	1417791	0.0381969436203995	T	C	FALSE
12	40606702	rs17519419	3.229e-08	-0.1178	0.0213	0.0532	0.0532	56306	1417791	0.0381969436203995	T	C	FALSE
12	40606992	rs17465681	6.893e-09	0.1269	0.0219	0.0727	0.0727	42598	1322509	0.0312048799105125	A	G	FALSE
12	40607098	rs2201141	8.015e-18	0.0858	0.01	0.6699	0.3301	56306	1417791	0.0381969436203995	A	G	FALSE
12	40607510	rs73102291	0.07545	-0.0274	0.0154	0.136	0.136	56306	1417791	0.0381969436203995	A	G	FALSE
12	40607566	rs1388593	0.001104	0.0492	0.0151	0.107	0.107	56306	1417791	0.0381969436203995	A	G	FALSE
12	40607647	rs1388594	0.02439	0.0213	0.0095	0.5758	0.4242	56306	1417791	0.0381969436203995	T	C	FALSE
12	40607709	rs76906269	1.61e-09	-0.1906	0.0316	0.9773	0.0227000000000001	56306	1417791	0.0381969436203995	A	G	FALSE
12	40607766	rs7973254	4.618e-18	0.0865	0.01	0.6705	0.3295	56306	1417791	0.0381969436203995	T	C	FALSE
12	40607891	rs7970326	4.281e-18	0.0865	0.01	0.6705	0.3295	56306	1417791	0.0381969436203995	A	C	FALSE
12	40608880	rs10878220	0.7982	0.0024	0.0093	0.4677	0.4677	56306	1417791	0.0381969436203995	T	C	FALSE
12	40609580	rs17461575	8.076e-10	0.1863	0.0303	0.0238	0.0238	56306	1417791	0.0381969436203995	T	C	FALSE
12	40609581	rs11613206	2.483e-08	-0.1191	0.0214	0.0528	0.0528	56306	1417791	0.0381969436203995	A	G	FALSE
12	40609750	rs11564107	4.236e-09	-0.1799	0.0306	0.9761	0.0239	55137	1416823	0.0374582189733417	A	G	FALSE
12	40609883	rs2638272	4.46e-18	0.0867	0.01	0.6694	0.3306	56306	1417791	0.0381969436203995	A	G	FALSE
12	40609979	rs12827541	0.8107	0.0022	0.0094	0.4645	0.4645	56306	1417791	0.0381969436203995	T	C	FALSE
12	40610718	rs10878222	0.7919	0.0025	0.0093	0.468	0.468	56306	1417791	0.0381969436203995	A	G	FALSE
12	40610744	rs149124411	0.5548	0.029	0.0491	0.0155	0.0155	42598	1322509	0.0312048799105125	T	C	FALSE
12	40610863	rs2201144	0.7666	-0.0059	0.02	0.9399	0.0601	56306	1417791	0.0381969436203995	T	C	FALSE
12	40610864	rs11175620	3.413e-20	0.1307	0.0142	0.12	0.12	56306	1417791	0.0381969436203995	C	G	FALSE
12	40611618	rs4291738	2.273e-08	-0.1196	0.0214	0.0528	0.0528	56306	1417791	0.0381969436203995	T	G	FALSE
12	40611670	rs117408408	1.866e-09	-0.1983	0.033	0.978	0.022	56306	1417791	0.0381969436203995	A	G	FALSE
12	40613997	rs1602578	0.7906	-0.0025	0.0094	0.5302	0.4698	56306	1417791	0.0381969436203995	T	G	FALSE
12	40614062	rs117528165	1.05e-09	0.1924	0.0315	0.0231	0.0231	56306	1417791	0.0381969436203995	T	C	FALSE
12	40614320	rs1907634	0.8114	0.0048	0.0203	0.0576	0.0576	56306	1417791	0.0381969436203995	A	G	FALSE
12	40614434	rs76904798	1.524e-28	0.1439	0.013	0.1444	0.1444	56306	1417791	0.0381969436203995	T	C	TRUE
12	40614601	rs10878224	0.8653	0.0016	0.0094	0.4663	0.4663	56306	1417791	0.0381969436203995	T	C	FALSE
12	40614656	rs2708435	1.907e-18	-0.0878	0.01	0.331	0.331	56306	1417791	0.0381969436203995	A	G	FALSE
12	40614746	rs2708436	0.809	0.0049	0.0203	0.0576	0.0576	56306	1417791	0.0381969436203995	A	G	FALSE
12	40614779	rs2708437	0.8059	0.005	0.0203	0.0576	0.0576	56306	1417791	0.0381969436203995	T	C	FALSE
12	40615069	rs10748014	0.8	0.0024	0.0094	0.4686	0.4686	56306	1417791	0.0381969436203995	T	C	FALSE
12	40615376	rs116859512	0.7508	-0.0159	0.0501	0.0198	0.0198	49053	1411006	0.0335965875351613	T	G	FALSE
12	40615432	rs2708438	0.777	-0.0058	0.0206	0.9432	0.0568	56306	1417791	0.0381969436203995	A	G	FALSE
12	40616166	rs1388598	2.129e-08	-0.12	0.0214	0.0528	0.0528	56306	1417791	0.0381969436203995	A	G	FALSE
12	40616217	rs1472117	0.8607	0.0044	0.025	0.0579	0.0579	42598	1322509	0.0312048799105125	T	C	FALSE
12	40616414	rs28365207	2.097e-08	0.12	0.0214	0.9472	0.0528	56306	1417791	0.0381969436203995	A	G	FALSE
12	40617202	rs7294619	7.745e-20	-0.1276	0.014	0.8783	0.1217	56306	1417791	0.0381969436203995	T	C	FALSE
12	40617231	rs7136502	0.0002607	-0.1622	0.0444	0.9865	0.0135	55537	1417596	0.0376999225460294	A	G	FALSE
12	40617621	rs1472115	0.9569	-0.0029	0.0545	0.0107	0.0107	55137	1416823	0.0374582189733417	T	G	FALSE
12	40617692	rs10878226	1.073e-19	0.127	0.014	0.1219	0.1219	56306	1417791	0.0381969436203995	C	G	FALSE
12	40617759	rs141560291	0.2379	0.0762	0.0645	0.988	0.012	36235	1316361	0.0267892260512378	T	C	FALSE
12	40618097	rs1388597	1.424e-10	-0.1989	0.031	0.9765	0.0235	56306	1417791	0.0381969436203995	A	G	FALSE
12	40618412	rs1491945	0.6593	0.1328	0.3013	0.0153	0.0153	16191	97896	0.141918009939783	A	G	FALSE
12	40618714	rs139549144	7.419e-10	-0.1868	0.0303	0.976	0.024	56306	1417791	0.0381969436203995	C	G	FALSE
12	40619757	rs17465737	0.446	0.0269	0.0353	0.9683	0.0317	42598	1322509	0.0312048799105125	T	C	FALSE
12	40620416	rs1491943	1.582e-08	0.121	0.0214	0.9472	0.0528	56306	1417791	0.0381969436203995	A	T	FALSE
12	40620808	rs1491942	1.254e-13	-0.1049	0.0142	0.7964	0.2036	42598	1322509	0.0312048799105125	C	G	FALSE
12	40620815	rs1491941	1.531e-12	0.0871	0.0123	0.6716	0.3284	42598	1322509	0.0312048799105125	A	G	FALSE
12	40620881	rs17465751	1.341e-10	0.2103	0.0327	0.0334	0.0334	56306	1417791	0.0381969436203995	T	C	FALSE
12	40621156	rs149406366	6.271e-10	0.1874	0.0303	0.024	0.024	56306	1417791	0.0381969436203995	A	G	FALSE
12	40621892	rs11175645	2.006e-19	-0.1263	0.014	0.8782	0.1218	56306	1417791	0.0381969436203995	A	G	FALSE
12	40621904	rs4567538	6.901e-18	-0.0868	0.0101	0.3266	0.3266	56306	1417791	0.0381969436203995	T	C	FALSE
12	40621958	rs139485922	0.2447	-0.075	0.0645	0.012	0.012	36235	1316361	0.0267892260512378	T	C	FALSE
12	40622468	rs150540643	6.608e-10	0.1872	0.0303	0.024	0.024	56306	1417791	0.0381969436203995	A	C	FALSE
12	40622790	rs12230685	0.003702	-0.0395	0.0136	0.1426	0.1426	56306	1417791	0.0381969436203995	T	C	FALSE
12	40622804	rs78583245	0.007239	0.314	0.1169	0.011	0.011	26826	106756	0.200820469823779	T	C	FALSE
12	40623324	rs75143074	1.087e-09	-0.1928	0.0316	0.9773	0.0227000000000001	56306	1417791	0.0381969436203995	A	C	FALSE
12	40623727	rs11175655	3.377e-19	0.1249	0.0139	0.1224	0.1224	56306	1417791	0.0381969436203995	A	G	FALSE
12	40623755	rs11175656	0.8168	0.0022	0.0094	0.4661	0.4661	56306	1417791	0.0381969436203995	A	G	FALSE
12	40624310	rs11175658	3.068e-19	-0.1252	0.014	0.8775	0.1225	56306	1417791	0.0381969436203995	A	G	FALSE
12	40625081	rs74324737	8.335e-19	0.1246	0.0141	0.1216	0.1216	56306	1417791	0.0381969436203995	A	G	FALSE
12	40625167	rs2708441	0.6798	0.0084	0.0204	0.0567	0.0567	56306	1417791	0.0381969436203995	A	C	FALSE
12	40625798	rs148217035	0.6995	0.0199	0.0514	0.0154	0.0154	23980	886090	0.0263496214576901	T	G	FALSE
12	40626378	rs1352877	0.4623	0.0212	0.0288	0.9691	0.0309	56306	1417791	0.0381969436203995	A	T	FALSE
12	40627004	rs1817817	0.6766	0.0085	0.0204	0.0566	0.0566	56306	1417791	0.0381969436203995	A	G	FALSE
12	40627456	rs117544909	1.061e-09	-0.193	0.0316	0.9772	0.0228	56306	1417791	0.0381969436203995	A	T	FALSE
12	40628232	rs150082974	1.02e-11	0.175	0.0257	0.0402	0.0402	56306	1417791	0.0381969436203995	A	G	FALSE
12	40628433	rs11175666	2.923e-19	0.1256	0.014	0.1231	0.1231	56306	1417791	0.0381969436203995	T	C	FALSE
12	40628586	rs2723268	0.6511	-0.0092	0.0204	0.9435	0.0565	56306	1417791	0.0381969436203995	T	G	FALSE
12	40629554	rs2131088	0.6518	-0.0102	0.0226	0.9448	0.0552	56306	1417791	0.0381969436203995	A	T	FALSE
12	40629747	rs117297508	5.11e-10	0.1868	0.03	0.0245	0.0245	56306	1417791	0.0381969436203995	T	C	FALSE
12	40629787	rs2723269	0.5792	-0.0113	0.0204	0.9438	0.0562	56306	1417791	0.0381969436203995	A	T	FALSE
12	40630639	rs11564115	0.1623	-0.0425	0.0304	0.9748	0.0252	56306	1417791	0.0381969436203995	T	G	FALSE
12	40631608	rs10878244	3.057e-17	0.099	0.0117	0.1926	0.1926	56306	1417791	0.0381969436203995	A	G	FALSE
12	40631727	rs2723270	0.6195	0.0135	0.0271	0.9686	0.0314	56306	1417791	0.0381969436203995	T	G	FALSE
12	40631791	rs10878245	1.396e-07	-0.0508	0.0096	0.3871	0.3871	56306	1417791	0.0381969436203995	T	C	FALSE
12	40632099	rs10878246	1.463e-16	-0.0953	0.0115	0.8013	0.1987	56306	1417791	0.0381969436203995	T	G	FALSE
12	40632100	rs10878247	6.053e-15	-0.0812	0.0104	0.2862	0.2862	56306	1417791	0.0381969436203995	T	C	FALSE
12	40632594	rs10506148	0.2193	0.0379	0.0308	0.0244	0.0244	56306	1417791	0.0381969436203995	A	G	FALSE
12	40632958	rs954884	3.909e-07	0.0491	0.0097	0.6275	0.3725	56306	1417791	0.0381969436203995	T	G	FALSE
12	40633314	rs10878249	0.1186	0.0147	0.0094	0.5658	0.4342	56306	1417791	0.0381969436203995	T	C	FALSE
12	40633488	rs10784444	1.804e-07	0.0509	0.0098	0.6277	0.3723	56306	1417791	0.0381969436203995	A	G	FALSE
12	40634158	rs6581622	1.144e-14	0.0799	0.0103	0.7084	0.2916	56306	1417791	0.0381969436203995	T	C	FALSE
12	40634203	rs11564187	6.804e-10	-0.1805	0.0293	0.9743	0.0256999999999999	56306	1417791	0.0381969436203995	A	G	FALSE
12	40634819	rs11564210	7.812e-10	0.1798	0.0292	0.0257	0.0257	56306	1417791	0.0381969436203995	T	C	FALSE
12	40634991	rs11564153	8.129e-10	0.1797	0.0292	0.0257	0.0257	56306	1417791	0.0381969436203995	T	C	FALSE
12	40635356	rs17519573	1.603e-16	0.0951	0.0115	0.1986	0.1986	56306	1417791	0.0381969436203995	A	G	FALSE
12	40639561	rs2404580	1.104e-07	-0.0503	0.0095	0.4185	0.4185	56306	1417791	0.0381969436203995	A	G	FALSE
12	40639901	rs2404581	2.57e-12	0.067	0.0096	0.6036	0.3964	56306	1417791	0.0381969436203995	T	C	FALSE
12	40639962	rs187455350	4.06e-06	-0.1701	0.0369	0.9749	0.0251	42598	1322509	0.0312048799105125	A	G	FALSE
12	40640160	rs1388599	5.321e-05	0.0657	0.0163	0.9021	0.0979	56306	1417791	0.0381969436203995	T	C	FALSE
12	40640339	rs148547517	1.027e-09	-0.1885	0.0309	0.9761	0.0239	56306	1417791	0.0381969436203995	A	G	FALSE
12	40640626	rs1388596	0.5541	-0.0122	0.0206	0.9439	0.0561	56306	1417791	0.0381969436203995	A	G	FALSE
12	40641692	rs10878258	4.456e-08	0.0571	0.0104	0.7182	0.2818	56306	1417791	0.0381969436203995	A	G	FALSE
12	40643071	rs73106354	0.01733	0.0562	0.0236	0.9361	0.0639	56306	1417791	0.0381969436203995	A	G	FALSE
12	40643468	rs732374	0.191	-0.0125	0.0096	0.384	0.384	56306	1417791	0.0381969436203995	T	C	FALSE
12	40644279	rs10878262	0.1828	0.0128	0.0096	0.6162	0.3838	56306	1417791	0.0381969436203995	T	C	FALSE
12	40644305	rs12371502	8.625e-08	-0.0508	0.0095	0.417	0.417	56306	1417791	0.0381969436203995	T	C	FALSE
12	40644367	rs11175729	0.001553	-0.0384	0.0121	0.1851	0.1851	56306	1417791	0.0381969436203995	T	C	FALSE
12	40644433	rs144326430	0.723	-0.0154	0.0434	0.0142	0.0142	56306	1417791	0.0381969436203995	T	G	FALSE
12	40644503	rs17443407	1.914e-07	-0.1091	0.021	0.0545	0.0545	56306	1417791	0.0381969436203995	T	C	FALSE
12	40644555	rs117502843	9.54e-10	0.189	0.0309	0.0239	0.0239	56306	1417791	0.0381969436203995	A	G	FALSE
12	40644752	rs17443414	2.004e-07	0.1089	0.0209	0.9455	0.0545	56306	1417791	0.0381969436203995	A	G	FALSE
12	40644874	rs7134379	4.116e-08	-0.0573	0.0104	0.2819	0.2819	56306	1417791	0.0381969436203995	T	C	FALSE
12	40645257	rs7955902	0.171	-0.0131	0.0096	0.3836	0.3836	56306	1417791	0.0381969436203995	A	C	FALSE
12	40645596	rs1491939	0.6597	-0.0089	0.0203	0.9431	0.0569	56306	1417791	0.0381969436203995	A	G	FALSE
12	40645630	rs1491938	1.083e-07	0.0503	0.0095	0.5816	0.4184	56306	1417791	0.0381969436203995	A	G	FALSE
12	40645737	rs117203131	7.002e-10	0.1905	0.0309	0.0239	0.0239	56306	1417791	0.0381969436203995	A	G	FALSE
12	40646534	rs12422796	3.875e-10	0.1846	0.0295	0.0254	0.0254	56306	1417791	0.0381969436203995	A	G	FALSE
12	40646948	rs7969677	0.001579	-0.0383	0.0121	0.1847	0.1847	56306	1417791	0.0381969436203995	A	G	FALSE
12	40647645	rs1463717	8.553e-10	0.1797	0.0293	0.0257	0.0257	56306	1417791	0.0381969436203995	T	G	FALSE
12	40647956	rs150645252	5.568e-10	0.1971	0.0318	0.0237	0.0237	56306	1417791	0.0381969436203995	T	G	FALSE
12	40648250	rs142152465	0.2908	0.0529	0.0501	0.0143	0.0143	56306	1417791	0.0381969436203995	A	T	FALSE
12	40649134	rs2708447	0.6175	0.0201	0.0403	0.02	0.02	55137	1416823	0.0374582189733417	T	C	FALSE
12	40649749	rs7132171	1.806e-08	0.0537	0.0095	0.5809	0.4191	56306	1417791	0.0381969436203995	C	G	FALSE
12	40649888	rs10784451	0.02544	-0.0269	0.012	0.1872	0.1872	56306	1417791	0.0381969436203995	A	G	FALSE
12	40649975	rs10784452	3.437e-06	-0.0479	0.0103	0.2925	0.2925	56306	1417791	0.0381969436203995	A	G	FALSE
12	40650105	rs147831725	2.03e-10	0.1854	0.0292	0.0258	0.0258	56306	1417791	0.0381969436203995	A	G	FALSE
12	40650351	rs1907633	2.822e-16	0.1042	0.0127	0.1529	0.1529	56306	1417791	0.0381969436203995	T	C	FALSE
12	40650449	rs1491936	5.799e-16	-0.1049	0.013	0.851	0.149	56306	1417791	0.0381969436203995	T	C	FALSE
12	40650502	rs1907632	2.447e-16	0.1044	0.0127	0.1529	0.1529	56306	1417791	0.0381969436203995	A	G	FALSE
12	40650717	rs11564185	3.822e-08	0.1532	0.0279	0.0305	0.0305	56306	1417791	0.0381969436203995	T	C	FALSE
12	40650875	rs11564209	1.511e-10	-0.1868	0.0292	0.9742	0.0258	56306	1417791	0.0381969436203995	A	T	FALSE
12	40651972	rs17461664	1.587e-10	0.1866	0.0292	0.0258	0.0258	56306	1417791	0.0381969436203995	T	G	FALSE
12	40652394	rs2046928	6.457e-05	0.062	0.0155	0.8939	0.1061	56306	1417791	0.0381969436203995	A	G	FALSE
12	40652520	rs2723264	0.01549	-0.0292	0.0121	0.1946	0.1946	55137	1416823	0.0374582189733417	T	C	FALSE
12	40653696	rs141979335	0.05598	0.0974	0.0509	0.9882	0.0118	36519	980404	0.0359112735182506	A	G	FALSE
12	40653713	rs17465870	0.69	-0.0051	0.0127	0.1722	0.1722	56306	1417791	0.0381969436203995	T	C	FALSE
12	40653971	rs17465877	0.9351	-0.0045	0.0547	0.0173	0.0173	35345	1315724	0.0261607660304544	A	G	FALSE
12	40653988	rs10878278	0.005288	-0.0351	0.0126	0.1871	0.1871	56306	1417791	0.0381969436203995	T	C	FALSE
12	40653993	rs118076169	0.1809	0.0654	0.0489	0.9852	0.0148	56306	1417791	0.0381969436203995	T	C	FALSE
12	40654873	rs11564152	1.407e-10	-0.188	0.0293	0.974	0.026	56306	1417791	0.0381969436203995	A	G	FALSE
12	40655016	rs11175766	7.137e-05	0.0617	0.0155	0.8946	0.1054	56306	1417791	0.0381969436203995	T	C	FALSE
12	40655707	rs11564183	0.0001762	-0.0856	0.0228	0.069	0.069	42598	1322509	0.0312048799105125	T	C	FALSE
12	40656164	rs17465898	0.09439	0.0519	0.031	0.9694	0.0306	56306	1417791	0.0381969436203995	A	G	FALSE
12	40656179	rs11175769	1.717e-09	-0.0564	0.0094	0.5137	0.4863	56306	1417791	0.0381969436203995	A	G	FALSE
12	40656395	rs17465912	2.062e-16	0.1045	0.0127	0.1531	0.1531	56306	1417791	0.0381969436203995	T	C	FALSE
12	40656677	rs17443552	2.993e-16	0.1054	0.0129	0.1502	0.1502	56306	1417791	0.0381969436203995	A	C	FALSE
12	40656962	rs17490817	1.169e-07	-0.0988	0.0186	0.0685	0.0685	56306	1417791	0.0381969436203995	A	T	FALSE
12	40657225	rs4293189	9.339e-10	0.0572	0.0094	0.4837	0.4837	56306	1417791	0.0381969436203995	A	G	FALSE
12	40657537	rs10784461	2.03e-09	-0.0562	0.0094	0.5134	0.4866	56306	1417791	0.0381969436203995	A	G	FALSE
12	40657700	rs7308720	8.654e-08	0.0997	0.0186	0.9314	0.0686	56306	1417791	0.0381969436203995	C	G	FALSE
12	40657771	rs10784462	1.997e-09	-0.0561	0.0094	0.5138	0.4862	56306	1417791	0.0381969436203995	C	G	FALSE
12	40657868	rs11564113	0.04219	-0.066	0.0325	0.9785	0.0215	56306	1417791	0.0381969436203995	A	C	FALSE
12	40658053	rs146794882	0.5632	0.0145	0.025	0.9616	0.0384	56306	1417791	0.0381969436203995	T	C	FALSE
12	40658155	rs17465946	8.729e-11	0.1993	0.0307	0.0241	0.0241	56306	1417791	0.0381969436203995	A	G	FALSE
12	40658205	rs10878284	0.00259	-0.0367	0.0122	0.1834	0.1834	56306	1417791	0.0381969436203995	A	G	FALSE
12	40658255	rs11175775	0.9609	-5e-04	0.01	0.6686	0.3314	56306	1417791	0.0381969436203995	T	C	FALSE
12	40658867	rs17443600	1.025e-10	-0.1883	0.0291	0.9742	0.0258	56306	1417791	0.0381969436203995	A	T	FALSE
12	40658964	rs17443607	0.1683	-0.0298	0.0216	0.0528	0.0528	56306	1417791	0.0381969436203995	T	G	FALSE
12	40659096	rs11175780	5.756e-05	-0.063	0.0157	0.1043	0.1043	56306	1417791	0.0381969436203995	T	C	FALSE
12	40659534	rs11175784	8.094e-10	0.0576	0.0094	0.4738	0.4738	56306	1417791	0.0381969436203995	T	C	FALSE
12	40659649	rs7313276	0.0005785	-0.0515	0.015	0.1136	0.1136	56306	1417791	0.0381969436203995	T	G	FALSE
12	40659658	rs186675266	0.4157	0.0259	0.0319	0.0343	0.0343	42598	1322509	0.0312048799105125	A	C	FALSE
12	40660487	rs17461720	0.1686	0.0298	0.0216	0.9472	0.0528	56306	1417791	0.0381969436203995	A	G	FALSE
12	40660738	rs111341533	7.483e-06	0.0858	0.0192	0.8914	0.1086	47382	544338	0.0800750354897587	A	G	FALSE
12	40660880	rs144463374	0.00133	-0.084	0.0262	0.9642	0.0358000000000001	56306	1417791	0.0381969436203995	A	T	FALSE
12	40661053	rs73108329	1.219e-07	0.0989	0.0187	0.9321	0.0679	56306	1417791	0.0381969436203995	A	T	FALSE
12	40661281	rs12426891	0.000523	0.0786	0.0227	0.9302	0.0698	42598	1322509	0.0312048799105125	T	C	FALSE
12	40661403	rs4768224	0.002452	-0.0307	0.0101	0.3125	0.3125	56306	1417791	0.0381969436203995	A	T	FALSE
12	40662039	rs11175793	2.895e-07	-0.0954	0.0186	0.0688	0.0688	56306	1417791	0.0381969436203995	A	G	FALSE
12	40662691	rs144202154	7.323e-11	-0.201	0.0309	0.9762	0.0238	56306	1417791	0.0381969436203995	A	G	FALSE
12	40663048	rs149161135	0.1898	-0.0935	0.0713	0.0122	0.0122	15558	878337	0.0174047287433088	A	G	FALSE
12	40663596	rs10784470	0.6575	0.0044	0.01	0.3209	0.3209	56306	1417791	0.0381969436203995	T	G	FALSE
12	40663918	rs12146857	0.6543	-0.0045	0.01	0.679	0.321	56306	1417791	0.0381969436203995	C	G	FALSE
12	40664643	rs11564207	1.82e-16	0.1054	0.0128	0.1522	0.1522	56306	1417791	0.0381969436203995	A	T	FALSE
12	40665227	rs7308193	0.00132	0.0322	0.01	0.6754	0.3246	56306	1417791	0.0381969436203995	C	G	FALSE
12	40665454	rs11175814	0.4195	0.0248	0.0307	0.9698	0.0302	56306	1417791	0.0381969436203995	A	G	FALSE
12	40665920	rs73108339	3.897e-07	-0.0992	0.0196	0.0631	0.0631	56306	1417791	0.0381969436203995	T	C	FALSE
12	40666737	rs17443656	3.357e-11	0.1967	0.0297	0.0254	0.0254	56306	1417791	0.0381969436203995	A	G	FALSE
12	40666760	rs10506150	0.1187	0.0244	0.0156	0.8902	0.1098	56306	1417791	0.0381969436203995	A	T	FALSE
12	40666875	rs10878299	2.328e-07	0.0961	0.0186	0.931	0.069	56306	1417791	0.0381969436203995	C	G	FALSE
12	40667663	rs17466016	9.199e-11	0.1888	0.0291	0.0258	0.0258	56306	1417791	0.0381969436203995	A	G	FALSE
12	40669826	rs10878302	0.0005764	-0.0778	0.0226	0.071	0.071	42598	1322509	0.0312048799105125	A	T	FALSE
12	40669869	rs17443670	0.1816	-0.039	0.0292	0.0301	0.0301	56306	1417791	0.0381969436203995	A	T	FALSE
12	40669939	rs11564129	0.0001265	0.0594	0.0155	0.8944	0.1056	56306	1417791	0.0381969436203995	T	C	FALSE
12	40670056	rs4628750	9.915e-11	-0.1884	0.0291	0.9742	0.0258	56306	1417791	0.0381969436203995	A	G	FALSE
12	40670394	rs7971935	5.217e-05	-0.062	0.0153	0.1075	0.1075	56306	1417791	0.0381969436203995	A	G	FALSE
12	40670594	rs141409298	1.057e-10	-0.1882	0.0291	0.9742	0.0258	56306	1417791	0.0381969436203995	A	C	FALSE
12	40670676	rs11175836	0.7342	0.0034	0.0101	0.3186	0.3186	56306	1417791	0.0381969436203995	T	C	FALSE
12	40670801	rs4272849	4.8e-10	0.0584	0.0094	0.4715	0.4715	56306	1417791	0.0381969436203995	T	C	FALSE
12	40670870	rs10784485	5.655e-07	0.0964	0.0193	0.9332	0.0668	56306	1417791	0.0381969436203995	T	C	FALSE
12	40670998	rs10506151	0.6019	0.0068	0.0131	0.1577	0.1577	56306	1417791	0.0381969436203995	A	C	FALSE
12	40671576	rs72546318	0.653	-0.025	0.0556	0.9882	0.0118	42598	1322509	0.0312048799105125	T	C	FALSE
12	40671989	rs10878307	0.5295	0.0115	0.0183	0.9245	0.0755	56306	1417791	0.0381969436203995	A	G	FALSE
12	40672514	rs11564182	0.0344	-0.0932	0.044	0.017	0.017	56306	1417791	0.0381969436203995	T	G	FALSE
12	40673260	rs7309197	5.714e-10	0.0579	0.0093	0.4759	0.4759	56306	1417791	0.0381969436203995	A	T	FALSE
12	40673368	rs7134572	0.5324	0.0087	0.014	0.8699	0.1301	56306	1417791	0.0381969436203995	A	G	FALSE
12	40673513	rs75083520	0.001002	-0.0864	0.0263	0.9494	0.0506	42598	1322509	0.0312048799105125	A	T	FALSE
12	40673524	rs11564271	5.252e-11	-0.1931	0.0294	0.9745	0.0255	56306	1417791	0.0381969436203995	A	G	FALSE
12	40673539	rs11564181	0.02911	0.0724	0.0332	0.0215	0.0215	56306	1417791	0.0381969436203995	A	T	FALSE
12	40674039	rs11175843	0.001297	-0.0382	0.0119	0.1941	0.1941	56306	1417791	0.0381969436203995	C	G	FALSE
12	40674594	rs7488873	0.001193	-0.0327	0.0101	0.3212	0.3212	56306	1417791	0.0381969436203995	T	C	FALSE
12	40674634	rs149331112	0.03149	0.0708	0.0329	0.0223	0.0223	56306	1417791	0.0381969436203995	T	C	FALSE
12	40675052	rs11175845	1.094e-09	-0.0573	0.0094	0.5278	0.4722	56306	1417791	0.0381969436203995	A	G	FALSE
12	40675346	rs17466044	2.883e-05	-0.09	0.0215	0.9479	0.0521	56306	1417791	0.0381969436203995	A	G	FALSE
12	40675608	rs7979341	0.001164	-0.0325	0.01	0.3238	0.3238	56306	1417791	0.0381969436203995	A	G	FALSE
12	40676200	rs11175847	5.344e-10	0.0579	0.0093	0.476	0.476	56306	1417791	0.0381969436203995	T	G	FALSE
12	40677008	rs11175852	8.693e-07	-0.0912	0.0185	0.069	0.069	56306	1417791	0.0381969436203995	A	G	FALSE
12	40677029	rs10784486	0.001175	-0.0325	0.01	0.3238	0.3238	56306	1417791	0.0381969436203995	A	C	FALSE
12	40677584	rs73108368	2.295e-07	-0.0966	0.0187	0.0678	0.0678	56306	1417791	0.0381969436203995	T	G	FALSE
12	40677599	rs36212067	1.241e-10	-0.1877	0.0292	0.9743	0.0256999999999999	56306	1417791	0.0381969436203995	A	G	FALSE
12	40677655	rs36220738	7.671e-11	0.1917	0.0295	0.0255	0.0255	56306	1417791	0.0381969436203995	T	C	FALSE
12	40678088	rs147015277	7.766e-11	-0.1917	0.0295	0.9745	0.0255	56306	1417791	0.0381969436203995	T	C	FALSE
12	40678341	rs17519846	6.212e-10	0.0577	0.0093	0.4758	0.4758	56306	1417791	0.0381969436203995	T	C	FALSE
12	40679254	rs17466150	4.29e-16	0.1033	0.0127	0.1534	0.1534	56306	1417791	0.0381969436203995	A	G	FALSE
12	40679269	rs11175862	0.6738	0.0042	0.01	0.3234	0.3234	56306	1417791	0.0381969436203995	A	T	FALSE
12	40679388	rs116911375	0.5956	0.0244	0.046	0.9887	0.0113	37688	981372	0.0369831020744608	T	C	FALSE
12	40679411	rs117165831	0.312	-0.0674	0.0666	0.0108	0.0108	36519	980404	0.0359112735182506	A	G	FALSE
12	40679871	rs4310676	0.001248	-0.0323	0.01	0.3239	0.3239	56306	1417791	0.0381969436203995	A	G	FALSE
12	40680814	rs7955967	0.9283	0.0024	0.0269	0.0316	0.0316	56306	1417791	0.0381969436203995	T	C	FALSE
12	40680917	rs11564150	5.579e-05	0.0617	0.0153	0.8922	0.1078	56306	1417791	0.0381969436203995	T	C	FALSE
12	40680941	rs4318033	3.995e-07	0.0954	0.0188	0.9321	0.0679	56306	1417791	0.0381969436203995	A	G	FALSE
12	40681057	rs4473003	0.546	0.0084	0.014	0.8698	0.1302	56306	1417791	0.0381969436203995	T	C	FALSE
12	40681486	rs11564270	0.0002555	0.0565	0.0155	0.8925	0.1075	56306	1417791	0.0381969436203995	A	G	FALSE
12	40682197	rs17519881	0.0001493	0.0608	0.016	0.8983	0.1017	56306	1417791	0.0381969436203995	C	G	FALSE
12	40682590	rs17466178	5.796e-05	-0.0617	0.0153	0.1074	0.1074	56306	1417791	0.0381969436203995	T	G	FALSE
12	40682722	rs118140854	0.2239	0.072	0.0592	0.0111	0.0111	36519	980404	0.0359112735182506	T	C	FALSE
12	40683136	rs73102733	0.08712	0.0816	0.0477	0.9851	0.0149	37688	981372	0.0369831020744608	A	G	FALSE
12	40683344	rs138250350	0.007935	-0.0938	0.0353	0.9728	0.0272	42598	1322509	0.0312048799105125	A	C	FALSE
12	40684454	rs111585307	0.1072	0.0602	0.0374	0.9811	0.0189	56306	1417791	0.0381969436203995	A	C	FALSE
12	40684622	rs17466185	0.0002042	0.0588	0.0158	0.8969	0.1031	56306	1417791	0.0381969436203995	T	G	FALSE
12	40684692	rs76434788	0.2612	0.0336	0.0299	0.9699	0.0301	56306	1417791	0.0381969436203995	A	G	FALSE
12	40684880	rs11175902	2.291e-07	0.0966	0.0187	0.9322	0.0678	56306	1417791	0.0381969436203995	A	C	FALSE
12	40685160	rs7953822	0.7721	-0.0079	0.0272	0.9671	0.0329	55137	1416823	0.0374582189733417	A	G	FALSE
12	40685285	rs76033741	0.0003523	-0.0539	0.0151	0.1125	0.1125	56306	1417791	0.0381969436203995	T	C	FALSE
12	40685827	rs76339482	0.2317	-0.047	0.0393	0.0178	0.0178	56306	1417791	0.0381969436203995	T	C	FALSE
12	40685846	rs56325408	2.304e-07	-0.0965	0.0187	0.068	0.068	56306	1417791	0.0381969436203995	T	C	FALSE
12	40686038	rs7957754	5.687e-10	0.0578	0.0093	0.476	0.476	56306	1417791	0.0381969436203995	T	G	FALSE
12	40686245	rs73102738	0.005635	-0.0808	0.0292	0.0547	0.0547	42598	1322509	0.0312048799105125	A	C	FALSE
12	40686323	rs7973479	4.705e-10	-0.0582	0.0094	0.5247	0.4753	56306	1417791	0.0381969436203995	A	C	FALSE
12	40686731	rs11175911	5.276e-10	-0.058	0.0093	0.5241	0.4759	56306	1417791	0.0381969436203995	A	G	FALSE
12	40686845	rs12369882	5.452e-10	-0.0579	0.0093	0.524	0.476	56306	1417791	0.0381969436203995	A	G	FALSE
12	40687035	rs11175913	5.438e-07	-0.093	0.0186	0.0686	0.0686	56306	1417791	0.0381969436203995	T	C	FALSE
12	40687654	rs4483664	0.001312	-0.0322	0.01	0.3234	0.3234	56306	1417791	0.0381969436203995	A	G	FALSE
12	40687698	rs5006481	0.4423	-0.0247	0.0321	0.1722	0.1722	15056	12637	0.543675297006464	T	C	FALSE
12	40688081	rs12820920	4.082e-10	-0.0583	0.0093	0.5239	0.4761	56306	1417791	0.0381969436203995	A	G	FALSE
12	40688286	rs74978589	0.001234	-0.1754	0.0543	0.0211	0.0211	35345	1315724	0.0261607660304544	T	C	FALSE
12	40688497	rs4768226	1.829e-10	0.1873	0.0294	0.0256	0.0256	56306	1417791	0.0381969436203995	T	C	FALSE
12	40688695	rs7966550	0.000453	0.0504	0.0144	0.8778	0.1222	56306	1417791	0.0381969436203995	T	C	FALSE
12	40688921	rs12314692	5.851e-07	0.0925	0.0185	0.93	0.07	56306	1417791	0.0381969436203995	A	G	FALSE
12	40689588	rs11175922	4.623e-10	0.0581	0.0093	0.4761	0.4761	56306	1417791	0.0381969436203995	T	C	FALSE
12	40689889	rs73102746	6.194e-05	0.0614	0.0153	0.8927	0.1073	56306	1417791	0.0381969436203995	T	C	FALSE
12	40689982	rs10784497	3.697e-07	0.0941	0.0185	0.9308	0.0692	56306	1417791	0.0381969436203995	T	C	FALSE
12	40690061	rs17443815	5.008e-10	-0.058	0.0093	0.5238	0.4762	56306	1417791	0.0381969436203995	A	G	FALSE
12	40690517	rs79400217	6.579e-05	0.0808	0.0203	0.06	0.06	56306	1417791	0.0381969436203995	A	C	FALSE
12	40690706	rs7957057	0.001075	0.0328	0.01	0.6745	0.3255	56306	1417791	0.0381969436203995	A	C	FALSE
12	40690944	rs28365224	1.442e-07	-0.0977	0.0186	0.0686	0.0686	56306	1417791	0.0381969436203995	A	G	FALSE
12	40691911	rs36220743	0.7418	0.0288	0.0874	0.99	0.01	15558	878337	0.0174047287433088	T	G	FALSE
12	40693225	rs10878336	6.292e-07	0.0918	0.0184	0.9302	0.0698	56306	1417791	0.0381969436203995	A	C	FALSE
12	40693801	rs11175934	0.002773	0.0361	0.0121	0.8064	0.1936	55137	1416823	0.0374582189733417	C	G	FALSE
12	40693806	rs11175935	0.002899	-0.0359	0.0121	0.1936	0.1936	55137	1416823	0.0374582189733417	T	G	FALSE
12	40693824	rs113275382	0.02259	-0.069	0.0303	0.9724	0.0276	56306	1417791	0.0381969436203995	C	G	FALSE
12	40694018	rs17491061	5.882e-16	-0.1028	0.0127	0.8464	0.1536	56306	1417791	0.0381969436203995	T	C	FALSE
12	40694399	rs11175941	2.455e-07	-0.0937	0.0182	0.0752	0.0752	56306	1417791	0.0381969436203995	A	G	FALSE
12	40695095	rs10878340	2.187e-07	-0.0489	0.0094	0.5851	0.4149	56306	1417791	0.0381969436203995	A	G	FALSE
12	40695776	rs11175943	0.1958	-0.0126	0.0098	0.3996	0.3996	56306	1417791	0.0381969436203995	C	G	FALSE
12	40695791	rs35124455	0.1955	0.0132	0.0102	0.698	0.302	56306	1417791	0.0381969436203995	T	G	FALSE
12	40695851	rs7312696	0.8455	0.0052	0.0267	0.0336	0.0336	56306	1417791	0.0381969436203995	C	G	FALSE
12	40696002	rs534186648	0.2239	0.1254	0.1031	0.9877	0.0123	32505	448088	0.0676351923561101	A	G	FALSE
12	40697434	rs10784498	0.003859	0.028	0.0097	0.3534	0.3534	56306	1417791	0.0381969436203995	A	G	FALSE
12	40697477	rs10878341	0.003871	0.0288	0.01	0.353	0.353	56306	1417791	0.0381969436203995	T	C	FALSE
12	40698193	rs72547975	0.3192	0.0681	0.0683	0.9898	0.0102	22811	885122	0.0251241005668921	A	T	FALSE
12	40698422	rs11564269	0.002334	0.0936	0.0308	0.0258	0.0258	56306	1417791	0.0381969436203995	T	C	FALSE
12	40698490	rs10784499	0.002999	0.0288	0.0097	0.3527	0.3527	56306	1417791	0.0381969436203995	T	C	FALSE
12	40698686	rs17484286	0.7017	0.0061	0.0159	0.9015	0.0985	56306	1417791	0.0381969436203995	A	G	FALSE
12	40700584	rs10878343	0.1619	-0.016	0.0115	0.2134	0.2134	56306	1417791	0.0381969436203995	T	C	FALSE
12	40700956	rs146906071	2.058e-10	0.1853	0.0291	0.0259	0.0259	56306	1417791	0.0381969436203995	A	G	FALSE
12	40701271	rs11564180	0.0001088	-0.0596	0.0154	0.106	0.106	56306	1417791	0.0381969436203995	T	G	FALSE
12	40701388	rs11175958	0.1809	-0.0153	0.0114	0.2137	0.2137	56306	1417791	0.0381969436203995	A	G	FALSE
12	40701831	rs113772607	0.000157	-0.0584	0.0154	0.1059	0.1059	56306	1417791	0.0381969436203995	T	C	FALSE
12	40701959	rs117997005	0.02385	-0.0674	0.0298	0.9718	0.0282	56306	1417791	0.0381969436203995	A	T	FALSE
12	40702164	rs11564149	0.0001366	-0.0585	0.0153	0.1063	0.1063	56306	1417791	0.0381969436203995	T	C	FALSE
12	40702771	rs11175963	1.321e-07	-0.098	0.0186	0.0683	0.0683	56306	1417791	0.0381969436203995	T	C	FALSE
12	40702846	rs7305344	0.01617	-0.0292	0.0122	0.3467	0.3467	42598	1322509	0.0312048799105125	A	T	FALSE
12	40702911	rs7133914	3.319e-07	-0.0943	0.0185	0.0692	0.0692	56306	1417791	0.0381969436203995	A	G	FALSE
12	40702987	rs11175964	1.338e-07	-0.0979	0.0186	0.0683	0.0683	56306	1417791	0.0381969436203995	A	G	FALSE
12	40703152	rs11175966	0.1827	-0.0151	0.0114	0.2153	0.2153	56306	1417791	0.0381969436203995	A	C	FALSE
12	40703865	rs10784501	0.0001302	-0.0359	0.0094	0.4492	0.4492	56306	1417791	0.0381969436203995	A	G	FALSE
12	40703878	rs17443854	0.08926	-0.0433	0.0255	0.0388	0.0388	56306	1417791	0.0381969436203995	T	C	FALSE
12	40704557	rs41286474	0.0001356	0.0585	0.0153	0.8937	0.1063	56306	1417791	0.0381969436203995	T	C	FALSE
12	40705700	rs10784503	0.0001168	-0.0361	0.0094	0.4502	0.4502	56306	1417791	0.0381969436203995	C	G	FALSE
12	40705835	rs11564128	2.606e-10	0.0995	0.0157	0.153	0.153	42598	1322509	0.0312048799105125	T	C	FALSE
12	40706375	rs2896975	0.111	0.0158	0.0099	0.6612	0.3388	56306	1417791	0.0381969436203995	T	G	FALSE
12	40706531	rs7302503	0.1283	0.0149	0.0098	0.6549	0.3451	56306	1417791	0.0381969436203995	A	G	FALSE
12	40706597	rs117627419	0.07081	0.0955	0.0529	0.9817	0.0183	30798	974752	0.0306280145194172	T	C	FALSE
12	40706604	rs7137160	0.0001175	-0.0361	0.0094	0.4502	0.4502	56306	1417791	0.0381969436203995	T	C	FALSE
12	40707113	rs12427245	9.901e-10	0.18	0.0295	0.0259	0.0259	55137	1416823	0.0374582189733417	A	C	FALSE
12	40707201	rs10467144	0.0001205	-0.036	0.0094	0.4502	0.4502	56306	1417791	0.0381969436203995	A	G	FALSE
12	40707278	rs11175985	0.03521	-0.0293	0.0139	0.1402	0.1402	56306	1417791	0.0381969436203995	T	C	FALSE
12	40707396	rs10784504	0.0001196	-0.036	0.0094	0.4502	0.4502	56306	1417791	0.0381969436203995	T	G	FALSE
12	40707410	rs17443909	9.579e-07	-0.1816	0.0371	0.975	0.025	55137	1416823	0.0374582189733417	T	C	FALSE
12	40707861	rs33958906	0.0002578	-0.1106	0.0303	0.0303	0.0303	56306	1417791	0.0381969436203995	T	C	FALSE
12	40708322	rs72547977	4.295e-11	0.2029	0.0308	0.0239	0.0239	56306	1417791	0.0381969436203995	A	G	FALSE
12	40708845	rs7973058	0.1627	0.0143	0.0102	0.6999	0.3001	56306	1417791	0.0381969436203995	A	T	FALSE
12	40708892	rs1427267	0.1269	-0.015	0.0098	0.3449	0.3449	56306	1417791	0.0381969436203995	T	C	FALSE
12	40708922	rs1427266	0.0001091	0.0362	0.0094	0.5502	0.4498	56306	1417791	0.0381969436203995	T	C	FALSE
12	40709185	rs721713	0.0003412	-0.0344	0.0096	0.4504	0.4504	56306	1417791	0.0381969436203995	A	G	FALSE
12	40709318	rs721712	0.0001639	0.0354	0.0094	0.5493	0.4507	56306	1417791	0.0381969436203995	A	G	FALSE
12	40709328	rs721711	0.0001557	0.0355	0.0094	0.5495	0.4505	56306	1417791	0.0381969436203995	A	G	FALSE
12	40709413	rs721709	0.1275	0.015	0.0098	0.6552	0.3448	56306	1417791	0.0381969436203995	A	T	FALSE
12	40709499	rs4768227	9.883e-05	-0.0365	0.0094	0.4505	0.4505	56306	1417791	0.0381969436203995	T	G	FALSE
12	40709624	rs4767969	0.0001066	0.0364	0.0094	0.5492	0.4508	56306	1417791	0.0381969436203995	T	G	FALSE
12	40709957	rs10878356	0.1908	-0.0149	0.0114	0.2153	0.2153	56306	1417791	0.0381969436203995	A	G	FALSE
12	40711046	rs10748029	0.0001107	0.0362	0.0094	0.5495	0.4505	56306	1417791	0.0381969436203995	T	C	FALSE
12	40711070	rs10784506	0.0001008	0.0365	0.0094	0.5474	0.4526	56306	1417791	0.0381969436203995	T	C	FALSE
12	40711091	rs10878358	0.0001021	0.0365	0.0094	0.5476	0.4524	56306	1417791	0.0381969436203995	A	G	FALSE
12	40711094	rs7132073	0.0002146	0.0574	0.0155	0.8936	0.1064	56306	1417791	0.0381969436203995	A	T	FALSE
12	40711447	rs4768228	2.277e-10	0.1849	0.0292	0.0259	0.0259	56306	1417791	0.0381969436203995	T	G	FALSE
12	40711634	rs78774467	0.4936	0.0177	0.0259	0.0353	0.0353	56306	1417791	0.0381969436203995	T	C	FALSE
12	40711889	rs17443958	0.6219	-0.0246	0.0498	0.0116	0.0116	55137	1416823	0.0374582189733417	T	C	FALSE
12	40711998	rs1427265	0.0001386	0.0357	0.0094	0.5499	0.4501	56306	1417791	0.0381969436203995	A	C	FALSE
12	40712193	rs1427264	0.0002285	0.0349	0.0095	0.5498	0.4502	55137	1416823	0.0374582189733417	A	G	FALSE
12	40712359	rs17466339	1.143e-12	0.0875	0.0123	0.1702	0.1702	56306	1417791	0.0381969436203995	T	C	FALSE
12	40712575	rs2114569	0.0001449	-0.036	0.0095	0.4503	0.4503	56306	1417791	0.0381969436203995	A	C	FALSE
12	40712620	rs2114568	0.0001471	0.0359	0.0095	0.5503	0.4497	56306	1417791	0.0381969436203995	A	G	FALSE
12	40713003	rs2162469	0.0001547	0.0355	0.0094	0.5513	0.4487	56306	1417791	0.0381969436203995	A	G	FALSE
12	40713200	rs10784509	0.0001385	0.0357	0.0094	0.5497	0.4503	56306	1417791	0.0381969436203995	A	G	FALSE
12	40713219	rs17466360	0.4055	-0.0217	0.0261	0.0372	0.0372	56306	1417791	0.0381969436203995	T	C	FALSE
12	40713560	rs1896254	0.0001421	-0.0356	0.0094	0.4503	0.4503	56306	1417791	0.0381969436203995	T	G	FALSE
12	40713759	rs1896252	0.0001421	-0.0356	0.0094	0.4503	0.4503	56306	1417791	0.0381969436203995	T	C	FALSE
12	40713834	rs1427263	0.1245	0.0151	0.0098	0.6551	0.3449	56306	1417791	0.0381969436203995	A	C	FALSE
12	40713873	rs11176013	0.0001632	-0.0354	0.0094	0.4497	0.4497	56306	1417791	0.0381969436203995	A	G	FALSE
12	40713899	rs35303786	7.33e-05	-0.1674	0.0422	0.984	0.016	56306	1417791	0.0381969436203995	T	C	FALSE
12	40713901	rs11564148	0.146	-0.0148	0.0102	0.302	0.302	56306	1417791	0.0381969436203995	A	T	FALSE
12	40714009	rs11564205	8.999e-16	-0.1018	0.0127	0.8457	0.1543	56306	1417791	0.0381969436203995	A	G	FALSE
12	40714188	rs10748030	0.0001368	0.0357	0.0094	0.5498	0.4502	56306	1417791	0.0381969436203995	A	G	FALSE
12	40714332	rs11564177	1.138e-15	-0.1018	0.0127	0.8461	0.1539	56306	1417791	0.0381969436203995	T	C	FALSE
12	40714395	rs10748033	0.0001368	0.0357	0.0094	0.5498	0.4502	56306	1417791	0.0381969436203995	T	C	FALSE
