SNP	CHR	POS	P	Effect	StdErr	Freq	MAF	N_cases	N_controls	proportion_cases	A1	A2	leadSNP	SUSIE.Credible_Set	SUSIE.Probability	FINEMAP.Credible_Set	FINEMAP.Probability	Consensus_SNP	Support
rs1941685	18	31304318	1.689e-08	0.0531	0.0094	0.4983	0.4983	56306	1417791	0.0381969436203995	T	G	TRUE	4	1	1	1	TRUE	2
rs10048235	18	31254013	0.005649	0.0269	0.0097	0.5094	0.4906	56306	1417791	0.0381969436203995	A	G	FALSE	0	0	0	0	FALSE	0
rs10163769	18	31160995	0.3118	-0.019	0.0188	0.0801	0.0801	49053	1411006	0.0335965875351613	T	C	FALSE	0	0	0	0	FALSE	0
rs10164193	18	31161426	0.2911	0.0204	0.0193	0.9231	0.0769	49053	1411006	0.0335965875351613	T	G	FALSE	0	0	0	0	FALSE	0
rs10401087	18	31320716	5.673e-07	-0.047	0.0094	0.534	0.466	56306	1417791	0.0381969436203995	A	G	FALSE	0	0	0	0	FALSE	0
rs10432168	18	31312106	7.2e-07	-0.0472	0.0095	0.4482	0.4482	56306	1417791	0.0381969436203995	T	C	FALSE	0	0	0	0	FALSE	0
rs10468908	18	31251987	0.7455	0.0113	0.0347	0.03	0.03	49053	1411006	0.0335965875351613	T	C	FALSE	0	0	0	0	FALSE	0
rs10468909	18	31293499	0.001444	0.0308	0.0097	0.4139	0.4139	56306	1417791	0.0381969436203995	A	G	FALSE	0	0	0	0	FALSE	0
rs10502622	18	31284008	0.5668	-0.0099	0.0174	0.9145	0.0855	56306	1417791	0.0381969436203995	A	G	FALSE	0	0	0	0	FALSE	0
rs10502623	18	31256367	0.0008221	-0.0336	0.01	0.5487	0.4513	55137	1416823	0.0374582189733417	C	G	FALSE	0	0	0	0	FALSE	0
rs10502624	18	31247061	0.8627	-0.0036	0.0208	0.062	0.062	49053	1411006	0.0335965875351613	T	C	FALSE	0	0	0	0	FALSE	0
rs10502625	18	31239694	0.05544	0.0376	0.0196	0.9298	0.0702	49053	1411006	0.0335965875351613	A	G	FALSE	0	0	0	0	FALSE	0
rs10775454	18	31263023	0.0002547	-0.0356	0.0097	0.5598	0.4402	56306	1417791	0.0381969436203995	T	C	FALSE	0	0	0	0	FALSE	0
rs11081816	18	31229984	0.003679	0.0287	0.0099	0.5372	0.4628	56306	1417791	0.0381969436203995	A	G	FALSE	0	0	0	0	FALSE	0
rs11081818	18	31251088	0.0002162	0.0361	0.0098	0.4375	0.4375	56306	1417791	0.0381969436203995	A	G	FALSE	0	0	0	0	FALSE	0
rs11081819	18	31253072	0.005275	-0.0271	0.0097	0.491	0.491	56306	1417791	0.0381969436203995	A	G	FALSE	0	0	0	0	FALSE	0
rs11081820	18	31259155	0.005879	-0.0268	0.0097	0.4909	0.4909	56306	1417791	0.0381969436203995	A	T	FALSE	0	0	0	0	FALSE	0
rs11081821	18	31260487	0.0002923	-0.0354	0.0098	0.5618	0.4382	56306	1417791	0.0381969436203995	T	C	FALSE	0	0	0	0	FALSE	0
rs11081822	18	31260494	0.000304	-0.0353	0.0098	0.5616	0.4384	56306	1417791	0.0381969436203995	A	G	FALSE	0	0	0	0	FALSE	0
rs112351297	18	31182897	0.6664	-0.0228	0.0529	0.9845	0.0155	56306	1417791	0.0381969436203995	A	T	FALSE	0	0	0	0	FALSE	0
rs112465996	18	31269217	0.9936	2e-04	0.0194	0.0718	0.0718	49943	1411643	0.0341704148780845	T	C	FALSE	0	0	0	0	FALSE	0
rs112932330	18	31294934	0.3609	-0.0423	0.0463	0.9835	0.0165	49580	1411478	0.0339343133537478	T	G	FALSE	0	0	0	0	FALSE	0
rs113262071	18	31235927	0.8864	0.0063	0.0443	0.9828	0.0172	49053	1411006	0.0335965875351613	A	T	FALSE	0	0	0	0	FALSE	0
rs1155156	18	31294261	0.0002959	0.0356	0.0098	0.5947	0.4053	56306	1417791	0.0381969436203995	A	G	FALSE	0	0	0	0	FALSE	0
rs116870639	18	31202210	0.0333	-0.075	0.0353	0.035	0.035	49053	1411006	0.0335965875351613	T	C	FALSE	0	0	0	0	FALSE	0
rs116953953	18	31263946	0.2684	0.047	0.0425	0.9837	0.0163	56306	1417791	0.0381969436203995	T	C	FALSE	0	0	0	0	FALSE	0
rs116955773	18	31158955	0.5079	-0.0147	0.0223	0.0726	0.0726	47884	1410038	0.032844006743845	T	C	FALSE	0	0	0	0	FALSE	0
rs117004799	18	31174412	0.8247	0.0214	0.0966	0.99	0.01	14696	877382	0.0164738957804138	A	G	FALSE	0	0	0	0	FALSE	0
rs117049520	18	31273688	0.4006	-0.0587	0.0698	0.9877	0.0123	16727	879305	0.0186678600764258	A	G	FALSE	0	0	0	0	FALSE	0
rs117212700	18	31310195	0.2322	0.0726	0.0607	0.0123	0.0123	35345	1315724	0.0261607660304544	T	C	FALSE	0	0	0	0	FALSE	0
rs117236680	18	31302690	0.9091	-0.007	0.0616	0.9897	0.0103	28880	973126	0.0288221827015008	A	G	FALSE	0	0	0	0	FALSE	0
rs117244782	18	31259634	0.9319	-0.0054	0.063	0.0163	0.0163	16727	879305	0.0186678600764258	T	G	FALSE	0	0	0	0	FALSE	0
rs117250343	18	31239627	0.08186	-0.0963	0.0553	0.9881	0.0119	49580	1411478	0.0339343133537478	A	T	FALSE	0	0	0	0	FALSE	0
rs117291995	18	31328564	0.5863	-0.0171	0.0314	0.9744	0.0256	56306	1417791	0.0381969436203995	A	G	FALSE	0	0	0	0	FALSE	0
rs117325920	18	31230376	0.4764	-0.026	0.0364	0.027	0.027	49053	1411006	0.0335965875351613	C	G	FALSE	0	0	0	0	FALSE	0
rs117369305	18	31194093	0.3623	0.0683	0.0749	0.0115	0.0115	15558	878337	0.0174047287433088	A	G	FALSE	0	0	0	0	FALSE	0
rs117412567	18	31217424	0.9055	0.0033	0.0277	0.9522	0.0478	49053	1411006	0.0335965875351613	A	G	FALSE	0	0	0	0	FALSE	0
rs117646166	18	31198795	0.584	-0.0232	0.0425	0.9705	0.0295	35345	1315724	0.0261607660304544	A	G	FALSE	0	0	0	0	FALSE	0
rs117654093	18	31308732	0.2829	0.0598	0.0557	0.0127	0.0127	48411	1410510	0.0331827425885295	T	C	FALSE	0	0	0	0	FALSE	0
rs117717683	18	31165729	0.7443	-0.0206	0.0631	0.0118	0.0118	49053	1411006	0.0335965875351613	A	G	FALSE	0	0	0	0	FALSE	0
rs117751294	18	31296482	0.6022	-0.038	0.0729	0.013	0.013	29266	973619	0.0291818104767745	A	G	FALSE	0	0	0	0	FALSE	0
rs117858941	18	31278411	0.7587	-0.0105	0.0343	0.0217	0.0217	56306	1417791	0.0381969436203995	C	G	FALSE	0	0	0	0	FALSE	0
rs117892223	18	31173046	0.2594	-0.0581	0.0515	0.9857	0.0143	49053	1411006	0.0335965875351613	A	G	FALSE	0	0	0	0	FALSE	0
rs117914719	18	31272402	0.5159	0.0223	0.0344	0.9577	0.0423	49943	1411643	0.0341704148780845	A	C	FALSE	0	0	0	0	FALSE	0
rs118090288	18	31178038	0.4325	0.0582	0.0741	0.0119	0.0119	15558	878337	0.0174047287433088	C	G	FALSE	0	0	0	0	FALSE	0
rs118171940	18	31203819	0.4501	-0.032	0.0424	0.968	0.032	35345	1315724	0.0261607660304544	A	G	FALSE	0	0	0	0	FALSE	0
rs12103992	18	31182023	0.1588	0.0207	0.0147	0.862	0.138	49053	1411006	0.0335965875351613	T	C	FALSE	0	0	0	0	FALSE	0
rs12454561	18	31272238	0.00275	0.0293	0.0098	0.4191	0.4191	56306	1417791	0.0381969436203995	T	C	FALSE	0	0	0	0	FALSE	0
rs12455788	18	31286480	0.0005799	0.0331	0.0096	0.498	0.498	56306	1417791	0.0381969436203995	A	G	FALSE	0	0	0	0	FALSE	0
rs12456504	18	31227211	6.383e-05	0.039	0.0098	0.4659	0.4659	56306	1417791	0.0381969436203995	T	G	FALSE	0	0	0	0	FALSE	0
rs12458490	18	31286727	0.001046	-0.0321	0.0098	0.4135	0.4135	56306	1417791	0.0381969436203995	T	C	FALSE	0	0	0	0	FALSE	0
rs12605642	18	31313965	2.273e-07	0.0483	0.0093	0.4926	0.4926	56306	1417791	0.0381969436203995	T	G	FALSE	1	1	0	0	FALSE	1
rs12605995	18	31239183	0.003309	-0.0287	0.0098	0.4616	0.4616	56306	1417791	0.0381969436203995	A	G	FALSE	0	0	0	0	FALSE	0
rs12607512	18	31259579	0.0003137	-0.0352	0.0098	0.5614	0.4386	56306	1417791	0.0381969436203995	A	G	FALSE	0	0	0	0	FALSE	0
rs12709667	18	31284452	0.7046	-0.0048	0.0125	0.7876	0.2124	56306	1417791	0.0381969436203995	T	C	FALSE	0	0	0	0	FALSE	0
rs12956038	18	31284331	0.001094	0.032	0.0098	0.5855	0.4145	56306	1417791	0.0381969436203995	A	G	FALSE	0	0	0	0	FALSE	0
rs12956053	18	31284367	0.0005791	0.0331	0.0096	0.4983	0.4983	56306	1417791	0.0381969436203995	T	G	FALSE	0	0	0	0	FALSE	0
rs12957087	18	31328519	0.0004962	0.0338	0.0097	0.3867	0.3867	56306	1417791	0.0381969436203995	T	C	FALSE	0	0	0	0	FALSE	0
rs12962581	18	31206324	0.3168	0.065	0.0649	0.9887	0.0113	35345	1315724	0.0261607660304544	A	T	FALSE	0	0	0	0	FALSE	0
rs138534166	18	31256112	0.09945	-0.0405	0.0246	0.0472	0.0472	49565	1411288	0.0339288073474881	T	C	FALSE	0	0	0	0	FALSE	0
rs1389066	18	31262834	0.005616	-0.0269	0.0097	0.4898	0.4898	56306	1417791	0.0381969436203995	A	G	FALSE	0	0	0	0	FALSE	0
rs1389067	18	31262552	0.004695	-0.0278	0.0098	0.4189	0.4189	56306	1417791	0.0381969436203995	A	G	FALSE	0	0	0	0	FALSE	0
rs1389068	18	31312738	1.842e-06	0.0451	0.0095	0.5357	0.4643	56306	1417791	0.0381969436203995	T	G	FALSE	0	0	0	0	FALSE	0
rs138932253	18	31226599	0.3751	0.0309	0.0348	0.0416	0.0416	35345	1315724	0.0261607660304544	A	G	FALSE	0	0	0	0	FALSE	0
rs1389534	18	31311161	3.335e-07	0.048	0.0094	0.4673	0.4673	56306	1417791	0.0381969436203995	C	G	FALSE	0	0	0	0	FALSE	0
rs1389535	18	31310416	9.766e-08	0.0498	0.0093	0.4935	0.4935	56306	1417791	0.0381969436203995	T	C	FALSE	0	0	0	0	FALSE	0
rs140040885	18	31195938	0.4598	0.035	0.0473	0.976	0.024	35345	1315724	0.0261607660304544	T	C	FALSE	0	0	0	0	FALSE	0
rs140106317	18	31246019	0.2122	-0.0433	0.0347	0.0275	0.0275	49053	1411006	0.0335965875351613	A	G	FALSE	0	0	0	0	FALSE	0
rs141014142	18	31245465	0.1226	-0.1102	0.0714	0.0122	0.0122	16085	878809	0.0179741958265448	T	C	FALSE	0	0	0	0	FALSE	0
rs141222090	18	31270455	0.6394	-0.0367	0.0783	0.9887	0.0113	15172	877844	0.0169896172073065	A	G	FALSE	0	0	0	0	FALSE	0
rs142055262	18	31247543	0.5867	-0.0313	0.0575	0.9872	0.0128	35345	1315724	0.0261607660304544	A	G	FALSE	0	0	0	0	FALSE	0
rs142406863	18	31207383	0.1205	-0.0946	0.0609	0.9875	0.0125	35345	1315724	0.0261607660304544	A	G	FALSE	0	0	0	0	FALSE	0
rs142656597	18	31217589	0.9553	0.0035	0.0616	0.9873	0.0127	49053	1411006	0.0335965875351613	T	G	FALSE	0	0	0	0	FALSE	0
rs143615675	18	31194636	0.3435	0.0561	0.0592	0.0101	0.0101	30798	974752	0.0306280145194172	A	T	FALSE	0	0	0	0	FALSE	0
rs144534810	18	31326012	0.5869	0.0468	0.0861	0.9887	0.0113	33674	449056	0.0697574213328362	T	G	FALSE	0	0	0	0	FALSE	0
rs144850610	18	31163713	0.028	0.1789	0.0814	0.9896	0.0104	29266	973619	0.0291818104767745	T	G	FALSE	0	0	0	0	FALSE	0
rs144948430	18	31247311	0.577	-0.0429	0.0768	0.989	0.011	15558	878337	0.0174047287433088	T	G	FALSE	0	0	0	0	FALSE	0
rs144961249	18	31245765	0.4035	-0.0489	0.0586	0.0131	0.0131	30435	974587	0.0302829191798786	A	T	FALSE	0	0	0	0	FALSE	0
rs145099027	18	31176267	0.1876	-0.0743	0.0564	0.0165	0.0165	35345	1315724	0.0261607660304544	T	G	FALSE	0	0	0	0	FALSE	0
rs146781177	18	31188893	0.2078	-0.0855	0.0679	0.0107	0.0107	29266	973619	0.0291818104767745	A	G	FALSE	0	0	0	0	FALSE	0
rs147048303	18	31255915	0.1952	-0.0869	0.0671	0.9893	0.0107	16727	879305	0.0186678600764258	T	C	FALSE	0	0	0	0	FALSE	0
rs147418092	18	31180919	0.2337	0.0441	0.037	0.9738	0.0262	49053	1411006	0.0335965875351613	A	G	FALSE	0	0	0	0	FALSE	0
rs147834046	18	31218020	0.0592	0.071	0.0376	0.9793	0.0207000000000001	49053	1411006	0.0335965875351613	T	C	FALSE	0	0	0	0	FALSE	0
rs1483761	18	31203300	0.1115	-0.0301	0.0189	0.0758	0.0758	49053	1411006	0.0335965875351613	T	C	FALSE	0	0	0	0	FALSE	0
rs148617685	18	31262728	0.4792	-0.0337	0.0476	0.0242	0.0242	35345	1315724	0.0261607660304544	T	C	FALSE	0	0	0	0	FALSE	0
rs1493910	18	31318376	2.931e-07	-0.0477	0.0093	0.5072	0.4928	56306	1417791	0.0381969436203995	A	G	FALSE	0	0	0	0	FALSE	0
rs149577667	18	31324051	0.7497	0.0258	0.0808	0.0109	0.0109	15172	877844	0.0169896172073065	T	C	FALSE	0	0	0	0	FALSE	0
rs149582414	18	31198465	0.4657	-0.0383	0.0525	0.9883	0.0117	49053	1411006	0.0335965875351613	A	G	FALSE	0	0	0	0	FALSE	0
rs149895883	18	31247162	0.2288	0.067	0.0556	0.9828	0.0172	35345	1315724	0.0261607660304544	A	T	FALSE	0	0	0	0	FALSE	0
rs149979379	18	31312069	0.05176	-0.0749	0.0385	0.9777	0.0223	56306	1417791	0.0381969436203995	A	G	FALSE	0	0	0	0	FALSE	0
rs150417539	18	31248492	0.4816	0.0339	0.0482	0.9765	0.0235	35345	1315724	0.0261607660304544	T	C	FALSE	0	0	0	0	FALSE	0
rs150558318	18	31235045	0.7034	-0.0208	0.0545	0.014	0.014	29266	973619	0.0291818104767745	A	G	FALSE	0	0	0	0	FALSE	0
rs150627730	18	31245164	0.8256	0.0093	0.0423	0.9732	0.0268	35345	1315724	0.0261607660304544	A	G	FALSE	0	0	0	0	FALSE	0
rs1539830	18	31258199	0.006094	0.0266	0.0097	0.5098	0.4902	56306	1417791	0.0381969436203995	A	T	FALSE	0	0	0	0	FALSE	0
rs1552234	18	31216079	5.463e-05	0.0398	0.0099	0.4538	0.4538	56306	1417791	0.0381969436203995	A	G	FALSE	0	0	0	0	FALSE	0
rs16964786	18	31174372	0.6976	-0.0069	0.0176	0.8871	0.1129	49053	1411006	0.0335965875351613	C	G	FALSE	0	0	0	0	FALSE	0
rs16964793	18	31189556	0.06744	0.0369	0.0202	0.9324	0.0676	49053	1411006	0.0335965875351613	A	G	FALSE	0	0	0	0	FALSE	0
rs16964802	18	31196141	0.12	0.0295	0.019	0.9233	0.0767	49053	1411006	0.0335965875351613	T	C	FALSE	0	0	0	0	FALSE	0
rs16964803	18	31199705	0.1213	0.0293	0.0189	0.924	0.076	49053	1411006	0.0335965875351613	T	C	FALSE	0	0	0	0	FALSE	0
rs16964808	18	31202317	0.09244	-0.0338	0.0201	0.0681	0.0681	49053	1411006	0.0335965875351613	A	G	FALSE	0	0	0	0	FALSE	0
rs16964816	18	31211259	0.1142	0.0304	0.0192	0.9238	0.0762000000000001	47884	1410038	0.032844006743845	A	C	FALSE	0	0	0	0	FALSE	0
rs16964824	18	31219779	0.06576	-0.0367	0.0199	0.071	0.071	47884	1410038	0.032844006743845	A	T	FALSE	0	0	0	0	FALSE	0
rs16964882	18	31301195	0.8278	0.0117	0.0539	0.988	0.012	29266	973619	0.0291818104767745	A	G	FALSE	0	0	0	0	FALSE	0
rs16964886	18	31321994	0.9533	-0.0032	0.0552	0.0114	0.0114	29266	973619	0.0291818104767745	T	C	FALSE	0	0	0	0	FALSE	0
rs17554042	18	31222844	0.0463	-0.0398	0.02	0.0698	0.0698	49053	1411006	0.0335965875351613	A	G	FALSE	0	0	0	0	FALSE	0
rs17554098	18	31231779	0.3364	-0.0384	0.04	0.9742	0.0258	42598	1322509	0.0312048799105125	T	C	FALSE	0	0	0	0	FALSE	0
rs17554161	18	31237358	0.04894	-0.0466	0.0237	0.048	0.048	49053	1411006	0.0335965875351613	T	C	FALSE	0	0	0	0	FALSE	0
rs17554468	18	31261629	0.08108	-0.0344	0.0197	0.0702	0.0702	49053	1411006	0.0335965875351613	T	G	FALSE	0	0	0	0	FALSE	0
rs17635170	18	31204740	0.01507	0.0695	0.0286	0.0552	0.0552	42598	1322509	0.0312048799105125	A	T	FALSE	0	0	0	0	FALSE	0
rs17635395	18	31233571	0.05667	-0.0375	0.0197	0.07	0.07	49053	1411006	0.0335965875351613	T	C	FALSE	0	0	0	0	FALSE	0
rs17635622	18	31253795	0.07351	-0.0352	0.0197	0.0704	0.0704	49053	1411006	0.0335965875351613	A	G	FALSE	0	0	0	0	FALSE	0
rs17665756	18	31201505	0.6796	0.0085	0.0206	0.9363	0.0637	49053	1411006	0.0335965875351613	T	C	FALSE	0	0	0	0	FALSE	0
rs17665911	18	31211337	0.6203	0.0103	0.0209	0.9369	0.0631	49053	1411006	0.0335965875351613	A	G	FALSE	0	0	0	0	FALSE	0
rs17668601	18	31295268	0.000557	0.0333	0.0096	0.5017	0.4983	56306	1417791	0.0381969436203995	A	G	FALSE	0	0	0	0	FALSE	0
rs17733794	18	31265469	0.9335	-0.0017	0.0208	0.0624	0.0624	49053	1411006	0.0335965875351613	T	G	FALSE	0	0	0	0	FALSE	0
rs17746706	18	31292954	0.294	0.0176	0.0168	0.0932	0.0932	56306	1417791	0.0381969436203995	T	C	FALSE	0	0	0	0	FALSE	0
rs17746949	18	31324766	0.7639	0.0099	0.0329	0.0291	0.0291	56306	1417791	0.0381969436203995	A	G	FALSE	0	0	0	0	FALSE	0
rs17753444	18	31298331	0.2609	-0.0189	0.0168	0.9053	0.0947	56306	1417791	0.0381969436203995	T	C	FALSE	0	0	0	0	FALSE	0
rs1845385	18	31318336	2.882e-07	-0.0478	0.0093	0.5072	0.4928	56306	1417791	0.0381969436203995	T	C	FALSE	0	0	1	1	FALSE	1
rs1845386	18	31318256	2.74e-07	0.0479	0.0093	0.493	0.493	56306	1417791	0.0381969436203995	C	G	FALSE	0	0	1	1	FALSE	1
rs186196975	18	31253462	0.5719	0.0234	0.0414	0.9747	0.0253	35345	1315724	0.0261607660304544	T	G	FALSE	0	0	0	0	FALSE	0
rs1893326	18	31274305	0.008482	0.0258	0.0098	0.5746	0.4254	56306	1417791	0.0381969436203995	A	G	FALSE	0	0	0	0	FALSE	0
rs190306969	18	31226910	0.1447	0.1035	0.071	0.9878	0.0122	16085	878809	0.0179741958265448	A	C	FALSE	0	0	0	0	FALSE	0
rs190830368	18	31175141	0.2215	-0.069	0.0564	0.0164	0.0164	35345	1315724	0.0261607660304544	T	C	FALSE	0	0	0	0	FALSE	0
rs1941684	18	31304421	1.609e-08	-0.053	0.0094	0.5011	0.4989	56306	1417791	0.0381969436203995	C	G	FALSE	5	1	0	0	FALSE	1
rs1941686	18	31300559	1.49e-05	0.0429	0.0099	0.5391	0.4609	37688	981372	0.0369831020744608	A	G	FALSE	0	0	0	0	FALSE	0
rs1941688	18	31273500	0.0008535	-0.0323	0.0097	0.5055	0.4945	56306	1417791	0.0381969436203995	A	T	FALSE	0	0	0	0	FALSE	0
rs1941689	18	31272403	0.008898	-0.0257	0.0098	0.4336	0.4336	56306	1417791	0.0381969436203995	T	G	FALSE	0	0	0	0	FALSE	0
rs1941691	18	31270741	0.003551	-0.0287	0.0098	0.418	0.418	56306	1417791	0.0381969436203995	T	C	FALSE	0	0	0	0	FALSE	0
rs1941692	18	31269604	0.005872	-0.0267	0.0097	0.4898	0.4898	56306	1417791	0.0381969436203995	A	G	FALSE	0	0	0	0	FALSE	0
rs1941693	18	31267337	0.006519	-0.0264	0.0097	0.4903	0.4903	56306	1417791	0.0381969436203995	A	G	FALSE	0	0	0	0	FALSE	0
rs1941694	18	31264712	0.00614	0.0266	0.0097	0.5098	0.4902	56306	1417791	0.0381969436203995	A	C	FALSE	0	0	0	0	FALSE	0
rs1941695	18	31252605	0.005868	0.0268	0.0097	0.5077	0.4923	56306	1417791	0.0381969436203995	T	C	FALSE	0	0	0	0	FALSE	0
rs1941696	18	31252129	0.004855	0.0274	0.0097	0.5087	0.4913	56306	1417791	0.0381969436203995	A	G	FALSE	0	0	0	0	FALSE	0
rs1941697	18	31251276	0.000166	0.0366	0.0097	0.4463	0.4463	56306	1417791	0.0381969436203995	A	G	FALSE	0	0	0	0	FALSE	0
rs1941698	18	31288567	0.0001616	-0.0363	0.0096	0.4934	0.4934	56306	1417791	0.0381969436203995	T	C	FALSE	0	0	0	0	FALSE	0
rs1941699	18	31245871	0.001565	-0.0316	0.01	0.393	0.393	56306	1417791	0.0381969436203995	A	G	FALSE	0	0	0	0	FALSE	0
rs1941700	18	31243928	9.29e-05	-0.0381	0.0097	0.5322	0.4678	56306	1417791	0.0381969436203995	C	G	FALSE	0	0	0	0	FALSE	0
rs1941701	18	31239375	0.003358	-0.0288	0.0098	0.4578	0.4578	56306	1417791	0.0381969436203995	A	G	FALSE	0	0	0	0	FALSE	0
rs1941702	18	31236980	9.292e-05	0.038	0.0097	0.4679	0.4679	56306	1417791	0.0381969436203995	C	G	FALSE	0	0	0	0	FALSE	0
rs1941704	18	31287075	0.001075	0.032	0.0098	0.5865	0.4135	56306	1417791	0.0381969436203995	A	G	FALSE	0	0	0	0	FALSE	0
rs1941705	18	31226574	0.5681	-0.0074	0.0129	0.8118	0.1882	49053	1411006	0.0335965875351613	T	C	FALSE	0	0	0	0	FALSE	0
rs1941706	18	31223776	4.815e-05	-0.0398	0.0098	0.5432	0.4568	56306	1417791	0.0381969436203995	A	G	FALSE	0	0	0	0	FALSE	0
rs1981359	18	31266448	0.005394	-0.027	0.0097	0.4896	0.4896	56306	1417791	0.0381969436203995	A	C	FALSE	0	0	0	0	FALSE	0
rs1981360	18	31242911	8.66e-05	-0.0381	0.0097	0.532	0.468	56306	1417791	0.0381969436203995	T	C	FALSE	0	0	0	0	FALSE	0
rs2032187	18	31175148	0.8306	0.0029	0.0135	0.1842	0.1842	49053	1411006	0.0335965875351613	T	C	FALSE	0	0	0	0	FALSE	0
rs2032188	18	31275505	0.0009806	-0.033	0.01	0.568	0.432	56306	1417791	0.0381969436203995	T	C	FALSE	0	0	0	0	FALSE	0
rs2040201	18	31202106	0.6512	-0.0095	0.0211	0.0619	0.0619	49053	1411006	0.0335965875351613	A	G	FALSE	0	0	0	0	FALSE	0
rs2040202	18	31202361	0.1449	0.0207	0.0142	0.8545	0.1455	49053	1411006	0.0335965875351613	T	G	FALSE	0	0	0	0	FALSE	0
rs2040203	18	31307420	8.908e-08	0.05	0.0093	0.4931	0.4931	56306	1417791	0.0381969436203995	T	G	FALSE	0	0	0	0	FALSE	0
rs2172627	18	31292448	0.0003025	-0.0355	0.0098	0.4061	0.4061	56306	1417791	0.0381969436203995	T	C	FALSE	0	0	0	0	FALSE	0
rs2187015	18	31227767	0.002508	-0.0295	0.0098	0.4616	0.4616	56306	1417791	0.0381969436203995	T	C	FALSE	0	0	0	0	FALSE	0
rs2282632	18	31320229	1.098e-06	-0.0453	0.0093	0.4915	0.4915	56306	1417791	0.0381969436203995	A	G	FALSE	0	0	0	0	FALSE	0
rs28503801	18	31286556	0.7636	0.0053	0.0177	0.9118	0.0882	49053	1411006	0.0335965875351613	A	G	FALSE	0	0	0	0	FALSE	0
rs28860322	18	31283428	0.0005585	0.0332	0.0096	0.499	0.499	56306	1417791	0.0381969436203995	A	G	FALSE	0	0	0	0	FALSE	0
rs34501189	18	31314196	2.183e-07	-0.0484	0.0093	0.5073	0.4927	56306	1417791	0.0381969436203995	A	G	FALSE	2	1	0	0	FALSE	1
rs34728432	18	31255918	0.0001822	-0.0373	0.01	0.5684	0.4316	56306	1417791	0.0381969436203995	A	G	FALSE	0	0	0	0	FALSE	0
rs34892135	18	31244211	0.08657	-0.0692	0.0404	0.0301	0.0301	49053	1411006	0.0335965875351613	A	G	FALSE	0	0	0	0	FALSE	0
rs34896948	18	31314389	0.008315	-0.0502	0.019	0.9325	0.0675	56306	1417791	0.0381969436203995	A	T	FALSE	0	0	0	0	FALSE	0
rs35134719	18	31259175	0.02396	0.1068	0.0473	0.9733	0.0266999999999999	35345	1315724	0.0261607660304544	A	C	FALSE	0	0	0	0	FALSE	0
rs35362823	18	31313346	2.797e-07	0.0548	0.0107	0.6599	0.3401	56306	1417791	0.0381969436203995	T	C	FALSE	0	0	0	0	FALSE	0
rs35547151	18	31314435	0.008069	0.0504	0.019	0.0674	0.0674	56306	1417791	0.0381969436203995	T	C	FALSE	0	0	0	0	FALSE	0
rs35580254	18	31313766	0.7996	0.014	0.0552	0.9884	0.0116000000000001	29266	973619	0.0291818104767745	T	G	FALSE	0	0	0	0	FALSE	0
rs35988428	18	31231585	0.1339	0.1038	0.0692	0.0104	0.0104	42598	1322509	0.0312048799105125	A	G	FALSE	0	0	0	0	FALSE	0
rs41507349	18	31280580	0.6084	0.0089	0.0175	0.0851	0.0851	56306	1417791	0.0381969436203995	C	G	FALSE	0	0	0	0	FALSE	0
rs4432315	18	31293792	0.0001346	0.0367	0.0096	0.5075	0.4925	56306	1417791	0.0381969436203995	T	C	FALSE	0	0	0	0	FALSE	0
rs4444409	18	31229647	0.000121	0.0384	0.01	0.4673	0.4673	55137	1416823	0.0374582189733417	A	G	FALSE	0	0	0	0	FALSE	0
rs4799350	18	31187706	0.1209	-0.0226	0.0146	0.1381	0.1381	49053	1411006	0.0335965875351613	A	G	FALSE	0	0	0	0	FALSE	0
rs4799351	18	31205189	0.6714	0.0088	0.0207	0.9365	0.0635	49053	1411006	0.0335965875351613	C	G	FALSE	0	0	0	0	FALSE	0
rs4799352	18	31255656	0.005348	-0.027	0.0097	0.4908	0.4908	56306	1417791	0.0381969436203995	T	G	FALSE	0	0	0	0	FALSE	0
rs4799353	18	31282382	0.0001719	0.0361	0.0096	0.5048	0.4952	56306	1417791	0.0381969436203995	C	G	FALSE	0	0	0	0	FALSE	0
rs4799354	18	31290060	0.0009967	0.0323	0.0098	0.5881	0.4119	56306	1417791	0.0381969436203995	A	C	FALSE	0	0	0	0	FALSE	0
rs4799355	18	31313124	1.297e-07	0.0492	0.0093	0.4934	0.4934	56306	1417791	0.0381969436203995	T	G	FALSE	0	0	0	0	FALSE	0
rs4799703	18	31191547	0.6273	0.01	0.0206	0.9364	0.0636	49053	1411006	0.0335965875351613	T	C	FALSE	0	0	0	0	FALSE	0
rs4799705	18	31225030	6.405e-05	0.039	0.0098	0.4682	0.4682	56306	1417791	0.0381969436203995	T	G	FALSE	0	0	0	0	FALSE	0
rs4799706	18	31245348	0.6905	-0.0211	0.053	0.0113	0.0113	49053	1411006	0.0335965875351613	A	T	FALSE	0	0	0	0	FALSE	0
rs4799707	18	31246594	0.002003	0.0302	0.0098	0.5442	0.4558	56306	1417791	0.0381969436203995	A	G	FALSE	0	0	0	0	FALSE	0
rs4799708	18	31255829	0.9237	0.0019	0.0194	0.9303	0.0697	49943	1411643	0.0341704148780845	T	G	FALSE	0	0	0	0	FALSE	0
rs4799709	18	31255871	0.8319	0.0041	0.0192	0.9265	0.0735	49580	1411478	0.0339343133537478	T	C	FALSE	0	0	0	0	FALSE	0
rs4799710	18	31266741	0.004825	-0.0274	0.0097	0.4923	0.4923	56306	1417791	0.0381969436203995	A	G	FALSE	0	0	0	0	FALSE	0
rs4799711	18	31273382	0.001008	0.0319	0.0097	0.4942	0.4942	56306	1417791	0.0381969436203995	A	G	FALSE	0	0	0	0	FALSE	0
rs4799712	18	31273471	0.008252	0.0259	0.0098	0.5747	0.4253	56306	1417791	0.0381969436203995	A	G	FALSE	0	0	0	0	FALSE	0
rs4799713	18	31276884	0.0002667	-0.0355	0.0097	0.5665	0.4335	56306	1417791	0.0381969436203995	A	T	FALSE	0	0	0	0	FALSE	0
rs4799714	18	31276945	2.518e-05	-0.0408	0.0097	0.475	0.475	56306	1417791	0.0381969436203995	T	C	FALSE	0	0	0	0	FALSE	0
rs4799715	18	31277004	0.000271	-0.0354	0.0097	0.5665	0.4335	56306	1417791	0.0381969436203995	T	C	FALSE	0	0	0	0	FALSE	0
rs4799717	18	31327634	0.3043	0.0302	0.0294	0.0339	0.0339	55794	1417509	0.0378700104459164	T	C	FALSE	0	0	0	0	FALSE	0
rs55699962	18	31232961	0.001374	-0.0741	0.0232	0.0744	0.0744	49053	1411006	0.0335965875351613	A	G	FALSE	0	0	0	0	FALSE	0
rs55916387	18	31246244	0.1776	0.0508	0.0377	0.9606	0.0394	35345	1315724	0.0261607660304544	A	G	FALSE	0	0	0	0	FALSE	0
rs56145164	18	31268235	0.7999	-0.0136	0.0536	0.0111	0.0111	49053	1411006	0.0335965875351613	A	T	FALSE	0	0	0	0	FALSE	0
rs56866975	18	31176228	0.125	0.0295	0.0192	0.9241	0.0759	49053	1411006	0.0335965875351613	A	G	FALSE	0	0	0	0	FALSE	0
rs58304058	18	31288005	0.7811	0.0052	0.0186	0.9223	0.0777	49053	1411006	0.0335965875351613	T	C	FALSE	0	0	0	0	FALSE	0
rs58925983	18	31301373	0.0894	-0.0482	0.0284	0.9687	0.0313	56306	1417791	0.0381969436203995	T	C	FALSE	0	0	0	0	FALSE	0
rs59839063	18	31299928	0.7822	-0.0151	0.0546	0.9895	0.0105	29793	974091	0.0296777316901156	A	G	FALSE	0	0	0	0	FALSE	0
rs59848071	18	31234452	0.05976	-0.0373	0.0198	0.0698	0.0698	49053	1411006	0.0335965875351613	T	G	FALSE	0	0	0	0	FALSE	0
rs60461929	18	31233215	0.8335	-0.0044	0.0208	0.0626	0.0626	49053	1411006	0.0335965875351613	A	G	FALSE	0	0	0	0	FALSE	0
rs60616259	18	31301223	0.1593	0.035	0.0248	0.0619	0.0619	49053	1411006	0.0335965875351613	A	G	FALSE	0	0	0	0	FALSE	0
rs61053112	18	31304206	0.1046	-0.0455	0.0281	0.9683	0.0317	56306	1417791	0.0381969436203995	A	C	FALSE	0	0	0	0	FALSE	0
rs61995734	18	31323848	0.5782	0.0213	0.0383	0.9842	0.0158	56306	1417791	0.0381969436203995	A	G	FALSE	0	0	0	0	FALSE	0
rs62090632	18	31163640	0.2183	0.0683	0.0555	0.9795	0.0205	35345	1315724	0.0261607660304544	A	G	FALSE	0	0	0	0	FALSE	0
rs62090636	18	31177063	0.1249	0.0293	0.0191	0.9236	0.0764	49053	1411006	0.0335965875351613	C	G	FALSE	0	0	0	0	FALSE	0
rs62090654	18	31183535	0.1563	0.0276	0.0195	0.9256	0.0744	49053	1411006	0.0335965875351613	A	T	FALSE	0	0	0	0	FALSE	0
rs62090655	18	31184581	0.1519	0.0284	0.0198	0.9272	0.0728	49053	1411006	0.0335965875351613	A	G	FALSE	0	0	0	0	FALSE	0
rs62090656	18	31184586	0.1114	-0.033	0.0207	0.0661	0.0661	49053	1411006	0.0335965875351613	A	G	FALSE	0	0	0	0	FALSE	0
rs62090657	18	31189175	0.1174	0.0297	0.019	0.924	0.076	49053	1411006	0.0335965875351613	A	T	FALSE	0	0	0	0	FALSE	0
rs62090659	18	31196994	0.1207	0.0294	0.0189	0.9241	0.0759	49053	1411006	0.0335965875351613	T	C	FALSE	0	0	0	0	FALSE	0
rs62091160	18	31312399	0.2298	-0.0296	0.0246	0.0425	0.0425	56306	1417791	0.0381969436203995	T	C	FALSE	0	0	0	0	FALSE	0
rs62091161	18	31312785	0.641	-0.0083	0.0178	0.8884	0.1116	56306	1417791	0.0381969436203995	A	G	FALSE	0	0	0	0	FALSE	0
rs62091162	18	31315340	0.2086	0.0309	0.0246	0.9572	0.0428	56306	1417791	0.0381969436203995	A	G	FALSE	0	0	0	0	FALSE	0
rs62091163	18	31315786	0.2513	-0.0284	0.0247	0.0433	0.0433	56306	1417791	0.0381969436203995	T	C	FALSE	0	0	0	0	FALSE	0
rs62092360	18	31197238	0.1193	0.0295	0.0189	0.924	0.076	49053	1411006	0.0335965875351613	T	C	FALSE	0	0	0	0	FALSE	0
rs62092361	18	31199773	0.1252	-0.029	0.0189	0.076	0.076	49053	1411006	0.0335965875351613	T	C	FALSE	0	0	0	0	FALSE	0
rs62092362	18	31209778	0.1209	-0.0294	0.019	0.0761	0.0761	49053	1411006	0.0335965875351613	T	C	FALSE	0	0	0	0	FALSE	0
rs62092363	18	31227619	0.08003	-0.0579	0.0331	0.0252	0.0252	49053	1411006	0.0335965875351613	T	C	FALSE	0	0	0	0	FALSE	0
rs62092364	18	31229852	0.05297	-0.0378	0.0195	0.0715	0.0715	49053	1411006	0.0335965875351613	A	C	FALSE	0	0	0	0	FALSE	0
rs62092365	18	31230041	0.05186	0.0381	0.0196	0.9298	0.0702	49053	1411006	0.0335965875351613	A	C	FALSE	0	0	0	0	FALSE	0
rs62092366	18	31230229	0.05279	-0.0385	0.0199	0.0702	0.0702	47884	1410038	0.032844006743845	A	G	FALSE	0	0	0	0	FALSE	0
rs62092368	18	31235536	0.05191	0.0381	0.0196	0.9297	0.0703	49053	1411006	0.0335965875351613	T	C	FALSE	0	0	0	0	FALSE	0
rs62092389	18	31244432	0.05251	0.0381	0.0197	0.9285	0.0715	49053	1411006	0.0335965875351613	A	G	FALSE	0	0	0	0	FALSE	0
rs62092391	18	31262139	0.08068	-0.0344	0.0197	0.0702	0.0702	49053	1411006	0.0335965875351613	A	G	FALSE	0	0	0	0	FALSE	0
rs62092392	18	31263603	0.08748	0.0349	0.0204	0.9325	0.0675	49053	1411006	0.0335965875351613	A	G	FALSE	0	0	0	0	FALSE	0
rs62092393	18	31268224	0.08929	-0.0341	0.0201	0.0686	0.0686	49053	1411006	0.0335965875351613	A	G	FALSE	0	0	0	0	FALSE	0
rs62092394	18	31268710	0.09725	0.039	0.0235	0.9493	0.0507	48923	1410792	0.0335154465083938	A	T	FALSE	0	0	0	0	FALSE	0
rs62092395	18	31270579	0.09946	0.1018	0.0618	0.9836	0.0164	35345	1315724	0.0261607660304544	A	T	FALSE	0	0	0	0	FALSE	0
rs62092396	18	31270812	0.09406	0.0329	0.0197	0.9292	0.0708	49053	1411006	0.0335965875351613	T	C	FALSE	0	0	0	0	FALSE	0
rs62092425	18	31277129	0.5156	-0.0147	0.0227	0.0541	0.0541	50455	1411925	0.0345019762305283	T	C	FALSE	0	0	0	0	FALSE	0
rs62092427	18	31289073	0.7574	0.0058	0.0187	0.9224	0.0776	49053	1411006	0.0335965875351613	A	C	FALSE	0	0	0	0	FALSE	0
rs62092429	18	31289345	0.7872	0.005	0.0186	0.9221	0.0779	49053	1411006	0.0335965875351613	A	T	FALSE	0	0	0	0	FALSE	0
rs62092430	18	31291312	0.7337	0.0064	0.0187	0.9224	0.0776	49053	1411006	0.0335965875351613	A	C	FALSE	0	0	0	0	FALSE	0
rs62092431	18	31297484	0.3377	-0.023	0.024	0.0779	0.0779	35857	1316006	0.0265241374310858	T	C	FALSE	0	0	0	0	FALSE	0
rs62092432	18	31297864	0.8096	0.0046	0.0193	0.9246	0.0754	49565	1411288	0.0339288073474881	T	C	FALSE	0	0	0	0	FALSE	0
rs62092434	18	31302538	0.2292	-0.0297	0.0247	0.0425	0.0425	56306	1417791	0.0381969436203995	A	G	FALSE	0	0	0	0	FALSE	0
rs62092435	18	31304553	0.226	-0.0299	0.0247	0.0425	0.0425	56306	1417791	0.0381969436203995	A	G	FALSE	0	0	0	0	FALSE	0
rs62092436	18	31305454	0.2081	0.031	0.0246	0.9572	0.0428	56306	1417791	0.0381969436203995	A	G	FALSE	0	0	0	0	FALSE	0
rs6507054	18	31248323	0.002956	-0.0293	0.0099	0.4226	0.4226	56306	1417791	0.0381969436203995	T	C	FALSE	0	0	0	0	FALSE	0
rs6507056	18	31282933	0.001059	0.0321	0.0098	0.5857	0.4143	56306	1417791	0.0381969436203995	C	G	FALSE	0	0	0	0	FALSE	0
rs6507057	18	31293981	0.001393	0.0309	0.0097	0.4137	0.4137	56306	1417791	0.0381969436203995	A	G	FALSE	0	0	0	0	FALSE	0
rs6507058	18	31295000	0.0002794	-0.0357	0.0098	0.4056	0.4056	56306	1417791	0.0381969436203995	T	C	FALSE	0	0	0	0	FALSE	0
rs6507059	18	31303643	2.236e-07	-0.0494	0.0095	0.463	0.463	56306	1417791	0.0381969436203995	A	G	FALSE	3	1	0	0	FALSE	1
rs6507060	18	31322278	4.042e-06	-0.0434	0.0094	0.4909	0.4909	56306	1417791	0.0381969436203995	A	G	FALSE	0	0	1	1	FALSE	1
rs714042	18	31281157	0.7922	0.0049	0.0186	0.9225	0.0775	49053	1411006	0.0335965875351613	A	C	FALSE	0	0	0	0	FALSE	0
rs717948	18	31288464	0.0002738	-0.0358	0.0098	0.4064	0.4064	56306	1417791	0.0381969436203995	T	C	FALSE	0	0	0	0	FALSE	0
rs717949	18	31288563	0.002609	-0.037	0.0123	0.4051	0.4051	42598	1322509	0.0312048799105125	A	G	FALSE	0	0	0	0	FALSE	0
rs7226372	18	31232549	6.499e-05	-0.0388	0.0097	0.5326	0.4674	56306	1417791	0.0381969436203995	T	C	FALSE	0	0	0	0	FALSE	0
rs7226575	18	31168982	0.3182	0.0186	0.0187	0.9199	0.0800999999999999	49053	1411006	0.0335965875351613	T	C	FALSE	0	0	0	0	FALSE	0
rs7227148	18	31266295	0.9791	5e-04	0.0194	0.9286	0.0714	49943	1411643	0.0341704148780845	C	G	FALSE	0	0	0	0	FALSE	0
rs7227658	18	31162373	0.2451	-0.0226	0.0195	0.0777	0.0777	49053	1411006	0.0335965875351613	A	T	FALSE	0	0	0	0	FALSE	0
rs7228141	18	31214950	0.002327	0.03	0.0098	0.5249	0.4751	56306	1417791	0.0381969436203995	C	G	FALSE	0	0	0	0	FALSE	0
rs7230086	18	31270553	0.09398	-0.033	0.0197	0.0712	0.0712	49053	1411006	0.0335965875351613	A	C	FALSE	0	0	0	0	FALSE	0
rs7230132	18	31270679	0.7719	-0.0055	0.019	0.9283	0.0717	56306	1417791	0.0381969436203995	A	G	FALSE	0	0	0	0	FALSE	0
rs7230319	18	31321289	8.852e-07	-0.0457	0.0093	0.4924	0.4924	56306	1417791	0.0381969436203995	A	T	FALSE	0	0	0	0	FALSE	0
rs7230463	18	31309133	1.634e-07	0.0492	0.0094	0.4905	0.4905	56306	1417791	0.0381969436203995	C	G	FALSE	0	0	0	0	FALSE	0
rs7230668	18	31219235	0.002073	-0.0302	0.0098	0.4681	0.4681	56306	1417791	0.0381969436203995	A	G	FALSE	0	0	0	0	FALSE	0
rs7231911	18	31279434	2.586e-05	-0.0407	0.0097	0.4749	0.4749	56306	1417791	0.0381969436203995	T	C	FALSE	0	0	0	0	FALSE	0
rs7232064	18	31279512	0.0002641	-0.0353	0.0097	0.5575	0.4425	56306	1417791	0.0381969436203995	T	G	FALSE	0	0	0	0	FALSE	0
rs7232171	18	31251221	0.00323	0.0289	0.0098	0.5783	0.4217	56306	1417791	0.0381969436203995	T	G	FALSE	0	0	0	0	FALSE	0
rs7232237	18	31324934	1.247e-06	-0.0457	0.0094	0.4925	0.4925	56306	1417791	0.0381969436203995	A	G	FALSE	0	0	0	0	FALSE	0
rs7232636	18	31267411	0.004155	-0.0278	0.0097	0.4794	0.4794	56306	1417791	0.0381969436203995	A	G	FALSE	0	0	0	0	FALSE	0
rs7233908	18	31267449	0.006022	-0.0267	0.0097	0.4885	0.4885	56306	1417791	0.0381969436203995	T	C	FALSE	0	0	0	0	FALSE	0
rs7234013	18	31306745	0.6026	0.0162	0.0312	0.0263	0.0263	56306	1417791	0.0381969436203995	T	C	FALSE	0	0	0	0	FALSE	0
rs7234018	18	31167190	0.3398	-0.0176	0.0185	0.0813	0.0813	49053	1411006	0.0335965875351613	A	C	FALSE	0	0	0	0	FALSE	0
rs7234149	18	31285269	0.001028	-0.032	0.0098	0.4241	0.4241	56306	1417791	0.0381969436203995	A	C	FALSE	0	0	0	0	FALSE	0
rs7237379	18	31322540	1.362e-06	-0.045	0.0093	0.4908	0.4908	56306	1417791	0.0381969436203995	T	C	FALSE	0	0	0	0	FALSE	0
rs7237585	18	31164632	0.3459	0.0176	0.0187	0.9197	0.0803000000000001	49053	1411006	0.0335965875351613	A	T	FALSE	0	0	0	0	FALSE	0
rs7238029	18	31317755	9.396e-07	-0.0457	0.0093	0.4911	0.4911	56306	1417791	0.0381969436203995	A	G	FALSE	0	0	1	1	FALSE	1
rs7239498	18	31277716	1.827e-05	0.0416	0.0097	0.525	0.475	56306	1417791	0.0381969436203995	T	C	FALSE	0	0	0	0	FALSE	0
rs7240876	18	31256702	0.005441	0.027	0.0097	0.5089	0.4911	56306	1417791	0.0381969436203995	A	G	FALSE	0	0	0	0	FALSE	0
rs7241287	18	31265411	0.005477	0.0269	0.0097	0.5101	0.4899	56306	1417791	0.0381969436203995	T	G	FALSE	0	0	0	0	FALSE	0
rs7243541	18	31327296	0.01453	-0.0349	0.0143	0.8801	0.1199	56306	1417791	0.0381969436203995	A	C	FALSE	0	0	0	0	FALSE	0
rs7243855	18	31217969	6.508e-05	-0.0392	0.0098	0.5455	0.4545	56306	1417791	0.0381969436203995	A	C	FALSE	0	0	0	0	FALSE	0
rs7244798	18	31248628	0.00396	-0.0281	0.0097	0.4828	0.4828	56306	1417791	0.0381969436203995	A	G	FALSE	0	0	0	0	FALSE	0
rs7244803	18	31223724	0.002038	-0.0302	0.0098	0.4678	0.4678	56306	1417791	0.0381969436203995	T	C	FALSE	0	0	0	0	FALSE	0
rs726147	18	31188140	0.6514	-0.0093	0.0206	0.0637	0.0637	49053	1411006	0.0335965875351613	A	G	FALSE	0	0	0	0	FALSE	0
rs72947403	18	31269692	0.9131	-0.0023	0.0209	0.0619	0.0619	49053	1411006	0.0335965875351613	A	G	FALSE	0	0	0	0	FALSE	0
rs72947422	18	31276808	0.3055	-0.0175	0.017	0.9087	0.0913	56306	1417791	0.0381969436203995	A	G	FALSE	0	0	0	0	FALSE	0
rs72947433	18	31279655	0.5909	0.0094	0.0175	0.0852	0.0852	56306	1417791	0.0381969436203995	A	G	FALSE	0	0	0	0	FALSE	0
rs72947435	18	31280250	0.5796	0.0096	0.0174	0.0854	0.0854	56306	1417791	0.0381969436203995	T	G	FALSE	0	0	0	0	FALSE	0
rs72947442	18	31283203	0.5862	-0.0094	0.0173	0.9144	0.0856	56306	1417791	0.0381969436203995	T	G	FALSE	0	0	0	0	FALSE	0
rs72947444	18	31283324	0.5696	0.0099	0.0173	0.0856	0.0856	56306	1417791	0.0381969436203995	A	G	FALSE	0	0	0	0	FALSE	0
rs72947450	18	31284568	0.5732	-0.0098	0.0174	0.9143	0.0857	56306	1417791	0.0381969436203995	A	T	FALSE	0	0	0	0	FALSE	0
rs72947470	18	31290755	0.2717	-0.0186	0.0169	0.9076	0.0924	56306	1417791	0.0381969436203995	A	T	FALSE	0	0	0	0	FALSE	0
rs72958101	18	31179885	0.3671	-0.0623	0.069	0.0101	0.0101	29266	973619	0.0291818104767745	A	G	FALSE	0	0	0	0	FALSE	0
rs72960004	18	31189257	0.6487	0.0094	0.0206	0.9364	0.0636	49053	1411006	0.0335965875351613	A	G	FALSE	0	0	0	0	FALSE	0
rs72960012	18	31199123	0.6713	0.0087	0.0206	0.9364	0.0636	49053	1411006	0.0335965875351613	C	G	FALSE	0	0	0	0	FALSE	0
rs72960024	18	31205209	0.7519	0.0042	0.0133	0.1865	0.1865	49053	1411006	0.0335965875351613	A	G	FALSE	0	0	0	0	FALSE	0
rs72961945	18	31241955	0.667	-0.0092	0.0213	0.0604	0.0604	49053	1411006	0.0335965875351613	T	C	FALSE	0	0	0	0	FALSE	0
rs72961957	18	31247550	0.6797	0.0223	0.0541	0.989	0.011	49053	1411006	0.0335965875351613	T	C	FALSE	0	0	0	0	FALSE	0
rs72961990	18	31259796	0.1878	-0.0497	0.0377	0.0394	0.0394	35345	1315724	0.0261607660304544	T	C	FALSE	0	0	0	0	FALSE	0
rs72964074	18	31268935	0.7245	-0.0068	0.0193	0.9297	0.0703	55794	1417509	0.0378700104459164	A	G	FALSE	0	0	0	0	FALSE	0
rs73422879	18	31237466	0.05522	0.0376	0.0196	0.9298	0.0702	49053	1411006	0.0335965875351613	A	G	FALSE	0	0	0	0	FALSE	0
rs73422886	18	31252469	0.07713	0.0349	0.0197	0.9301	0.0699	49053	1411006	0.0335965875351613	A	G	FALSE	0	0	0	0	FALSE	0
rs73424729	18	31277591	0.7715	0.0055	0.0189	0.9232	0.0768	49053	1411006	0.0335965875351613	A	G	FALSE	0	0	0	0	FALSE	0
rs73955177	18	31276247	0.9144	0.0058	0.0543	0.0101	0.0101	29793	974091	0.0296777316901156	A	G	FALSE	0	0	0	0	FALSE	0
rs73955179	18	31279903	0.9778	-0.0015	0.0542	0.99	0.01	29793	974091	0.0296777316901156	T	G	FALSE	0	0	0	0	FALSE	0
rs73955180	18	31280229	0.9827	0.0012	0.0542	0.01	0.01	29793	974091	0.0296777316901156	T	C	FALSE	0	0	0	0	FALSE	0
rs73955183	18	31288614	0.9933	5e-04	0.0542	0.9897	0.0103	29793	974091	0.0296777316901156	C	G	FALSE	0	0	0	0	FALSE	0
rs73955187	18	31296914	0.9616	0.0026	0.0545	0.0102	0.0102	29793	974091	0.0296777316901156	A	T	FALSE	0	0	0	0	FALSE	0
rs73955189	18	31297820	0.9641	0.0025	0.0545	0.0103	0.0103	29793	974091	0.0296777316901156	T	C	FALSE	0	0	0	0	FALSE	0
rs73955191	18	31299302	0.9508	-0.0034	0.0547	0.9897	0.0103	29793	974091	0.0296777316901156	T	C	FALSE	0	0	0	0	FALSE	0
rs73955193	18	31310262	0.09926	-0.046	0.0279	0.9684	0.0316	56306	1417791	0.0381969436203995	C	G	FALSE	0	0	0	0	FALSE	0
rs73955195	18	31312453	0.09149	-0.0471	0.0279	0.9683	0.0317	56306	1417791	0.0381969436203995	T	C	FALSE	0	0	0	0	FALSE	0
rs73955196	18	31313964	0.7903	0.0107	0.0401	0.0223	0.0223	56306	1417791	0.0381969436203995	T	C	FALSE	0	0	0	0	FALSE	0
rs74377072	18	31322664	0.8166	-0.0082	0.0354	0.9747	0.0253	49053	1411006	0.0335965875351613	T	C	FALSE	0	0	0	0	FALSE	0
rs7504560	18	31312148	2.562e-08	-0.0521	0.0094	0.5015	0.4985	56306	1417791	0.0381969436203995	A	G	FALSE	0	0	0	0	FALSE	0
rs75223722	18	31161343	0.2845	0.0207	0.0193	0.9265	0.0735	49053	1411006	0.0335965875351613	T	G	FALSE	0	0	0	0	FALSE	0
rs75224429	18	31185852	0.9623	-0.0021	0.0443	0.9814	0.0186	49053	1411006	0.0335965875351613	C	G	FALSE	0	0	0	0	FALSE	0
rs75476080	18	31214995	0.01941	-0.0992	0.0424	0.966	0.034	35345	1315724	0.0261607660304544	A	T	FALSE	0	0	0	0	FALSE	0
rs75528806	18	31199200	0.338	-0.0436	0.0455	0.0243	0.0243	49053	1411006	0.0335965875351613	C	G	FALSE	0	0	0	0	FALSE	0
rs75868823	18	31249004	0.4787	0.0242	0.0341	0.9774	0.0226	56306	1417791	0.0381969436203995	A	G	FALSE	0	0	0	0	FALSE	0
rs75925401	18	31217724	0.3648	-0.0603	0.0665	0.0144	0.0144	35345	1315724	0.0261607660304544	A	C	FALSE	0	0	0	0	FALSE	0
rs75951552	18	31214928	0.07593	0.035	0.0197	0.9286	0.0714	49053	1411006	0.0335965875351613	A	T	FALSE	0	0	0	0	FALSE	0
rs76140794	18	31210573	0.8728	-0.009	0.0564	0.982	0.018	35345	1315724	0.0261607660304544	T	G	FALSE	0	0	0	0	FALSE	0
rs76203005	18	31208652	0.5895	0.0319	0.0591	0.0123	0.0123	49053	1411006	0.0335965875351613	A	G	FALSE	0	0	0	0	FALSE	0
rs76804044	18	31162392	0.1735	0.0283	0.0208	0.9301	0.0699	47884	1410038	0.032844006743845	A	G	FALSE	0	0	0	0	FALSE	0
rs76958421	18	31218076	0.06592	-0.0361	0.0196	0.0714	0.0714	49053	1411006	0.0335965875351613	A	G	FALSE	0	0	0	0	FALSE	0
rs77083191	18	31288164	0.4119	0.055	0.0671	0.9889	0.0111	49943	1411643	0.0341704148780845	A	G	FALSE	0	0	0	0	FALSE	0
rs77234534	18	31286908	0.7465	-0.0111	0.0344	0.0216	0.0216	56306	1417791	0.0381969436203995	A	G	FALSE	0	0	0	0	FALSE	0
rs77280338	18	31159799	0.0003443	-0.0934	0.0261	0.9241	0.0759	49053	1411006	0.0335965875351613	C	G	FALSE	0	0	0	0	FALSE	0
rs77328449	18	31327908	0.3075	-0.0379	0.0372	0.0174	0.0174	56306	1417791	0.0381969436203995	T	C	FALSE	0	0	0	0	FALSE	0
rs77617474	18	31323136	0.6678	0.03	0.07	0.9898	0.0102	31325	975224	0.0311211873440836	T	G	FALSE	0	0	0	0	FALSE	0
rs77777102	18	31223709	0.8856	-0.0043	0.0301	0.0466	0.0466	49053	1411006	0.0335965875351613	A	T	FALSE	0	0	0	0	FALSE	0
rs78086351	18	31219184	0.7533	0.0124	0.0396	0.0284	0.0284	49053	1411006	0.0335965875351613	T	C	FALSE	0	0	0	0	FALSE	0
rs78280279	18	31256394	0.08891	-0.0418	0.0246	0.0471	0.0471	49565	1411288	0.0339288073474881	T	C	FALSE	0	0	0	0	FALSE	0
rs78435910	18	31162681	0.01171	-0.1129	0.0448	0.9761	0.0239	35345	1315724	0.0261607660304544	T	C	FALSE	0	0	0	0	FALSE	0
rs78562087	18	31232058	0.8908	-0.0091	0.0663	0.0108	0.0108	28880	973126	0.0288221827015008	T	C	FALSE	0	0	0	0	FALSE	0
rs78841363	18	31302117	0.5039	0.0211	0.0315	0.0258	0.0258	56306	1417791	0.0381969436203995	A	G	FALSE	0	0	0	0	FALSE	0
rs78991047	18	31162662	0.826	0.0057	0.0261	0.0737	0.0737	35345	1315724	0.0261607660304544	T	G	FALSE	0	0	0	0	FALSE	0
rs79375446	18	31298558	0.0006205	0.0987	0.0288	0.0646	0.0646	35345	1315724	0.0261607660304544	T	C	FALSE	0	0	0	0	FALSE	0
rs80007932	18	31168823	0.2942	0.0539	0.0514	0.016	0.016	49053	1411006	0.0335965875351613	T	C	FALSE	0	0	0	0	FALSE	0
rs80163036	18	31276520	0.7461	-0.0111	0.0344	0.0219	0.0219	56306	1417791	0.0381969436203995	T	G	FALSE	0	0	0	0	FALSE	0
rs80280153	18	31300355	0.1046	-0.1015	0.0625	0.9864	0.0135999999999999	35345	1315724	0.0261607660304544	A	G	FALSE	0	0	0	0	FALSE	0
rs8083020	18	31248422	0.7925	-0.0055	0.021	0.0613	0.0613	49053	1411006	0.0335965875351613	A	T	FALSE	0	0	0	0	FALSE	0
rs8086318	18	31263320	0.003943	0.0284	0.0098	0.582	0.418	56306	1417791	0.0381969436203995	A	G	FALSE	0	0	0	0	FALSE	0
rs8086460	18	31270819	0.006837	0.0263	0.0097	0.5102	0.4898	56306	1417791	0.0381969436203995	T	C	FALSE	0	0	0	0	FALSE	0
rs8086676	18	31263801	0.006265	-0.0265	0.0097	0.4902	0.4902	56306	1417791	0.0381969436203995	A	G	FALSE	0	0	0	0	FALSE	0
rs8086849	18	31254711	0.0002666	0.0359	0.0098	0.4391	0.4391	56306	1417791	0.0381969436203995	A	T	FALSE	0	0	0	0	FALSE	0
rs8087449	18	31219872	0.002013	-0.0303	0.0098	0.4685	0.4685	56306	1417791	0.0381969436203995	A	C	FALSE	0	0	0	0	FALSE	0
rs8089672	18	31255046	0.005531	0.0269	0.0097	0.5094	0.4906	56306	1417791	0.0381969436203995	A	C	FALSE	0	0	0	0	FALSE	0
rs8090361	18	31263992	0.9544	0.0011	0.0194	0.9283	0.0717	49943	1411643	0.0341704148780845	C	G	FALSE	0	0	0	0	FALSE	0
rs8091920	18	31303557	2.2e-07	-0.049	0.0095	0.5335	0.4665	56306	1417791	0.0381969436203995	C	G	FALSE	0	0	0	0	FALSE	0
rs8092061	18	31259173	0.1977	-0.0188	0.0146	0.1422	0.1422	49053	1411006	0.0335965875351613	A	C	FALSE	0	0	0	0	FALSE	0
rs8092241	18	31294675	0.604	0.0098	0.0189	0.9232	0.0768	49053	1411006	0.0335965875351613	T	C	FALSE	0	0	0	0	FALSE	0
rs8092826	18	31289883	0.7642	0.0056	0.0186	0.9219	0.0781	49053	1411006	0.0335965875351613	A	T	FALSE	0	0	0	0	FALSE	0
rs8092855	18	31289604	0.7988	-0.0047	0.0186	0.0783	0.0783	49053	1411006	0.0335965875351613	T	G	FALSE	0	0	0	0	FALSE	0
rs8094018	18	31261740	0.02898	-0.0267	0.0122	0.4903	0.4903	42598	1322509	0.0312048799105125	A	T	FALSE	0	0	0	0	FALSE	0
rs8094056	18	31173187	0.6189	0.0087	0.0175	0.8972	0.1028	49053	1411006	0.0335965875351613	T	C	FALSE	0	0	0	0	FALSE	0
rs8094522	18	31226000	0.001929	-0.0303	0.0098	0.4555	0.4555	56306	1417791	0.0381969436203995	A	G	FALSE	0	0	0	0	FALSE	0
rs8095421	18	31177373	0.1306	0.022	0.0146	0.8599	0.1401	49053	1411006	0.0335965875351613	A	C	FALSE	0	0	0	0	FALSE	0
rs8097703	18	31253405	0.9325	-0.0018	0.0208	0.0626	0.0626	49053	1411006	0.0335965875351613	T	C	FALSE	0	0	0	0	FALSE	0
rs8098239	18	31253638	0.9752	6e-04	0.02	0.0681	0.0681	49416	1411171	0.0338329726336055	A	G	FALSE	0	0	0	0	FALSE	0
rs8098989	18	31269303	0.00356	-0.0287	0.0098	0.418	0.418	56306	1417791	0.0381969436203995	T	C	FALSE	0	0	0	0	FALSE	0
rs9304124	18	31172542	0.3334	0.018	0.0186	0.9193	0.0807	49053	1411006	0.0335965875351613	T	G	FALSE	0	0	0	0	FALSE	0
rs9304125	18	31216532	0.002544	0.0296	0.0098	0.5249	0.4751	56306	1417791	0.0381969436203995	A	G	FALSE	0	0	0	0	FALSE	0
rs9304126	18	31241497	0.001904	-0.0305	0.0098	0.4609	0.4609	56306	1417791	0.0381969436203995	C	G	FALSE	0	0	0	0	FALSE	0
rs9304127	18	31280122	9.725e-05	-0.0376	0.0096	0.4819	0.4819	56306	1417791	0.0381969436203995	A	G	FALSE	0	0	0	0	FALSE	0
rs948486	18	31267711	0.0033	-0.0289	0.0098	0.4183	0.4183	56306	1417791	0.0381969436203995	T	C	FALSE	0	0	0	0	FALSE	0
rs9807787	18	31160328	0.5228	0.0221	0.0346	0.97	0.03	49053	1411006	0.0335965875351613	A	G	FALSE	0	0	0	0	FALSE	0
rs9944994	18	31236147	8.628e-05	0.0382	0.0097	0.4677	0.4677	56306	1417791	0.0381969436203995	T	C	FALSE	0	0	0	0	FALSE	0
rs9945530	18	31171555	0.3281	-0.0181	0.0185	0.0812	0.0812	49053	1411006	0.0335965875351613	A	G	FALSE	0	0	0	0	FALSE	0
rs9947894	18	31328720	2.183e-07	-0.0483	0.0093	0.4936	0.4936	56306	1417791	0.0381969436203995	T	G	FALSE	0	0	0	0	FALSE	0
rs9949440	18	31197332	0.6701	-0.0088	0.0206	0.0638	0.0638	49053	1411006	0.0335965875351613	A	G	FALSE	0	0	0	0	FALSE	0
rs9951997	18	31180750	0.1308	-0.0288	0.019	0.0766	0.0766	49053	1411006	0.0335965875351613	T	G	FALSE	0	0	0	0	FALSE	0
rs9952444	18	31286171	0.001036	-0.0322	0.0098	0.4126	0.4126	56306	1417791	0.0381969436203995	A	T	FALSE	0	0	0	0	FALSE	0
rs9952522	18	31286129	0.001035	0.0321	0.0098	0.5863	0.4137	56306	1417791	0.0381969436203995	T	C	FALSE	0	0	0	0	FALSE	0
rs9952637	18	31286329	0.001031	-0.0321	0.0098	0.4137	0.4137	56306	1417791	0.0381969436203995	A	C	FALSE	0	0	0	0	FALSE	0
rs9954233	18	31298923	0.0008589	-0.0323	0.0097	0.5854	0.4146	56306	1417791	0.0381969436203995	A	G	FALSE	0	0	0	0	FALSE	0
rs9956208	18	31199831	0.6841	0.0084	0.0206	0.9361	0.0639	49053	1411006	0.0335965875351613	C	G	FALSE	0	0	0	0	FALSE	0
rs9956918	18	31315878	6.697e-07	0.0467	0.0094	0.4665	0.4665	56306	1417791	0.0381969436203995	C	G	FALSE	0	0	0	0	FALSE	0
rs9959347	18	31316169	4.905e-07	0.0472	0.0094	0.467	0.467	56306	1417791	0.0381969436203995	T	C	FALSE	0	0	0	0	FALSE	0
rs9959496	18	31200800	0.6858	0.0083	0.0206	0.9361	0.0639	49053	1411006	0.0335965875351613	C	G	FALSE	0	0	0	0	FALSE	0
rs9960503	18	31276569	1.25e-05	-0.0428	0.0098	0.4806	0.4806	56306	1417791	0.0381969436203995	A	G	FALSE	0	0	0	0	FALSE	0
rs9960579	18	31276575	0.0001449	0.0374	0.0098	0.428	0.428	56306	1417791	0.0381969436203995	A	C	FALSE	0	0	0	0	FALSE	0
rs9962466	18	31164127	0.3316	-0.0179	0.0184	0.0813	0.0813	49053	1411006	0.0335965875351613	A	C	FALSE	0	0	0	0	FALSE	0
rs9963659	18	31217194	0.001834	-0.0306	0.0098	0.4685	0.4685	56306	1417791	0.0381969436203995	A	G	FALSE	0	0	0	0	FALSE	0
rs9964810	18	31226058	0.001815	-0.0306	0.0098	0.4578	0.4578	56306	1417791	0.0381969436203995	T	C	FALSE	0	0	0	0	FALSE	0
rs9967132	18	31190680	0.7414	-0.0068	0.0205	0.0646	0.0646	49053	1411006	0.0335965875351613	T	C	FALSE	0	0	0	0	FALSE	0
