SNP	CHR	POS	P	Effect	StdErr	Freq	MAF	N_cases	N_controls	proportion_cases	A1	A2	leadSNP	ABF.Credible_Set	ABF.PP	SUSIE.Credible_Set	SUSIE.PP	POLYFUN_SUSIE.Credible_Set	POLYFUN_SUSIE.PP	FINEMAP.Credible_Set	FINEMAP.PP
rs6823696	4	77544449	0.06516	-0.0195	0.0106	0.7018	0.2982	56306	1417791	0.0381969436203995	T	C	FALSE	0	2.69834020927424e-19	0	0	0	0	0	1.81943e-108
rs6823734	4	76836137	0.5272	-0.0064	0.0101	0.3052	0.3052	56306	1417791	0.0381969436203995	A	G	FALSE	0	5.81197476761235e-20	0	0	0	0	0	3.32603e-101
rs6823763	4	77726298	0.9067	-0.0015	0.0124	0.7974	0.2026	50092	1411760	0.0342661226991515	A	G	FALSE	0	5.87949742407065e-20	0	0	0	0	0	1.15387e-108
rs6823784	4	77939386	0.002984	-0.0503	0.0169	0.8771	0.1229	49053	1411006	0.0335965875351613	A	G	FALSE	0	6.45505033980982e-18	0	0	0	0	0	4.40765e-107
rs6823789	4	77350025	0.0001876	-0.058	0.0155	0.1078	0.1078	56306	1417791	0.0381969436203995	A	T	FALSE	0	7.67322341115745e-17	0	0	0	0	0	0
rs6823930	4	77772570	0.7569	0.0087	0.0283	0.0296	0.0296	56306	1417791	0.0381969436203995	T	C	FALSE	0	1.38416236651459e-19	0	0	0	0	0	4.26506e-109
rs6824251	4	77073544	0.02028	-0.03	0.0129	0.8477	0.1523	56306	1417791	0.0381969436203995	A	C	FALSE	0	8.9704153500004e-19	0	0	0	0	0	1.20168e-107
rs6824297	4	77492155	0.4034	0.0085	0.0102	0.333	0.333	56306	1417791	0.0381969436203995	T	G	FALSE	0	6.79247171210677e-20	0	0	0	0	0	4.73882e-107
rs6824360	4	77949096	0.8087	-0.008	0.0331	0.0253	0.0253	47884	1410038	0.032844006743845	A	G	FALSE	0	1.58450271760871e-19	0	0	0	0	0	3.10579e-109
rs6824367	4	77075837	9.281e-05	0.0903	0.0231	0.0668	0.0668	42598	1322509	0.0312048799105125	A	G	FALSE	0	2.03639753141999e-16	0	0	0	0	0	8.9516e-105
rs6824891	4	77848371	0.4865	-0.0183	0.0263	0.0455	0.0455	49053	1411006	0.0335965875351613	A	G	FALSE	0	1.56015035324673e-19	0	0	0	0	0	6.94704e-109
rs6824910	4	76847439	0.05191	0.0221	0.0114	0.7213	0.2787	55137	1416823	0.0374582189733417	T	C	FALSE	0	3.49314951410344e-19	0	0	0	0	0	9.53243e-109
rs6824911	4	76847441	0.02613	0.025	0.0112	0.7218	0.2782	56306	1417791	0.0381969436203995	T	C	FALSE	0	6.31931286572539e-19	0	0	0	0	0	1.63393e-108
rs6824953	4	77110311	0.0784	-0.0171	0.0097	0.629	0.371	56306	1417791	0.0381969436203995	C	G	FALSE	0	2.15331524453047e-19	0	0	0	0	0	2.91362e-109
rs6825004	4	77110365	1.17e-09	0.0622	0.0102	0.6912	0.3088	56306	1417791	0.0381969436203995	C	G	FALSE	0	5.43912831049929e-12	0	0	0	0	0	3.75566e-103
rs6825045	4	76957558	0.869	0.0015	0.0094	0.5379	0.4621	56306	1417791	0.0381969436203995	T	C	FALSE	0	4.48489416972473e-20	0	0	0	0	0	9.17303e-108
rs6825243	4	76957638	0.232	-0.0158	0.0132	0.8474	0.1526	56306	1417791	0.0381969436203995	C	G	FALSE	0	1.26759864152027e-19	0	0	0	0	0	7.25218e-107
rs6825463	4	76834583	0.04106	0.0449	0.022	0.0496	0.0496	56306	1417791	0.0381969436203995	A	G	FALSE	0	8.07363915265709e-19	0	0	0	0	0	1.7895e-108
rs6825527	4	77229264	5.08e-08	-0.0599	0.011	0.2412	0.2412	56306	1417791	0.0381969436203995	C	G	FALSE	0	1.36133616890682e-13	0	0	0	0	0	0
rs6825722	4	76358835	0.9168	-0.0011	0.0108	0.7482	0.2518	56306	1417791	0.0381969436203995	T	C	FALSE	0	5.1123880484837e-20	0	0	0	0	0	2.65164e-109
rs6825823	4	78052108	0.6676	0.0052	0.0121	0.4568	0.4568	30435	974587	0.0302829191798786	T	C	FALSE	0	6.24505449387262e-20	0	0	0	0	0	3.73706e-109
rs6826085	4	76870229	0.9736	-3e-04	0.0096	0.3975	0.3975	55137	1416823	0.0374582189733417	T	C	FALSE	0	4.52448668659751e-20	0	0	0	0	0	3.69271e-109
rs6826163	4	76973445	0.7838	-0.0026	0.0095	0.4642	0.4642	56306	1417791	0.0381969436203995	A	G	FALSE	0	4.64567512910034e-20	0	0	0	0	0	3.47456e-107
rs6826310	4	77686695	0.2274	0.0158	0.0131	0.824	0.176	56306	1417791	0.0381969436203995	A	G	FALSE	0	1.27192419918703e-19	0	0	0	0	0	1.39739e-106
rs6826514	4	77010700	9.054e-05	-0.0644	0.0165	0.0926	0.0926	56306	1417791	0.0381969436203995	T	G	FALSE	0	1.49685194479024e-16	0	0	0	0	0	1.8874e-105
rs6826681	4	77927538	0.531	0.0084	0.0134	0.8314	0.1686	49053	1411006	0.0335965875351613	A	G	FALSE	0	7.66774067404962e-20	0	0	0	0	0	2.61522e-109
rs6826733	4	77338250	0.01801	-0.0511	0.0216	0.9471	0.0529	56306	1417791	0.0381969436203995	A	C	FALSE	0	1.60999368047104e-18	0	0	0	0	0	1.03665e-59
rs6826782	4	77849264	0.1775	0.0216	0.016	0.7599	0.2401	17766	880059	0.0197878205663687	A	G	FALSE	0	1.86018038111375e-19	0	0	0	0	0	3.10629e-109
rs6826858	4	76635569	0.02517	-0.0319	0.0143	0.1252	0.1252	56306	1417791	0.0381969436203995	A	G	FALSE	0	7.99678537625702e-19	0	0	0	0	0	1.8409e-102
rs6826927	4	77694232	0.4776	-0.0168	0.0237	0.9323	0.0677	42598	1322509	0.0312048799105125	A	T	FALSE	0	1.42202919451846e-19	0	0	0	0	0	4.81095e-109
rs6826947	4	76527174	0.202	0.0125	0.0098	0.4012	0.4012	56306	1417791	0.0381969436203995	T	G	FALSE	0	1.03926888845781e-19	0	0	0	0	0	1.4422e-104
rs6827016	4	76724518	0.01039	0.0272	0.0106	0.2563	0.2563	56306	1417791	0.0381969436203995	T	C	FALSE	0	1.33074451156093e-18	0	0	0	0	0	5.99154e-107
rs6827128	4	76960449	0.8807	-0.0014	0.0095	0.4665	0.4665	56306	1417791	0.0381969436203995	T	C	FALSE	0	4.52403264500901e-20	0	0	0	0	0	2.27379e-107
rs6827302	4	76695927	0.08742	-0.0393	0.023	0.9566	0.0434	56306	1417791	0.0381969436203995	A	G	FALSE	0	4.55174555147447e-19	0	0	0	0	0	7.39011e-108
rs6827617	4	76916146	0.7708	0.0028	0.0096	0.6043	0.3957	56306	1417791	0.0381969436203995	A	G	FALSE	0	4.71832526524779e-20	0	0	0	0	0	3.88171e-109
rs6827757	4	77565720	0.2977	0.0139	0.0134	0.2952	0.2952	42598	1322509	0.0312048799105125	T	G	FALSE	0	1.07728063218218e-19	0	0	0	0	0	2.67843e-109
rs6827767	4	76970473	0.8482	0.0018	0.0096	0.5359	0.4641	56306	1417791	0.0381969436203995	A	G	FALSE	0	4.6022931518561e-20	0	0	0	0	0	1.46365e-107
rs6827809	4	76629797	0.02365	-0.0323	0.0143	0.1255	0.1255	56306	1417791	0.0381969436203995	T	C	FALSE	0	8.51228677019831e-19	0	0	0	0	0	2.61603e-102
rs6828012	4	76324451	0.8492	-0.0019	0.0102	0.6528	0.3472	56306	1417791	0.0381969436203995	A	T	FALSE	0	4.88807001754994e-20	0	0	0	0	0	4.36878e-109
rs6828078	4	77010790	7.127e-05	-0.0658	0.0166	0.0913	0.0913	56306	1417791	0.0381969436203995	A	C	FALSE	0	1.90857877823236e-16	0	0	0	0	0	5.56431e-106
rs6828341	4	77779007	0.908	0.0035	0.0304	0.0261	0.0261	56306	1417791	0.0381969436203995	A	G	FALSE	0	1.42663634284376e-19	0	0	0	0	0	3.39263e-109
rs6828365	4	76602670	0.0255	-0.032	0.0143	0.1252	0.1252	56306	1417791	0.0381969436203995	A	G	FALSE	0	8.12206473959404e-19	0	0	0	0	0	2.75369e-102
rs6828384	4	76259040	0.4142	0.0118	0.0145	0.8704	0.1296	56306	1417791	0.0381969436203995	T	C	FALSE	0	9.48138274254809e-20	0	0	0	0	0	3.89326e-109
rs6828549	4	77748334	0.4452	0.0082	0.0107	0.3309	0.3309	49580	1411478	0.0339343133537478	C	G	FALSE	0	6.75329955829009e-20	0	0	0	0	0	4.56149e-109
rs6828596	4	76961373	0.808	-0.0023	0.0095	0.4696	0.4696	56306	1417791	0.0381969436203995	A	G	FALSE	0	4.60807867288579e-20	0	0	0	0	0	3.0516e-107
rs6828744	4	76866362	0.008386	-0.0467	0.0177	0.921	0.079	56306	1417791	0.0381969436203995	A	G	FALSE	0	2.62865904045467e-18	0	0	0	0	0	9.27751e-108
rs6828780	4	77799849	0.8668	-0.0036	0.0216	0.9403	0.0597	31474	975341	0.0312609565809012	A	G	FALSE	0	1.02679600298525e-19	0	0	0	0	0	2.86195e-109
rs6828958	4	76317061	0.9726	4e-04	0.0103	0.3462	0.3462	56306	1417791	0.0381969436203995	A	T	FALSE	0	4.85484005430298e-20	0	0	0	0	0	5.0831e-109
rs6828992	4	76253367	0.1871	0.0314	0.0238	0.9552	0.0448	56306	1417791	0.0381969436203995	T	C	FALSE	0	2.6290817034755e-19	0	0	0	0	0	2.7884e-108
rs6829067	4	77586991	0.1964	-0.0126	0.0097	0.4266	0.4266	56306	1417791	0.0381969436203995	A	G	FALSE	0	1.060193119607e-19	0	0	0	0	0	2.56256e-108
rs6829172	4	76836434	0.02617	-0.0497	0.0223	0.9516	0.0484	56306	1417791	0.0381969436203995	A	G	FALSE	0	1.2149429317665e-18	0	0	0	0	0	2.50647e-107
rs6829217	4	76492196	0.5017	0.0829	0.1233	0.0118	0.0118	25252	441303	0.0541243797623003	T	C	FALSE	0	5.83076524898256e-19	0	0	0	0	0	2.64835e-109
rs6829225	4	76551652	0.8117	-0.0026	0.0108	0.2866	0.2866	56306	1417791	0.0381969436203995	T	C	FALSE	0	5.23511390527096e-20	0	0	0	0	0	2.5917e-107
rs6829300	4	78050225	0.5537	-0.0072	0.0122	0.5403	0.4597	30435	974587	0.0302829191798786	C	G	FALSE	0	6.83109232033902e-20	0	0	0	0	0	2.81355e-109
rs6829402	4	76503197	0.2215	-0.0174	0.0142	0.135	0.135	56306	1417791	0.0381969436203995	A	G	FALSE	0	1.40990966388679e-19	0	0	0	0	0	2.30552e-105
rs6829573	4	77773610	0.1983	0.0219	0.017	0.8212	0.1788	35345	1315724	0.0261607660304544	A	G	FALSE	0	1.82076410918128e-19	0	0	0	0	0	4.48174e-109
rs6829581	4	77059130	0.0229	0.0217	0.0095	0.398	0.398	56306	1417791	0.0381969436203995	A	G	FALSE	0	6.04311973017133e-19	0	0	0	0	0	6.27249e-109
rs6829592	4	77019581	0.0002028	-0.0388	0.0105	0.7133	0.2867	56306	1417791	0.0381969436203995	A	G	FALSE	0	4.47843794500167e-17	0	0	0	0	0	6.3015e-103
rs6829753	4	76435959	0.9856	2e-04	0.0099	0.4007	0.4007	56306	1417791	0.0381969436203995	A	G	FALSE	0	4.66421358120747e-20	0	0	0	0	0	4.13643e-109
rs6829784	4	77083379	5.707e-05	-0.0522	0.013	0.1585	0.1585	56306	1417791	0.0381969436203995	A	G	FALSE	0	1.87506830750245e-16	0	0	0	0	0	7.24766e-109
rs6829896	4	76970739	0.9023	0.0012	0.0096	0.5388	0.4612	56306	1417791	0.0381969436203995	T	C	FALSE	0	4.5576699353032e-20	0	0	0	0	0	1.76335e-107
rs6829993	4	76631063	0.2532	0.0111	0.0097	0.3899	0.3899	56306	1417791	0.0381969436203995	A	C	FALSE	0	8.78077468140866e-20	0	0	0	0	0	2.93764e-109
rs6830063	4	76529817	0.1965	-0.0126	0.0098	0.597	0.403	56306	1417791	0.0381969436203995	T	C	FALSE	0	1.05290566906916e-19	0	0	0	0	0	2.26184e-108
rs6830137	4	76988481	0.355	0.0149	0.0161	0.0971	0.0971	56306	1417791	0.0381969436203995	T	G	FALSE	0	1.15823269901172e-19	0	0	0	0	0	5.99518e-109
rs6830162	4	77219402	1.696e-05	0.0454	0.0106	0.7313	0.2687	56306	1417791	0.0381969436203995	T	G	FALSE	0	4.68304541614648e-16	0	0	5	1	1	1
rs6830221	4	77773941	0.8366	0.0058	0.0283	0.0303	0.0303	56306	1417791	0.0381969436203995	A	G	FALSE	0	1.34899305633833e-19	0	0	0	0	0	3.86137e-109
rs6830431	4	77774012	0.7459	0.0092	0.0283	0.0296	0.0296	56306	1417791	0.0381969436203995	T	G	FALSE	0	1.39176541227925e-19	0	0	0	0	0	4.34689e-109
rs6831058	4	76224827	0.3542	0.0094	0.0102	0.6508	0.3492	56306	1417791	0.0381969436203995	A	G	FALSE	0	7.33777886936537e-20	0	0	0	0	0	3.86785e-109
rs6831235	4	76775982	0.4592	0.0072	0.0097	0.5313	0.4687	56306	1417791	0.0381969436203995	A	G	FALSE	0	6.01460172575989e-20	0	0	0	0	0	5.5479e-109
rs6831345	4	77111755	1.122e-06	0.0966	0.0198	0.0584	0.0584	56306	1417791	0.0381969436203995	A	G	FALSE	0	1.22075864733158e-14	0	0	0	0	0	2.37744e-100
rs6831870	4	77425998	0.1141	0.0227	0.0144	0.7833	0.2167	42598	1322509	0.0312048799105125	T	G	FALSE	0	2.33160160586397e-19	0	0	0	0	0	9.94443e-105
rs6831992	4	77694385	0.7223	-0.0073	0.0207	0.937	0.0629999999999999	56306	1417791	0.0381969436203995	A	G	FALSE	0	1.03267232496292e-19	0	0	0	0	0	5.79222e-109
rs6832374	4	76760893	0.6158	0.0094	0.0187	0.9268	0.0732	56306	1417791	0.0381969436203995	T	C	FALSE	0	9.95247723970919e-20	0	0	0	0	0	2.69201e-109
rs6832496	4	77761796	0.4396	-0.012	0.0155	0.852	0.148	46605	839595	0.0525897088693297	A	G	FALSE	0	9.81732814676735e-20	0	0	0	0	0	3.79e-109
rs6832912	4	76534965	0.03315	0.0312	0.0146	0.8753	0.1247	55137	1416823	0.0374582189733417	A	G	FALSE	0	6.65544478780444e-19	0	0	0	0	0	5.07598e-109
rs6832967	4	77614036	0.3001	0.0101	0.0097	0.5603	0.4397	56306	1417791	0.0381969436203995	A	G	FALSE	0	7.84731096643221e-20	0	0	0	0	0	3.28513e-109
rs6833155	4	77762156	0.3882	-0.0135	0.0157	0.8514	0.1486	45436	838627	0.0513945273130987	T	G	FALSE	0	1.06591627262408e-19	0	0	0	0	0	3.79641e-109
rs6833155	4	77762156	0.3882	-0.0135	0.0157	0.8514	0.1486	45436	838627	0.0513945273130987	T	G	FALSE	0	1.06591627262408e-19	0	0	0	0	0	3.79641e-109
rs6833155	4	77762156	0.3882	-0.0135	0.0157	0.8514	0.1486	45436	838627	0.0513945273130987	T	G	FALSE	0	1.06591627262408e-19	0	0	0	0	0	3.79641e-109
rs6833155	4	77762156	0.3882	-0.0135	0.0157	0.8514	0.1486	45436	838627	0.0513945273130987	T	G	FALSE	0	1.06591627262408e-19	0	0	0	0	0	3.79641e-109
rs6833266	4	77849324	0.4787	-0.0186	0.0262	0.0456	0.0456	49053	1411006	0.0335965875351613	T	C	FALSE	0	1.56959154822751e-19	0	0	0	0	0	7.16765e-109
rs6833311	4	77880193	0.2693	-0.0113	0.0102	0.4245	0.4245	49053	1411006	0.0335965875351613	A	G	FALSE	0	8.8601144461669e-20	0	0	0	0	0	2.61901e-109
rs6833496	4	76415985	0.9579	-5e-04	0.01	0.5987	0.4013	56306	1417791	0.0381969436203995	A	G	FALSE	0	4.71612781440991e-20	0	0	0	0	0	3.94718e-109
rs6833686	4	77430604	0.01708	-0.0277	0.0116	0.2202	0.2202	56306	1417791	0.0381969436203995	A	G	FALSE	0	9.362325597684e-19	0	0	0	0	0	3.03979e-109
rs6833978	4	77962359	0.02948	-0.0229	0.0105	0.3692	0.3692	49053	1411006	0.0335965875351613	A	G	FALSE	0	5.29921141952966e-19	0	0	0	0	0	1.99634e-106
rs6833981	4	77779401	0.8289	0.0067	0.0308	0.0258	0.0258	56306	1417791	0.0381969436203995	C	G	FALSE	0	1.46921263561142e-19	0	0	0	0	0	3.75202e-109
rs6834051	4	76324403	0.8506	-0.0019	0.0102	0.6534	0.3466	56306	1417791	0.0381969436203995	T	C	FALSE	0	4.88807001754994e-20	0	0	0	0	0	4.3699e-109
rs6834223	4	76974985	0.1361	-0.0164	0.011	0.753	0.247	56306	1417791	0.0381969436203995	A	G	FALSE	0	1.56871625016253e-19	0	0	0	0	0	3.04819e-107
rs6834234	4	77904700	0.5158	0.0066	0.0101	0.5825	0.4175	49053	1411006	0.0335965875351613	C	G	FALSE	0	5.88632483241999e-20	0	0	0	0	0	2.90335e-109
rs6834291	4	76873740	0.009568	0.0447	0.0172	0.0825	0.0825	56306	1417791	0.0381969436203995	T	C	FALSE	0	2.30860631900794e-18	0	0	0	0	0	8.02549e-109
rs6834390	4	77762034	0.4243	-0.0123	0.0154	0.8515	0.1485	46605	839595	0.0525897088693297	T	C	FALSE	0	9.94329262358987e-20	0	0	0	0	0	3.70078e-109
rs6834747	4	76622978	0.002031	0.033	0.0107	0.2649	0.2649	56306	1417791	0.0381969436203995	T	C	FALSE	0	5.77968538900571e-18	0	0	0	0	0	4.6266e-108
rs6834891	4	77587257	0.4813	0.007	0.0099	0.621	0.379	56306	1417791	0.0381969436203995	T	C	FALSE	0	5.98393973168866e-20	0	0	0	0	0	2.68074e-109
rs6834903	4	76219476	0.1826	0.0595	0.0446	0.0183	0.0183	50455	1411925	0.0345019762305283	T	C	FALSE	0	4.79232779804611e-19	0	0	0	0	0	2.6888e-109
rs6835324	4	77117309	0.0001183	-0.0501	0.013	0.1591	0.1591	56306	1417791	0.0381969436203995	A	G	FALSE	0	9.95736564829596e-17	0	0	0	0	0	5.51675e-109
rs6835485	4	77780095	0.02872	0.0285	0.013	0.1768	0.1768	49053	1411006	0.0335965875351613	T	G	FALSE	0	6.69698124125867e-19	0	0	0	0	0	1.60427e-108
rs6835573	4	76436429	0.7744	-0.0028	0.0098	0.6177	0.3823	56306	1417791	0.0381969436203995	A	G	FALSE	0	4.80812134351968e-20	0	0	0	0	0	2.72159e-109
rs6835579	4	76436453	0.9572	5e-04	0.0098	0.4025	0.4025	56306	1417791	0.0381969436203995	A	G	FALSE	0	4.62227171292103e-20	0	0	0	0	0	4.12134e-109
rs6835702	4	76603851	0.02543	-0.032	0.0143	0.1252	0.1252	56306	1417791	0.0381969436203995	A	G	FALSE	0	8.12206473959404e-19	0	0	0	0	0	2.7518e-102
rs6835713	4	78168932	0.4243	0.0081	0.0101	0.5312	0.4688	49053	1411006	0.0335965875351613	T	G	FALSE	0	6.55635331415596e-20	0	0	0	0	0	8.47181e-109
rs6835735	4	76230146	0.1807	-0.0531	0.0396	0.9805	0.0195	50455	1411925	0.0345019762305283	T	G	FALSE	0	4.35151538936513e-19	0	0	0	0	0	5.4442e-108
rs6835736	4	76962494	0.8624	-0.0016	0.0094	0.4625	0.4625	56306	1417791	0.0381969436203995	A	T	FALSE	0	4.49275104799948e-20	0	0	0	0	0	2.43034e-107
rs6835764	4	77845274	0.8859	0.0019	0.013	0.1843	0.1843	49053	1411006	0.0335965875351613	A	G	FALSE	0	6.18348108175755e-20	0	0	0	0	0	3.02737e-109
rs6835819	4	76671106	0.08996	0.0289	0.017	0.8672	0.1328	42598	1322509	0.0312048799105125	A	G	FALSE	0	3.35371286978182e-19	0	0	0	0	0	7.43195e-109
rs6835986	4	77177846	0.01359	-0.023	0.0093	0.5226	0.4774	56306	1417791	0.0381969436203995	A	G	FALSE	0	9.26563761968891e-19	0	0	0	0	0	7.56964e-100
rs6835992	4	76496817	0.9808	3e-04	0.0109	0.2951	0.2951	56306	1417791	0.0381969436203995	A	G	FALSE	0	5.13490862520286e-20	0	0	0	0	0	7.97007e-109
rs6836107	4	76413850	0.7253	0.0041	0.0117	0.7828	0.2172	56306	1417791	0.0381969436203995	A	G	FALSE	0	5.85605074804777e-20	0	0	0	0	0	7.55569e-109
rs6836365	4	77391037	0.2483	0.0643	0.0557	0.0154	0.0154	23980	886090	0.0263496214576901	A	G	FALSE	0	4.69644489689094e-19	0	0	0	0	0	7.00743e-109
rs6836560	4	76254677	0.1803	0.0319	0.0238	0.9552	0.0448	56306	1417791	0.0381969436203995	T	C	FALSE	0	2.7025132351862e-19	0	0	0	0	0	2.67611e-108
rs6836567	4	77916705	0.5199	-0.0065	0.0102	0.4103	0.4103	49053	1411006	0.0335965875351613	A	C	FALSE	0	5.88268686694771e-20	0	0	0	0	0	3.78507e-109
rs6836703	4	77030147	0.01278	0.0321	0.0129	0.1549	0.1549	56306	1417791	0.0381969436203995	A	G	FALSE	0	1.32519144852763e-18	0	0	0	0	0	3.89394e-107
rs6836715	4	77030160	0.02098	0.0299	0.013	0.1532	0.1532	56306	1417791	0.0381969436203995	A	G	FALSE	0	8.52099105226873e-19	0	0	0	0	0	2.54553e-108
rs6836924	4	77845772	0.4602	0.0194	0.0263	0.9545	0.0455	49053	1411006	0.0335965875351613	T	C	FALSE	0	1.60680853513622e-19	0	0	0	0	0	2.62343e-109
rs6837046	4	76278382	0.6762	0.0041	0.0099	0.6348	0.3652	56306	1417791	0.0381969436203995	A	G	FALSE	0	5.07975292497002e-20	0	0	0	0	0	3.28016e-109
rs6837231	4	77155507	0.2311	0.014	0.0117	0.199	0.199	56306	1417791	0.0381969436203995	T	C	FALSE	0	1.12430124814954e-19	0	0	0	0	0	2.97266e-86
rs6837321	4	76753711	0.5548	-0.0095	0.0161	0.9013	0.0987	56306	1417791	0.0381969436203995	A	G	FALSE	0	8.99761853889083e-20	0	0	0	0	0	8.24866e-109
rs6837383	4	77823330	0.01525	-0.0265	0.0109	0.3877	0.3877	50092	1411760	0.0342661226991515	A	G	FALSE	0	9.77370942244132e-19	0	0	0	0	0	6.81148e-108
rs6837546	4	78001536	0.09158	-0.0497	0.0295	0.0321	0.0321	49053	1411006	0.0335965875351613	A	G	FALSE	0	5.52019784816363e-19	0	0	0	0	0	4.94906e-108
rs6837813	4	77338744	2.471e-08	0.0612	0.011	0.7577	0.2423	56306	1417791	0.0381969436203995	T	C	FALSE	0	2.60398234539753e-13	0	0	0	0	1	1
rs6837830	4	76980179	0.8451	-0.0018	0.0094	0.4631	0.4631	56306	1417791	0.0381969436203995	T	C	FALSE	0	4.5100337344309e-20	0	0	0	0	0	2.71164e-107
rs6837841	4	77169256	0.1816	0.0157	0.0117	0.196	0.196	56306	1417791	0.0381969436203995	A	G	FALSE	0	1.35114300336538e-19	0	0	0	0	0	1.98042e-77
rs6837904	4	76343194	0.866	0.002	0.0119	0.7868	0.2132	56306	1417791	0.0381969436203995	T	C	FALSE	0	5.68169397191482e-20	0	0	0	0	0	6.36206e-109
rs6838162	4	76912228	0.09411	-0.0178	0.0106	0.7379	0.2621	56306	1417791	0.0381969436203995	C	G	FALSE	0	2.03654323946002e-19	0	0	0	0	0	3.89221e-109
rs6838240	4	76643452	0.63	-0.0068	0.0141	0.8503	0.1497	56306	1417791	0.0381969436203995	T	C	FALSE	0	7.44704397949287e-20	0	0	0	0	0	6.60745e-106
rs6838303	4	77030255	0.02666	0.0291	0.0131	0.151	0.151	56306	1417791	0.0381969436203995	T	C	FALSE	0	7.1922392955648e-19	0	0	0	0	0	2.14101e-108
rs6838328	4	77030287	0.0158	-0.0312	0.0129	0.846	0.154	56306	1417791	0.0381969436203995	C	G	FALSE	0	1.1174982770964e-18	0	0	0	0	0	1.866e-108
rs6838386	4	77614349	0.3582	0.0089	0.0097	0.5645	0.4355	56306	1417791	0.0381969436203995	A	G	FALSE	0	6.95384442501528e-20	0	0	0	0	0	3.02214e-109
rs6838416	4	77378829	6.076e-09	0.0596	0.0102	0.6923	0.3077	56306	1417791	0.0381969436203995	A	G	FALSE	0	1.19202363137754e-12	0	0	0	0	0	3.31743e-86
rs6838435	4	77062302	0.31	0.0136	0.0134	0.2436	0.2436	42598	1322509	0.0312048799105125	A	T	FALSE	0	1.05292265070401e-19	0	0	0	0	0	1.50386e-107
rs6838603	4	76421050	0.4042	0.0084	0.01	0.3423	0.3423	56306	1417791	0.0381969436203995	T	C	FALSE	0	6.69701162854932e-20	0	0	0	0	0	3.82135e-109
rs6838801	4	77549559	0.7017	0.0041	0.0106	0.2814	0.2814	56306	1417791	0.0381969436203995	T	G	FALSE	0	5.37872137525368e-20	0	0	0	0	0	9.3193e-109
rs6838813	4	77789132	0.6474	-0.0055	0.0121	0.7356	0.2644	49053	1411006	0.0335965875351613	A	T	FALSE	0	6.31363927061474e-20	0	0	0	0	0	2.79446e-109
rs6839100	4	77379189	9.106e-06	-0.0513	0.0116	0.2226	0.2226	56306	1417791	0.0381969436203995	A	G	FALSE	0	9.33224999777354e-16	0	0	0	0	0	1.13605e-76
rs6839401	4	77363639	0.343	-0.0102	0.0108	0.7416	0.2584	56306	1417791	0.0381969436203995	T	G	FALSE	0	7.93422547275626e-20	0	0	0	0	0	1.14527e-100
rs6839785	4	77762329	0.4626	-0.0115	0.0157	0.8535	0.1465	46605	839595	0.0525897088693297	T	C	FALSE	0	9.63706933462117e-20	0	0	0	0	0	3.92028e-109
rs6840007	4	77039193	0.01668	-0.0309	0.0129	0.8466	0.1534	56306	1417791	0.0381969436203995	A	T	FALSE	0	1.05690857948979e-18	0	0	0	0	0	1.17005e-107
rs6840076	4	76917531	0.05428	0.0206	0.0107	0.2599	0.2599	56306	1417791	0.0381969436203995	T	G	FALSE	0	3.19826044074358e-19	0	0	0	0	0	7.67636e-108
rs6840488	4	77614629	0.3517	0.009	0.0097	0.564	0.436	56306	1417791	0.0381969436203995	T	C	FALSE	0	7.02014945733175e-20	0	0	0	0	0	2.80619e-109
rs6840625	4	77723828	0.7575	0.0038	0.0123	0.7708	0.2292	50455	1411925	0.0345019762305283	A	G	FALSE	0	6.07182579643078e-20	0	0	0	0	0	3.3062e-109
rs6840749	4	77726159	0.9153	0.0013	0.0125	0.2011	0.2011	50455	1411925	0.0345019762305283	A	G	FALSE	0	5.91546927201228e-20	0	0	0	0	0	9.05893e-109
rs6840915	4	78129387	0.1666	-0.0139	0.01	0.4666	0.4666	49053	1411006	0.0335965875351613	T	G	FALSE	0	1.23466170140633e-19	0	0	0	0	0	2.06967e-108
rs6840980	4	76985331	0.8848	-0.0014	0.0095	0.4652	0.4652	56306	1417791	0.0381969436203995	T	C	FALSE	0	4.52403264500901e-20	0	0	0	0	0	2.2869e-107
rs6841020	4	77655311	0.2298	-0.0142	0.0118	0.21	0.21	56306	1417791	0.0381969436203995	A	G	FALSE	0	1.14309934292223e-19	0	0	0	0	0	4.44776e-109
rs6841114	4	76228403	0.3423	0.0092	0.0097	0.5426	0.4574	56306	1417791	0.0381969436203995	A	G	FALSE	0	7.15693843652921e-20	0	0	0	0	0	1.37339e-108
rs6841171	4	76288656	0.7812	0.0029	0.0104	0.599	0.401	56306	1417791	0.0381969436203995	T	G	FALSE	0	5.09180776142614e-20	0	0	0	0	0	7.72577e-109
rs6841196	4	77306786	1.34e-13	0.0723	0.0098	0.6474	0.3526	56306	1417791	0.0381969436203995	A	G	FALSE	0	2.85054917923359e-08	0	0	6	1	1	1
rs6841290	4	76583637	0.001467	0.0502	0.0158	0.1051	0.1051	56306	1417791	0.0381969436203995	A	G	FALSE	0	1.12029435060956e-17	0	0	0	0	0	5.40973e-107
rs6841333	4	76992785	0.01559	0.0264	0.0109	0.7396	0.2604	56306	1417791	0.0381969436203995	T	G	FALSE	0	9.55915718022096e-19	0	0	0	0	0	3.06564e-109
rs6841376	4	76917477	0.0716	0.0192	0.0106	0.2628	0.2628	56306	1417791	0.0381969436203995	T	C	FALSE	0	2.56284321182791e-19	0	0	0	0	0	5.91668e-108
rs6841455	4	77219057	1.503e-05	-0.0459	0.0106	0.2679	0.2679	56306	1417791	0.0381969436203995	T	G	FALSE	0	5.73461885590662e-16	0	0	0	0	0	0
rs6841467	4	76583701	0.01912	0.0234	0.01	0.3725	0.3725	56306	1417791	0.0381969436203995	T	G	FALSE	0	7.22920215005246e-19	0	0	0	0	0	4.70818e-103
rs6841486	4	76646772	0.003668	0.0336	0.0116	0.2119	0.2119	56306	1417791	0.0381969436203995	T	C	FALSE	0	3.57334289474769e-18	0	0	0	0	0	1.76869e-108
rs6841543	4	76917530	0.05438	0.0206	0.0107	0.2599	0.2599	56306	1417791	0.0381969436203995	A	C	FALSE	0	3.19826044074358e-19	0	0	0	0	0	7.66865e-108
rs6841628	4	76318507	0.7894	-0.0039	0.0146	0.869	0.131	56306	1417791	0.0381969436203995	T	C	FALSE	0	7.11536805948086e-20	0	0	0	0	0	2.61831e-109
rs6841683	4	76583843	0.01461	0.0241	0.0098	0.3798	0.3798	56306	1417791	0.0381969436203995	A	G	FALSE	0	9.42675775574603e-19	0	0	0	0	0	9.08492e-103
rs6841721	4	77321483	0.0003266	-0.0544	0.0151	0.1116	0.1116	56306	1417791	0.0381969436203995	T	C	FALSE	0	4.50532298002487e-17	0	0	7	1	0	0
rs6841815	4	77080831	0.01087	-0.0344	0.0135	0.8544	0.1456	56306	1417791	0.0381969436203995	T	C	FALSE	0	1.60874710490943e-18	0	0	0	0	0	1.14156e-107
rs6841837	4	76847414	0.03448	-0.0233	0.011	0.2813	0.2813	56306	1417791	0.0381969436203995	A	G	FALSE	0	4.84906527866062e-19	0	0	0	0	0	6.94025e-108
rs6841882	4	76413745	0.9583	5e-04	0.0098	0.402	0.402	56306	1417791	0.0381969436203995	T	C	FALSE	0	4.62227171292103e-20	0	0	0	0	0	4.28007e-109
rs6842149	4	77588633	0.1337	-0.0159	0.0106	0.7012	0.2988	56306	1417791	0.0381969436203995	A	C	FALSE	0	1.53283605902573e-19	0	0	0	0	0	9.22642e-109
rs6842216	4	76662202	0.02096	0.0322	0.0139	0.8692	0.1308	56306	1417791	0.0381969436203995	A	T	FALSE	0	9.44603652634445e-19	0	0	0	0	0	3.68432e-109
rs6842421	4	77726253	0.8709	0.0021	0.0126	0.7776	0.2224	31837	975506	0.0316049250354646	C	G	FALSE	0	6.01318628849928e-20	0	0	0	0	0	1.14293e-108
rs6843016	4	76720527	0.6003	0.005	0.0096	0.3867	0.3867	56306	1417791	0.0381969436203995	A	G	FALSE	0	5.17758572492942e-20	0	0	0	0	0	5.52474e-109
rs6843020	4	77344271	0.004416	0.036	0.0126	0.168	0.168	56306	1417791	0.0381969436203995	T	C	FALSE	0	3.45715951126685e-18	0	0	0	0	0	3.67372e-108
rs6843072	4	76854528	0.0143	-0.0246	0.01	0.6477	0.3523	56306	1417791	0.0381969436203995	T	C	FALSE	0	9.6350787282576e-19	0	0	0	0	0	3.59341e-107
rs6843244	4	76583889	0.002328	0.0473	0.0155	0.1068	0.1068	56306	1417791	0.0381969436203995	T	C	FALSE	0	7.45922665959289e-18	0	0	0	0	0	3.37363e-107
rs6843293	4	77392092	2.892e-05	0.0447	0.0107	0.7328	0.2672	56306	1417791	0.0381969436203995	A	G	FALSE	0	3.02835612526595e-16	0	0	0	0	0	1.63723e-58
rs6843361	4	77030342	0.01612	-0.0311	0.0129	0.8462	0.1538	56306	1417791	0.0381969436203995	C	G	FALSE	0	1.09685964764531e-18	0	0	0	0	0	1.83043e-108
rs6843401	4	77772108	0.7655	-0.0085	0.0286	0.9708	0.0292	56306	1417791	0.0381969436203995	A	G	FALSE	0	1.39428889795579e-19	0	0	0	0	0	2.81315e-109
rs6843613	4	77738400	0.1179	0.0413	0.0264	0.0423	0.0423	49053	1411006	0.0335965875351613	A	G	FALSE	0	4.10930825137262e-19	0	0	0	0	0	1.05609e-108
rs6844097	4	76950757	0.9143	-0.001	0.0094	0.4649	0.4649	56306	1417791	0.0381969436203995	T	C	FALSE	0	4.45335236472607e-20	0	0	0	0	0	1.93707e-107
rs6844174	4	77303898	0.0003259	0.0543	0.0151	0.8896	0.1104	56306	1417791	0.0381969436203995	T	C	FALSE	0	4.39979528281133e-17	0	0	0	0	1	1
rs6844539	4	76219424	0.3041	0.0105	0.0102	0.6555	0.3445	56306	1417791	0.0381969436203995	A	G	FALSE	0	8.14955397235842e-20	0	0	0	0	0	4.33285e-109
rs6845147	4	76725093	0.638	-0.0045	0.0096	0.6132	0.3868	56306	1417791	0.0381969436203995	A	G	FALSE	0	5.04616076986534e-20	0	0	0	0	0	3.09398e-108
rs6845154	4	76951411	0.8722	-0.0015	0.0094	0.4628	0.4628	56306	1417791	0.0381969436203995	A	G	FALSE	0	4.48489416972473e-20	0	0	0	0	0	2.35432e-107
rs6845198	4	76951262	0.9166	-0.001	0.0094	0.4669	0.4669	56306	1417791	0.0381969436203995	T	C	FALSE	0	4.45335236472607e-20	0	0	0	0	0	1.93378e-107
rs6845396	4	76951550	0.8719	-0.0015	0.0094	0.462	0.462	56306	1417791	0.0381969436203995	A	C	FALSE	0	4.48489416972473e-20	0	0	0	0	0	2.35457e-107
rs6845472	4	76455730	0.7378	0.0039	0.0117	0.782	0.218	56306	1417791	0.0381969436203995	A	G	FALSE	0	5.82204320330114e-20	0	0	0	0	0	7.44954e-109
rs6845580	4	77790017	0.7681	-0.0033	0.0112	0.7076	0.2924	49053	1411006	0.0335965875351613	A	T	FALSE	0	5.507023556876e-20	0	0	0	0	0	3.49951e-109
rs6845588	4	76432951	0.7321	0.004	0.0117	0.7824	0.2176	56306	1417791	0.0381969436203995	A	C	FALSE	0	5.83880967446274e-20	0	0	0	0	0	7.35729e-109
rs6845599	4	78128030	0.3012	-0.0104	0.0101	0.475	0.475	49053	1411006	0.0335965875351613	T	G	FALSE	0	8.07249023212248e-20	0	0	0	0	0	2.74317e-109
rs6845942	4	78112561	0.2158	0.0125	0.0101	0.4554	0.4554	49053	1411006	0.0335965875351613	T	C	FALSE	0	1.02121133890682e-19	0	0	0	0	0	1.12982e-108
rs6846191	4	76263568	0.2259	0.0136	0.0112	0.7669	0.2331	56306	1417791	0.0381969436203995	T	C	FALSE	0	1.09977741952147e-19	0	0	0	0	0	8.77148e-109
rs6846478	4	76629898	0.04592	0.0284	0.0142	0.867	0.133	56306	1417791	0.0381969436203995	T	C	FALSE	0	4.88669311744443e-19	0	0	0	0	0	6.63543e-109
rs6846493	4	76256488	0.4592	-0.0108	0.0145	0.1282	0.1282	56306	1417791	0.0381969436203995	A	C	FALSE	0	8.98777792793133e-20	0	0	0	0	0	5.41873e-108
rs6846575	4	76712575	0.4874	-0.0067	0.0096	0.612	0.388	56306	1417791	0.0381969436203995	T	G	FALSE	0	5.76612901514356e-20	0	0	0	0	0	6.20007e-108
rs6846685	4	77073674	0.02075	0.0299	0.0129	0.1523	0.1523	56306	1417791	0.0381969436203995	C	G	FALSE	0	8.81106949060815e-19	0	0	0	0	0	2.45327e-108
rs6846698	4	78112900	0.2873	0.0109	0.0102	0.4164	0.4164	49053	1411006	0.0335965875351613	T	C	FALSE	0	8.49089573830915e-20	0	0	0	0	0	9.70297e-109
rs6846711	4	77070133	0.01926	-0.0303	0.013	0.8479	0.1521	56306	1417791	0.0381969436203995	A	G	FALSE	0	9.14745340987913e-19	0	0	0	0	0	1.83136e-107
rs6846983	4	77151938	1.191e-12	-0.082	0.0115	0.7995	0.2005	56306	1417791	0.0381969436203995	T	C	FALSE	0	5.46542689118495e-09	0	0	0	0	0	1.01308e-17
rs6847099	4	77422785	0.1459	0.0598	0.0411	0.0184	0.0184	56306	1417791	0.0381969436203995	T	C	FALSE	0	5.24225451875726e-19	0	0	0	0	0	6.93614e-44
rs6847167	4	76529902	0.2013	0.0125	0.0098	0.4031	0.4031	56306	1417791	0.0381969436203995	C	G	FALSE	0	1.03926888845781e-19	0	0	0	0	0	1.44473e-104
rs6847297	4	76392965	0.7624	0.0036	0.0117	0.7836	0.2164	56306	1417791	0.0381969436203995	A	C	FALSE	0	5.77455396323695e-20	0	0	0	0	0	1.13309e-108
rs6847333	4	76668574	0.536	0.006	0.0096	0.3867	0.3867	56306	1417791	0.0381969436203995	A	G	FALSE	0	5.49523034982235e-20	0	0	0	0	0	3.9643e-109
rs6847460	4	77851537	0.2801	-0.011	0.0102	0.5751	0.4249	50092	1411760	0.0342661226991515	A	C	FALSE	0	8.5804983454324e-20	0	0	0	0	0	3.98563e-109
rs6847598	4	76750356	0.535	0.0059	0.0096	0.5152	0.4848	37688	981372	0.0369831020744608	T	C	FALSE	0	5.4599475554633e-20	0	0	0	0	0	1.35232e-102
rs6847716	4	76861137	0.005543	-0.0489	0.0176	0.9189	0.0811	56306	1417791	0.0381969436203995	C	G	FALSE	0	3.80910511663525e-18	0	0	0	0	0	7.06465e-106
rs6847782	4	77771754	0.7971	-0.0028	0.0108	0.3369	0.3369	50092	1411760	0.0342661226991515	T	G	FALSE	0	5.25933593865594e-20	0	0	0	0	0	4.32164e-109
rs6847815	4	76909236	0.02776	0.0241	0.0109	0.7536	0.2464	56306	1417791	0.0381969436203995	T	C	FALSE	0	5.87168403647299e-19	0	0	0	0	0	2.64186e-109
rs6847897	4	77073513	0.01245	-0.0323	0.0129	0.8464	0.1536	56306	1417791	0.0381969436203995	C	G	FALSE	0	1.37726025433919e-18	0	0	0	0	0	2.72177e-108
rs6847950	4	77006805	0.9204	0.0013	0.0127	0.1685	0.1685	56306	1417791	0.0381969436203995	A	G	FALSE	0	6.00872417044723e-20	0	0	0	0	0	2.73127e-100
rs6848077	4	76229480	0.1345	0.0366	0.0245	0.051	0.051	48923	1410792	0.0335154465083938	A	G	FALSE	0	3.44313817045161e-19	0	0	0	0	0	2.97816e-109
rs6848077	4	76229480	0.1345	0.0366	0.0245	0.051	0.051	48923	1410792	0.0335154465083938	A	G	FALSE	0	3.44313817045161e-19	0	0	0	0	0	2.97816e-109
rs6848077	4	76229480	0.1345	0.0366	0.0245	0.051	0.051	48923	1410792	0.0335154465083938	A	G	FALSE	0	3.44313817045161e-19	0	0	0	0	0	2.97816e-109
rs6848077	4	76229480	0.1345	0.0366	0.0245	0.051	0.051	48923	1410792	0.0335154465083938	A	G	FALSE	0	3.44313817045161e-19	0	0	0	0	0	2.97816e-109
rs6848297	4	77073723	0.02047	-0.03	0.0129	0.8477	0.1523	56306	1417791	0.0381969436203995	C	G	FALSE	0	8.9704153500004e-19	0	0	0	0	0	1.20929e-107
rs6848493	4	77693956	0.9603	-9e-04	0.0185	0.075	0.075	56306	1417791	0.0381969436203995	C	G	FALSE	0	8.69796126654472e-20	0	0	0	0	0	8.41228e-108
rs6848596	4	77425918	0.04097	-0.0237	0.0116	0.2162	0.2162	56306	1417791	0.0381969436203995	C	G	FALSE	0	4.37227575758328e-19	0	0	0	0	0	7.13549e-109
rs6848603	4	76973521	0.6121	0.0049	0.0096	0.5273	0.4727	56306	1417791	0.0381969436203995	A	G	FALSE	0	5.1499145595489e-20	0	0	0	0	0	3.82609e-108
rs6848654	4	77684512	0.2637	0.015	0.0134	0.8347	0.1653	56306	1417791	0.0381969436203995	A	C	FALSE	0	1.17652629134158e-19	0	0	0	0	0	1.02444e-106
rs6848690	4	77145713	0.05693	0.0264	0.0139	0.777	0.223	42598	1322509	0.0312048799105125	A	T	FALSE	0	3.93638274400041e-19	0	0	0	0	0	1.00101e-105
rs6848817	4	77446681	0.006914	-0.0261	0.0097	0.4721	0.4721	56306	1417791	0.0381969436203995	A	C	FALSE	0	1.69161189727235e-18	0	0	0	0	0	2.08385e-97
rs6848837	4	77486285	0.5158	0.0067	0.0103	0.3298	0.3298	56306	1417791	0.0381969436203995	A	G	FALSE	0	5.99083071268194e-20	0	0	0	0	0	4.84426e-109
rs6848898	4	78103458	0.637	-0.0078	0.0166	0.8988	0.1012	49053	1411006	0.0335965875351613	A	G	FALSE	0	8.7060017020766e-20	0	0	0	0	0	2.64075e-109
rs6848979	4	77772511	0.4716	0.024	0.0333	0.9715	0.0285	56306	1417791	0.0381969436203995	A	G	FALSE	0	1.99454863133258e-19	0	0	0	0	0	7.01819e-109
rs6849061	4	76229926	0.09569	0.0411	0.0247	0.0476	0.0476	49580	1411478	0.0339343133537478	A	G	FALSE	0	4.520625383123e-19	0	0	0	0	0	3.29458e-109
rs6849066	4	77634028	0.5435	-0.0075	0.0123	0.1872	0.1872	56306	1417791	0.0381969436203995	A	G	FALSE	0	6.9679218733563e-20	0	0	0	0	0	6.20119e-109
rs6849069	4	77179518	0.01435	0.0235	0.0096	0.623	0.377	56306	1417791	0.0381969436203995	T	G	FALSE	0	8.98622299507386e-19	0	0	0	0	0	1.17913e-98
rs6849124	4	78073483	0.2864	0.0106	0.01	0.4922	0.4922	49053	1411006	0.0335965875351613	A	G	FALSE	0	8.24939780460131e-20	0	0	0	0	0	4.16308e-109
rs6849334	4	76457670	0.3257	-0.0267	0.0271	0.0372	0.0372	49053	1411006	0.0335965875351613	T	C	FALSE	0	2.03980585671546e-19	0	0	0	0	0	3.814e-109
rs6849534	4	78073655	0.2845	0.0107	0.01	0.4901	0.4901	49053	1411006	0.0335965875351613	A	C	FALSE	0	8.33750195477339e-20	0	0	0	0	0	4.53877e-109
rs6849535	4	78052351	0.4691	-0.0082	0.0114	0.3106	0.3106	49053	1411006	0.0335965875351613	T	C	FALSE	0	6.94660633100478e-20	0	0	0	0	0	3.81701e-109
rs6849641	4	76318070	0.7721	0.0042	0.0146	0.131	0.131	56306	1417791	0.0381969436203995	A	G	FALSE	0	7.15582485436776e-20	0	0	0	0	0	3.12804e-109
rs6849653	4	77006977	5.593e-05	-0.0666	0.0165	0.0919	0.0919	56306	1417791	0.0381969436203995	T	C	FALSE	0	2.53217592450759e-16	0	0	0	0	0	2.9038e-106
rs6849878	4	76913973	0.07437	0.0189	0.0106	0.2632	0.2632	56306	1417791	0.0381969436203995	A	G	FALSE	0	2.43609524998051e-19	0	0	0	0	0	6.99003e-108
rs6850076	4	76318260	0.9491	7e-04	0.0103	0.3457	0.3457	56306	1417791	0.0381969436203995	A	G	FALSE	0	4.86237657617904e-20	0	0	0	0	0	5.28019e-109
rs6850228	4	77062168	0.5472	0.0065	0.0109	0.2442	0.2442	56306	1417791	0.0381969436203995	A	G	FALSE	0	6.12857801741766e-20	0	0	0	0	0	5.81958e-107
rs6850387	4	77894688	0.244	-0.0118	0.0102	0.4238	0.4238	49053	1411006	0.0335965875351613	T	G	FALSE	0	9.36447409953368e-20	0	0	0	0	0	2.62878e-109
rs6850515	4	76973751	0.7895	0.0025	0.0095	0.5365	0.4635	56306	1417791	0.0381969436203995	T	C	FALSE	0	4.63259683763494e-20	0	0	0	0	0	7.19443e-108
rs6850760	4	76951684	0.8601	0.0017	0.0094	0.538	0.462	56306	1417791	0.0381969436203995	A	T	FALSE	0	4.5011299469725e-20	0	0	0	0	0	8.65405e-108
rs6850793	4	76219580	0.3789	0.009	0.0102	0.655	0.345	56306	1417791	0.0381969436203995	T	C	FALSE	0	7.08342069938888e-20	0	0	0	0	0	3.77733e-109
rs6850797	4	76577937	0.2325	0.0154	0.0129	0.1588	0.1588	56306	1417791	0.0381969436203995	A	C	FALSE	0	1.23441368499125e-19	0	0	0	0	0	2.69368e-109
rs6851055	4	78100719	0.8966	-0.0027	0.0206	0.0641	0.0641	49053	1411006	0.0335965875351613	A	G	FALSE	0	9.7465980074369e-20	0	0	0	0	0	2.84681e-109
rs6851218	4	76492977	0.5523	-0.0147	0.0248	0.0666	0.0666	42598	1322509	0.0312048799105125	T	C	FALSE	0	1.37994672737338e-19	0	0	0	0	0	1.66104e-107
rs6851219	4	77179830	1.41e-16	0.1267	0.0153	0.1009	0.1009	56306	1417791	0.0381969436203995	T	C	FALSE	0	4.58563741713069e-05	0	0	0	0	1	1
rs6851326	4	77208196	0.00561	-0.04	0.0144	0.2045	0.2045	42598	1322509	0.0312048799105125	T	G	FALSE	0	3.14560141716582e-18	0	0	0	0	0	4.06034e-109
rs6851487	4	76578250	0.2306	0.0155	0.0129	0.1591	0.1591	56306	1417791	0.0381969436203995	A	C	FALSE	0	1.24587979275715e-19	0	0	0	0	0	2.70578e-109
rs6851699	4	76395005	0.8042	-0.0037	0.0148	0.2157	0.2157	42598	1322509	0.0312048799105125	A	C	FALSE	0	7.18058607696745e-20	0	0	0	0	0	4.16907e-109
rs6851864	4	76493256	0.2195	0.0122	0.0099	0.5407	0.4593	37688	981372	0.0369831020744608	T	C	FALSE	0	9.94599543730873e-20	0	0	0	0	0	5.96441e-106
rs6851970	4	76819129	0.9362	-0.001	0.0123	0.8075	0.1925	56306	1417791	0.0381969436203995	A	C	FALSE	0	5.80900158492543e-20	0	0	0	0	0	2.03075e-108
rs6851995	4	77100272	1.092e-06	-0.0953	0.0196	0.939	0.0610000000000001	56306	1417791	0.0381969436203995	T	C	FALSE	0	1.11841331954875e-14	0	0	0	0	0	5.05764e-103
rs6852002	4	77784690	0.05183	0.0241	0.0124	0.1999	0.1999	50092	1411760	0.0342661226991515	A	T	FALSE	0	3.8307302687925e-19	0	0	0	0	0	9.33353e-109
rs6852578	4	78100706	0.8755	-0.0032	0.0206	0.0638	0.0638	49053	1411006	0.0335965875351613	T	C	FALSE	0	9.78017753087418e-20	0	0	0	0	0	2.81922e-109
rs6852593	4	77805298	0.7364	-0.0039	0.0115	0.7152	0.2848	49053	1411006	0.0335965875351613	T	G	FALSE	0	5.73401746614093e-20	0	0	0	0	0	2.97453e-109
rs6852638	4	77724777	0.8203	-0.0027	0.012	0.7695	0.2305	50455	1411925	0.0345019762305283	T	C	FALSE	0	5.79349729654183e-20	0	0	0	0	0	5.9586e-109
rs6852678	4	76542749	0.653	-0.0047	0.0105	0.2948	0.2948	56306	1417791	0.0381969436203995	T	C	FALSE	0	5.46470213865543e-20	0	0	0	0	0	5.01686e-107
rs6852859	4	77115151	0.002034	0.04	0.013	0.1512	0.1512	56306	1417791	0.0381969436203995	A	G	FALSE	0	6.8201920115977e-18	0	0	0	0	0	2.79217e-108
rs6852914	4	76251254	0.1767	0.0323	0.0239	0.9552	0.0448	56306	1417791	0.0381969436203995	A	C	FALSE	0	2.75379189911145e-19	0	0	0	0	0	3.01588e-108
rs6853053	4	77489645	0.5247	-0.0066	0.0103	0.6692	0.3308	55137	1416823	0.0374582189733417	A	G	FALSE	0	5.95349477331917e-20	0	0	0	0	0	2.66779e-107
rs6853383	4	77812990	0.1097	-0.0195	0.0122	0.7862	0.2138	50092	1411760	0.0342661226991515	T	C	FALSE	0	2.05041302664946e-19	0	0	0	0	0	4.64257e-109
rs6853408	4	77292801	0.005765	0.0317	0.0115	0.2065	0.2065	56306	1417791	0.0381969436203995	T	C	FALSE	0	2.388384790546e-18	0	0	0	0	0	5.81634e-106
rs6853586	4	77778380	0.8884	-0.0043	0.0303	0.9738	0.0262	56306	1417791	0.0381969436203995	A	G	FALSE	0	1.42684347367111e-19	0	0	0	0	0	2.94345e-109
rs6853653	4	77725242	0.8474	-0.0022	0.0116	0.7468	0.2532	50455	1411925	0.0345019762305283	T	C	FALSE	0	5.56031474165177e-20	0	0	0	0	0	7.47152e-109
rs6853774	4	76237814	0.3186	0.0097	0.0097	0.5417	0.4583	56306	1417791	0.0381969436203995	T	C	FALSE	0	7.52463515876055e-20	0	0	0	0	0	2.67112e-109
rs6853870	4	77845728	0.5938	-0.015	0.0281	0.0425	0.0425	49053	1411006	0.0335965875351613	A	G	FALSE	0	1.50912861365682e-19	0	0	0	0	0	5.58483e-109
rs6853965	4	76481051	0.1748	0.0132	0.0097	0.551	0.449	56306	1417791	0.0381969436203995	T	C	FALSE	0	1.15087174955203e-19	0	0	0	0	0	1.90531e-106
rs6854006	4	77198054	5.817e-21	-0.0912	0.0097	0.3632	0.3632	56306	1417791	0.0381969436203995	T	C	TRUE	1	0.646173900493013	0	0	4	0.990930474533323	1	1
rs6854121	4	77694300	0.6747	0.0081	0.0193	0.0683	0.0683	56306	1417791	0.0381969436203995	C	G	FALSE	0	9.88612229949675e-20	0	0	0	0	0	5.11481e-108
rs6854218	4	77155588	0.3514	-0.0159	0.017	0.8693	0.1307	42598	1322509	0.0312048799105125	T	G	FALSE	0	1.23328750722733e-19	0	0	0	0	0	8.06658e-109
rs6854652	4	77446905	0.02635	-0.0224	0.0101	0.3592	0.3592	56306	1417791	0.0381969436203995	T	C	FALSE	0	5.53002347848341e-19	0	0	0	0	0	3.41984e-105
rs6854701	4	76232358	0.3293	0.0095	0.0097	0.544	0.456	56306	1417791	0.0381969436203995	T	C	FALSE	0	7.37299660593279e-20	0	0	0	0	0	2.63361e-109
rs6855102	4	77634639	0.5389	-0.0076	0.0123	0.1871	0.1871	56306	1417791	0.0381969436203995	A	G	FALSE	0	7.0026499321964e-20	0	0	0	0	0	6.7409e-109
rs6855321	4	76663915	0.02005	-0.0325	0.014	0.1305	0.1305	56306	1417791	0.0381969436203995	T	C	FALSE	0	9.61966392918048e-19	0	0	0	0	0	1.16758e-102
rs6855400	4	76318548	0.8557	0.0023	0.0128	0.3472	0.3472	42598	1322509	0.0312048799105125	A	G	FALSE	0	6.12196942541063e-20	0	0	0	0	0	6.08684e-109
rs6855568	4	77155591	0.0002888	0.0462	0.0127	0.2837	0.2837	42598	1322509	0.0312048799105125	T	C	FALSE	0	4.35116261063709e-17	0	0	0	0	0	3.43803e-91
rs6855739	4	76496835	0.02885	0.0273	0.0125	0.4021	0.4021	42598	1322509	0.0312048799105125	T	G	FALSE	0	6.32966241982301e-19	0	0	0	0	0	2.01679e-102
rs6855807	4	76348860	0.9011	0.0013	0.0108	0.2512	0.2512	56306	1417791	0.0381969436203995	A	G	FALSE	0	5.1228875471775e-20	0	0	0	0	0	2.64429e-109
rs6855960	4	76664289	0.02052	-0.0323	0.0139	0.1319	0.1319	56306	1417791	0.0381969436203995	T	G	FALSE	0	9.6042593610378e-19	0	0	0	0	0	1.18254e-102
rs6856063	4	77075845	0.129	-0.0242	0.0159	0.8485	0.1515	42598	1322509	0.0312048799105125	T	C	FALSE	0	2.36310163006312e-19	0	0	0	0	0	1.71928e-108
rs6856162	4	76694622	0.3842	-0.0182	0.0209	0.9467	0.0533	56306	1417791	0.0381969436203995	A	G	FALSE	0	1.4264663479465e-19	0	0	0	0	0	6.17236e-109
rs6856325	4	77085651	0.009198	0.0351	0.0135	0.1464	0.1464	55137	1416823	0.0374582189733417	A	G	FALSE	0	1.83734357840659e-18	0	0	0	0	0	1.09518e-108
rs6856404	4	76256645	0.6402	0.0073	0.0155	0.8808	0.1192	56306	1417791	0.0381969436203995	A	C	FALSE	0	8.13758611237563e-20	0	0	0	0	0	6.07285e-109
rs6856479	4	77773816	0.701	0.0118	0.0308	0.9722	0.0278	56306	1417791	0.0381969436203995	A	G	FALSE	0	1.5423445105713e-19	0	0	0	0	0	4.61534e-109
rs6856609	4	77015259	0.04845	0.0186	0.0094	0.4653	0.4653	56306	1417791	0.0381969436203995	A	C	FALSE	0	3.12296868289617e-19	0	0	0	0	0	2.50665e-107
rs6856681	4	76975113	0.8301	0.002	0.0094	0.5366	0.4634	56306	1417791	0.0381969436203995	A	G	FALSE	0	4.52942836524844e-20	0	0	0	0	0	8.22769e-108
rs6856764	4	76278309	0.5809	-0.006	0.0108	0.2765	0.2765	56306	1417791	0.0381969436203995	A	G	FALSE	0	5.93203367277538e-20	0	0	0	0	0	3.38523e-109
rs6856772	4	76469838	0.04754	0.0207	0.0104	0.688	0.312	56306	1417791	0.0381969436203995	A	G	FALSE	0	3.53159236511775e-19	0	0	0	0	0	3.16479e-102
rs6856933	4	77085920	0.003312	0.0383	0.0131	0.1498	0.1498	56306	1417791	0.0381969436203995	C	G	FALSE	0	4.34642736222979e-18	0	0	0	0	0	2.94322e-108
rs6856958	4	76952356	0.887	-0.0013	0.0094	0.4643	0.4643	56306	1417791	0.0381969436203995	T	G	FALSE	0	4.47073591196524e-20	0	0	0	0	0	2.19963e-107
rs6857166	4	77111410	0.3473	0.0089	0.0094	0.4792	0.4792	56306	1417791	0.0381969436203995	A	G	FALSE	0	6.92574890663627e-20	0	0	0	0	0	3.20131e-109
rs6857229	4	76491568	0.006138	-0.0317	0.0116	0.2295	0.2295	56306	1417791	0.0381969436203995	A	G	FALSE	0	2.25697655988176e-18	0	0	0	0	0	3.78013e-108
rs6857358	4	76915247	0.001599	0.0686	0.0217	0.0771	0.0771	42598	1322509	0.0312048799105125	C	G	FALSE	0	1.42027139069733e-17	0	0	0	0	0	2.98891e-107
rs6857372	4	76974727	0.8052	0.0023	0.0095	0.5356	0.4644	56306	1417791	0.0381969436203995	T	C	FALSE	0	4.60807867288579e-20	0	0	0	0	0	7.59067e-108
rs6857378	4	76974743	0.1153	-0.0267	0.0169	0.9102	0.0898	56306	1417791	0.0381969436203995	C	G	FALSE	0	2.74214569584112e-19	0	0	0	0	0	1.19424e-108
rs6857452	4	77317124	8.212e-07	-0.0463	0.0094	0.5592	0.4408	56306	1417791	0.0381969436203995	T	C	FALSE	0	7.994715419429e-15	0	0	0	0	0	5.21726e-98
rs6857792	4	78129313	0.1682	0.0139	0.0101	0.5334	0.4666	49053	1411006	0.0335965875351613	A	G	FALSE	0	1.22346548687821e-19	0	0	0	0	0	3.47195e-109
rs6857806	4	77085633	0.005049	-0.0371	0.0132	0.8525	0.1475	56306	1417791	0.0381969436203995	C	G	FALSE	0	3.17053591482588e-18	0	0	0	0	0	4.05674e-106
rs6857983	4	76636834	0.002728	0.0465	0.0155	0.107	0.107	56306	1417791	0.0381969436203995	A	C	FALSE	0	6.38667308041788e-18	0	0	0	0	0	3.65878e-107
rs6857994	4	76388556	0.7729	-0.0034	0.0118	0.2174	0.2174	56306	1417791	0.0381969436203995	T	C	FALSE	0	5.79000794635927e-20	0	0	0	0	0	4.87838e-109
rs6858014	4	77085729	2.285e-08	0.0632	0.0113	0.2125	0.2125	56306	1417791	0.0381969436203995	A	C	FALSE	0	3.13970221476526e-13	0	0	0	0	0	8.3196e-102
rs6858114	4	77198465	1.119e-20	-0.0915	0.0098	0.3595	0.3595	56306	1417791	0.0381969436203995	A	G	FALSE	0	0.353734350747617	0	0	0	0.00906952546667661	0	0
rs6858344	4	77198566	5.117e-12	-0.0827	0.012	0.3627	0.3627	42598	1322509	0.0312048799105125	A	G	FALSE	0	1.06761658075111e-09	0	0	0	0	0	0
rs6858741	4	76587554	0.01586	-0.0345	0.0143	0.128	0.128	56306	1417791	0.0381969436203995	A	G	FALSE	0	1.21705115559524e-18	0	0	0	0	0	7.5499e-102
rs6858804	4	76358814	0.9017	-0.0012	0.0101	0.6185	0.3815	56306	1417791	0.0381969436203995	C	G	FALSE	0	4.79084424897398e-20	0	0	0	0	0	2.63369e-109
rs713097	4	77175966	0.000553	-0.0323	0.0093	0.5109	0.4891	56306	1417791	0.0381969436203995	A	G	FALSE	0	1.80010683606875e-17	2	1	0	0	0	8.98015e-107
rs7154	4	76871183	0.08919	-0.0182	0.0107	0.7406	0.2594	56306	1417791	0.0381969436203995	A	G	FALSE	0	2.13207280774168e-19	0	0	0	0	0	1.60804e-108
rs716024	4	78145293	0.02741	0.03	0.0136	0.8335	0.1665	49053	1411006	0.0335965875351613	A	C	FALSE	0	7.20909076358346e-19	0	0	0	0	0	2.49967e-108
rs716025	4	78145233	0.06843	0.0218	0.012	0.2289	0.2289	49053	1411006	0.0335965875351613	A	G	FALSE	0	2.9245746050237e-19	0	0	0	0	0	1.44006e-108
rs71607307	4	76204065	0.7023	0.0179	0.0468	0.028	0.028	36235	1316361	0.0267892260512378	T	C	FALSE	0	2.30342161343601e-19	0	0	0	0	0	2.71792e-109
rs71607308	4	76212215	0.3874	-0.0217	0.0251	0.0682	0.0682	42598	1322509	0.0312048799105125	A	G	FALSE	0	1.69688630553067e-19	0	0	0	0	0	3.01409e-109
rs71607310	4	76243534	0.4532	-0.0109	0.0145	0.8521	0.1479	55137	1416823	0.0374582189733417	C	G	FALSE	0	9.0340356770042e-20	0	0	0	0	0	4.20429e-108
rs71607314	4	76337899	0.4514	0.0269	0.0358	0.0271	0.0271	56306	1417791	0.0381969436203995	T	C	FALSE	0	2.18481750950387e-19	0	0	0	0	0	4.49065e-109
rs71607327	4	76606000	0.646	-0.005	0.0108	0.7285	0.2715	56306	1417791	0.0381969436203995	T	C	FALSE	0	5.65958498782654e-20	0	0	0	0	0	3.10178e-107
rs71607334	4	76708077	0.1078	-0.0487	0.0303	0.0507	0.0507	42598	1322509	0.0312048799105125	T	C	FALSE	0	4.99423045637696e-19	0	0	0	0	0	9.97815e-104
rs71607337	4	76832320	0.3454	-0.0276	0.0292	0.0538	0.0538	42598	1322509	0.0312048799105125	A	G	FALSE	0	2.11029047357575e-19	0	0	0	0	0	1.65515e-102
rs71607338	4	76833433	0.8848	-0.0078	0.0539	0.0178	0.0178	42598	1322509	0.0312048799105125	T	C	FALSE	0	2.478503295111e-19	0	0	0	0	0	3.10191e-109
rs71607345	4	77156297	6.567e-12	-0.1041	0.0152	0.8952	0.1048	56306	1417791	0.0381969436203995	C	G	FALSE	0	9.56896321434384e-10	0	0	0	0	1	1
rs71607346	4	77180145	1.422e-16	-0.1267	0.0153	0.8991	0.1009	56306	1417791	0.0381969436203995	T	C	FALSE	0	4.58563741713069e-05	0	0	0	0	0	0
rs71607357	4	77406500	0.5681	-0.0097	0.0169	0.9156	0.0844	56306	1417791	0.0381969436203995	T	C	FALSE	0	9.35312550924876e-20	0	0	0	0	0	9.91736e-109
rs71607358	4	77439268	0.7398	-0.0058	0.0175	0.0874	0.0874	56306	1417791	0.0381969436203995	T	G	FALSE	0	8.68239167212211e-20	0	0	0	0	0	8.94148e-109
rs71607360	4	77439399	0.7878	-0.0045	0.0169	0.9069	0.0931	56306	1417791	0.0381969436203995	A	C	FALSE	0	8.22649333170662e-20	0	0	0	0	0	1.58466e-105
rs71607370	4	77644366	0.787	0.0044	0.0164	0.0967	0.0967	56306	1417791	0.0381969436203995	A	C	FALSE	0	7.98915689806004e-20	0	0	0	0	0	3.07366e-109
rs71607371	4	77649776	0.8504	0.0029	0.0156	0.1012	0.1012	56306	1417791	0.0381969436203995	T	C	FALSE	0	7.46195257033103e-20	0	0	0	0	0	3.10258e-109
rs71607374	4	77662486	0.89	0.0022	0.0156	0.1004	0.1004	56306	1417791	0.0381969436203995	T	G	FALSE	0	7.40774934563036e-20	0	0	0	0	0	3.28557e-109
rs71607375	4	77688592	0.6141	0.01	0.0198	0.0646	0.0646	56306	1417791	0.0381969436203995	T	G	FALSE	0	1.0543504513768e-19	0	0	0	0	0	8.09532e-108
rs71607376	4	77689855	0.7732	-0.0055	0.0191	0.933	0.067	56306	1417791	0.0381969436203995	T	C	FALSE	0	9.34310519150288e-20	0	0	0	0	0	1.39311e-108
rs71607390	4	77775612	0.372	-0.0233	0.0261	0.9584	0.0416	50092	1411760	0.0342661226991515	C	G	FALSE	0	1.80599849521316e-19	0	0	0	0	0	4.64103e-109
rs71607395	4	77901206	0.4499	0.0561	0.0743	0.989	0.011	16727	879305	0.0186678600764258	T	G	FALSE	0	4.21971574256483e-19	0	0	0	0	0	1.59052e-108
rs71607400	4	78071628	0.02546	-0.0274	0.0122	0.7686	0.2314	49053	1411006	0.0335965875351613	A	G	FALSE	0	7.08575008959154e-19	0	0	0	0	0	1.69667e-108
rs71607401	4	78086573	0.8555	0.0037	0.0201	0.9332	0.0668	49053	1411006	0.0335965875351613	C	G	FALSE	0	9.59145701831496e-20	0	0	0	0	0	2.74775e-109
rs71609303	4	78092583	0.9106	-0.0021	0.0185	0.92	0.08	49053	1411006	0.0335965875351613	A	G	FALSE	0	8.74343695068394e-20	0	0	0	0	0	2.74093e-109
rs716201	4	78181108	0.3333	0.0109	0.0112	0.6959	0.3041	49053	1411006	0.0335965875351613	C	G	FALSE	0	8.45573848442418e-20	0	0	0	0	0	7.27123e-109
rs716525	4	77717083	0.7149	-0.0057	0.0155	0.1285	0.1285	50455	1411925	0.0345019762305283	T	C	FALSE	0	7.79485418355912e-20	0	0	0	0	0	5.25411e-109
rs717239	4	77175743	0.000142	0.0355	0.0093	0.4795	0.4795	56306	1417791	0.0381969436203995	A	G	FALSE	0	6.2926917101457e-17	1	1	0	0	0	1.55686e-70
rs719525	4	76359250	0.717	-0.0053	0.0146	0.8702	0.1298	56306	1417791	0.0381969436203995	A	G	FALSE	0	7.33244382680192e-20	0	0	0	0	0	2.62686e-109
rs724096	4	77650897	0.2324	0.021	0.0176	0.9145	0.0855	56306	1417791	0.0381969436203995	A	C	FALSE	0	1.67570263310656e-19	0	0	0	0	0	5.17127e-109
rs72501287	4	76948619	0.0218	-0.0529	0.023	0.9554	0.0446	56306	1417791	0.0381969436203995	A	G	FALSE	0	1.46614406764575e-18	0	0	0	0	0	2.95516e-108
rs72607852	4	76926843	0.06251	-0.0221	0.0118	0.7992	0.2008	55137	1416823	0.0374582189733417	C	G	FALSE	0	3.18974140623989e-19	0	0	0	0	0	3.6707e-106
rs72607857	4	77889698	0.301	0.0437	0.0422	0.0161	0.0161	49053	1411006	0.0335965875351613	A	C	FALSE	0	3.25366991578513e-19	0	0	0	0	0	6.512e-109
rs72607858	4	77905198	0.3262	-0.0413	0.0421	0.9839	0.0161	49053	1411006	0.0335965875351613	A	T	FALSE	0	3.08006466023116e-19	0	0	0	0	0	3.2892e-109
rs72607860	4	77911759	0.2991	-0.0448	0.0432	0.9843	0.0157	49053	1411006	0.0335965875351613	C	G	FALSE	0	3.32880382641719e-19	0	0	0	0	0	3.43216e-109
rs72647417	4	76320503	0.5304	-0.0091	0.0145	0.8681	0.1319	56306	1417791	0.0381969436203995	T	C	FALSE	0	8.29650604085647e-20	0	0	0	0	0	2.796e-109
rs72647420	4	76322682	0.5501	-0.0088	0.0147	0.8679	0.1321	55137	1416823	0.0374582189733417	T	C	FALSE	0	8.26293612868155e-20	0	0	0	0	0	2.75339e-109
rs72647432	4	76376952	0.5003	-0.0164	0.0243	0.9451	0.0549	56306	1417791	0.0381969436203995	A	G	FALSE	0	1.42389859843958e-19	0	0	0	0	0	2.79154e-109
rs72647441	4	76410823	0.2095	-0.022	0.0175	0.9079	0.0921	56306	1417791	0.0381969436203995	T	C	FALSE	0	1.80111666503462e-19	0	0	0	0	0	6.38269e-109
rs72647453	4	76456586	0.4435	0.0183	0.0239	0.0571	0.0571	56306	1417791	0.0381969436203995	T	C	FALSE	0	1.49424637041806e-19	0	0	0	0	0	1.1746e-108
rs72647456	4	76465457	0.2416	0.0451	0.0385	0.027	0.027	56306	1417791	0.0381969436203995	T	C	FALSE	0	3.45523485460128e-19	0	0	0	0	0	3.48069e-108
rs72647457	4	76467081	0.003649	-0.0356	0.0123	0.204	0.204	56306	1417791	0.0381969436203995	A	G	FALSE	0	3.75720710179694e-18	0	0	0	0	0	5.79365e-109
rs72647474	4	76488765	0.93	-0.0019	0.0213	0.9173	0.0827	56306	1417791	0.0381969436203995	A	G	FALSE	0	1.00282517605385e-19	0	0	0	0	0	4.14247e-109
rs72647501	4	76535889	0.0006678	0.0903	0.0265	0.0559	0.0559	42598	1322509	0.0312048799105125	A	T	FALSE	0	3.72331105955769e-17	0	0	0	0	0	1.98189e-105
rs72648517	4	78076266	0.6187	0.0298	0.0599	0.9883	0.0117	42212	1322016	0.0309420419460677	T	C	FALSE	0	3.03165578557639e-19	0	0	0	0	0	6.11422e-109
rs72648518	4	78076268	0.6188	0.0298	0.0599	0.9883	0.0117	42212	1322016	0.0309420419460677	A	G	FALSE	0	3.03165578557639e-19	0	0	0	0	0	6.23919e-109
rs72648542	4	78166130	0.8842	-0.0088	0.0604	0.9869	0.0131	42212	1322016	0.0309420419460677	A	T	FALSE	0	2.75355884375456e-19	0	0	0	0	0	3.19994e-109
rs72648543	4	78166131	0.9188	0.0062	0.0604	0.0131	0.0131	42212	1322016	0.0309420419460677	T	C	FALSE	0	2.74010377549109e-19	0	0	0	0	0	3.87119e-109
rs72649405	4	76543774	0.001947	-0.0495	0.016	0.8949	0.1051	56306	1417791	0.0381969436203995	A	T	FALSE	0	8.73942555366279e-18	0	0	0	0	0	3.58189e-107
rs72649420	4	76567343	0.002782	-0.046	0.0154	0.8921	0.1079	56306	1417791	0.0381969436203995	C	G	FALSE	0	6.10724221944133e-18	0	0	0	0	0	2.79446e-107
rs72649445	4	76620367	0.05881	0.0416	0.022	0.0534	0.0534	56306	1417791	0.0381969436203995	A	G	FALSE	0	6.03299416413709e-19	0	0	0	0	0	1.20227e-107
rs72649456	4	76628501	0.06076	0.0413	0.022	0.0535	0.0535	56306	1417791	0.0381969436203995	T	C	FALSE	0	5.88177414510065e-19	0	0	0	0	0	1.14487e-107
rs72649482	4	76679696	0.2677	0.0241	0.0218	0.9356	0.0644	56306	1417791	0.0381969436203995	A	T	FALSE	0	1.86959018429902e-19	0	0	0	0	0	2.9714e-108
rs72651313	4	76744008	0.01245	0.0353	0.0141	0.8641	0.1359	56306	1417791	0.0381969436203995	T	G	FALSE	0	1.49975631127341e-18	0	0	0	0	0	4.4991e-103
rs72651348	4	76812403	0.8282	-0.0066	0.0302	0.0265	0.0265	56306	1417791	0.0381969436203995	T	G	FALSE	0	1.44157617240679e-19	0	0	0	0	0	2.92572e-109
rs72651349	4	76812432	0.8481	0.0058	0.0302	0.9735	0.0265	56306	1417791	0.0381969436203995	A	G	FALSE	0	1.43393147754741e-19	0	0	0	0	0	2.63116e-109
rs72651350	4	76814126	0.8374	0.0062	0.0302	0.9735	0.0265	56306	1417791	0.0381969436203995	T	G	FALSE	0	1.43762544791021e-19	0	0	0	0	0	2.62222e-109
rs72651351	4	76815541	0.8687	-0.005	0.0301	0.0267	0.0267	56306	1417791	0.0381969436203995	T	C	FALSE	0	1.42281461830586e-19	0	0	0	0	0	2.84237e-109
rs72651355	4	76819817	0.454	-0.0197	0.0263	0.9567	0.0433	56306	1417791	0.0381969436203995	T	C	FALSE	0	1.62025741501181e-19	0	0	0	0	0	7.46658e-109
rs72651360	4	76826695	0.8113	-0.0073	0.0306	0.0264	0.0264	56306	1417791	0.0381969436203995	T	G	FALSE	0	1.46675856242253e-19	0	0	0	0	0	2.65068e-109
rs72651362	4	76827140	0.7852	-0.0085	0.0311	0.0264	0.0264	56306	1417791	0.0381969436203995	T	C	FALSE	0	1.50312894765412e-19	0	0	0	0	0	2.66169e-109
rs72651373	4	76843886	0.9171	0.0023	0.0221	0.9415	0.0585	56306	1417791	0.0381969436203995	T	C	FALSE	0	1.04151784554379e-19	0	0	0	0	0	4.79611e-108
rs72651374	4	76843924	0.3331	0.01	0.0103	0.7022	0.2978	56306	1417791	0.0381969436203995	T	C	FALSE	0	7.76227402528631e-20	0	0	0	0	0	5.66023e-108
rs72651387	4	76861038	0.008366	-0.0469	0.0178	0.9211	0.0789	56306	1417791	0.0381969436203995	T	C	FALSE	0	2.61791261620297e-18	0	0	0	0	0	9.23147e-108
rs72651388	4	76868277	0.1578	0.0226	0.016	0.099	0.099	56306	1417791	0.0381969436203995	T	C	FALSE	0	2.02678866213329e-19	0	0	0	0	0	2.2587e-104
rs72653604	4	76906108	0.9112	-0.0043	0.0387	0.97	0.03	42598	1322509	0.0312048799105125	T	C	FALSE	0	1.80259980238719e-19	0	0	0	0	0	2.63989e-109
rs72653615	4	76939159	0.8953	-0.0026	0.0199	0.0609	0.0609	56306	1417791	0.0381969436203995	C	G	FALSE	0	9.41825629922417e-20	0	0	0	0	0	1.15948e-105
rs72653680	4	76986566	0.09356	0.0799	0.0476	0.0153	0.0153	56306	1417791	0.0381969436203995	T	C	FALSE	0	8.28446496930765e-19	0	0	0	0	0	1.74994e-71
rs72653702	4	76999523	0.397	0.0102	0.012	0.2069	0.2069	56306	1417791	0.0381969436203995	A	G	FALSE	0	8.09679736091817e-20	0	0	0	0	0	2.66418e-109
rs72655511	4	77021915	5.477e-05	-0.0665	0.0165	0.0912	0.0912	56306	1417791	0.0381969436203995	A	G	FALSE	0	2.47143706251553e-16	0	0	0	0	0	9.56544e-108
rs72655512	4	77022587	5.868e-05	-0.0661	0.0165	0.092	0.092	56306	1417791	0.0381969436203995	A	G	FALSE	0	2.24352398617443e-16	0	0	0	0	0	1.14565e-107
rs72655515	4	77027863	5.927e-05	0.066	0.0164	0.9091	0.0909	56306	1417791	0.0381969436203995	A	C	FALSE	0	2.40071559728013e-16	0	0	0	0	0	1.65264e-74
rs72655520	4	77033531	0.3041	-0.0359	0.0349	0.0254	0.0254	56306	1417791	0.0381969436203995	T	G	FALSE	0	2.70942951251881e-19	0	0	0	0	0	1.77932e-108
rs72655521	4	77037960	0.6461	-0.0102	0.0223	0.0614	0.0614	56306	1417791	0.0381969436203995	T	G	FALSE	0	1.15899212730614e-19	0	0	0	0	0	6.9877e-106
rs72655523	4	77054154	0.0002327	-0.0479	0.013	0.1582	0.1582	56306	1417791	0.0381969436203995	A	G	FALSE	0	5.27577919166859e-17	0	0	0	0	0	3.2563e-109
rs72655525	4	77077668	0.0002993	-0.063	0.0174	0.0831	0.0831	56306	1417791	0.0381969436203995	A	C	FALSE	0	5.46741655986712e-17	0	0	0	0	0	3.8577e-109
rs72655526	4	77083184	0.657	-0.0098	0.0221	0.0624	0.0624	56306	1417791	0.0381969436203995	A	G	FALSE	0	1.1416355510937e-19	0	0	0	0	0	7.8546e-106
rs72655528	4	77085384	0.2767	0.0645	0.0593	0.0108	0.0108	55137	1416823	0.0374582189733417	A	G	FALSE	0	4.61832519146687e-19	0	0	0	0	0	4.47028e-109
rs72655532	4	77111017	6.318e-05	-0.0519	0.013	0.1595	0.1595	56306	1417791	0.0381969436203995	A	G	FALSE	0	1.71024626083046e-16	0	0	0	0	0	1.23964e-108
rs72655536	4	77127104	6.734e-05	-0.0519	0.013	0.1615	0.1615	56306	1417791	0.0381969436203995	A	G	FALSE	0	1.71024626083046e-16	0	0	0	0	0	3.30249e-109
rs72655538	4	77128253	0.007199	-0.0426	0.0159	0.1633	0.1633	42598	1322509	0.0312048799105125	C	G	FALSE	0	2.64597311813922e-18	0	0	0	0	0	9.4321e-109
rs72655539	4	77128724	0.0001406	-0.0509	0.0134	0.1562	0.1562	56306	1417791	0.0381969436203995	A	G	FALSE	0	8.29583493532491e-17	0	0	0	0	0	4.83754e-109
rs72655564	4	77169876	1.928e-09	0.0985	0.0164	0.9067	0.0933000000000001	56306	1417791	0.0381969436203995	A	C	FALSE	0	4.65429407696524e-12	0	0	0	0	0	2.44045e-66
rs72655583	4	77193228	6.565e-08	0.0929	0.0172	0.9157	0.0843	56306	1417791	0.0381969436203995	T	C	FALSE	0	1.56945046269711e-13	0	0	0	0	0	2.47524e-17
rs72655587	4	77195110	3.775e-06	0.0598	0.0129	0.8427	0.1573	56306	1417791	0.0381969436203995	T	C	FALSE	0	2.69334002102726e-15	0	0	3	0.999998458335903	1	1
rs72655601	4	77221247	8.052e-06	-0.0496	0.0111	0.243	0.243	56306	1417791	0.0381969436203995	T	C	FALSE	0	1.09837750360711e-15	0	0	0	0	1	1
rs72657813	4	77258307	0.001803	0.0361	0.0116	0.4399	0.4399	42598	1322509	0.0312048799105125	T	G	FALSE	0	6.81285588177052e-18	0	0	0	0	0	4.24093e-106
rs72657817	4	77278857	0.007682	-0.1097	0.0412	0.0189	0.0189	56306	1417791	0.0381969436203995	T	C	FALSE	0	5.70513259920174e-18	0	0	0	0	0	4.06816e-109
rs72657823	4	77289408	0.0008313	-0.0814	0.0243	0.0519	0.0519	56306	1417791	0.0381969436203995	A	G	FALSE	0	2.86549054622633e-17	0	0	0	0	0	7.22484e-108
rs72657825	4	77290561	9.839e-07	0.0458	0.0094	0.4405	0.4405	56306	1417791	0.0381969436203995	A	G	FALSE	0	6.16429266406357e-15	0	0	0	0	0	9.93606e-101
rs72657826	4	77293574	4.027e-08	-0.06	0.0109	0.2419	0.2419	56306	1417791	0.0381969436203995	A	G	FALSE	0	1.86444217717171e-13	0	0	0	0	0	0
rs72657832	4	77319523	4.302e-08	0.0599	0.0109	0.7579	0.2421	56306	1417791	0.0381969436203995	A	G	FALSE	0	1.7729638242681e-13	0	0	2	1	0	0
rs72657835	4	77325944	3.987e-07	-0.0941	0.0186	0.0896	0.0896	56306	1417791	0.0381969436203995	A	G	FALSE	0	2.82769340890498e-14	0	0	0	0	0	9.1922e-106
rs72657837	4	77326185	0.0004019	0.0843	0.0238	0.9456	0.0544	56306	1417791	0.0381969436203995	C	G	FALSE	0	5.41219528284299e-17	0	0	0	0	0	4.03416e-84
rs72657838	4	77330706	4.376e-07	-0.0939	0.0186	0.0892	0.0892	56306	1417791	0.0381969436203995	T	C	FALSE	0	2.67938089073712e-14	0	0	0	0	0	5.49256e-106
rs72657839	4	77335916	3.054e-08	-0.0606	0.0109	0.2421	0.2421	56306	1417791	0.0381969436203995	T	G	FALSE	0	2.52585572888811e-13	0	0	1	1	0	0
rs72657847	4	77346609	0.7077	0.026	0.0694	0.0115	0.0115	36519	980404	0.0359112735182506	A	G	FALSE	0	3.2919991168038e-19	0	0	0	0	0	7.70453e-105
rs72657863	4	77384579	3.595e-05	0.0827	0.02	0.9382	0.0618	56306	1417791	0.0381969436203995	A	G	FALSE	0	4.45171362733164e-16	0	0	0	0	0	1.48092e-06
rs72657865	4	77390578	0.0006027	-0.0816	0.0238	0.0436	0.0436	56306	1417791	0.0381969436203995	T	C	FALSE	0	3.66484201040703e-17	5	1	0	0	0	5.27568e-99
rs72657866	4	77392322	0.0004825	-0.083	0.0238	0.0435	0.0435	56306	1417791	0.0381969436203995	A	T	FALSE	0	4.47880255562075e-17	0	0	0	0	0	5.22395e-99
rs72657868	4	77392390	0.0004743	-0.0832	0.0238	0.0435	0.0435	56306	1417791	0.0381969436203995	T	C	FALSE	0	4.61027345929672e-17	0	0	0	0	0	4.75461e-99
rs72657871	4	77393296	0.0004749	0.0831	0.0238	0.9565	0.0435	56306	1417791	0.0381969436203995	A	T	FALSE	0	4.5440230098005e-17	0	0	0	0	0	2.33188e-57
rs72657874	4	77395007	0.0005911	-0.0832	0.0242	0.0428	0.0428	56306	1417791	0.0381969436203995	T	C	FALSE	0	3.83601427388485e-17	0	0	0	0	0	7.69334e-99
rs72657876	4	77395039	0.0005574	0.082	0.0238	0.9565	0.0435	56306	1417791	0.0381969436203995	T	C	FALSE	0	3.87964219220705e-17	0	0	0	0	0	8.95188e-58
rs72657877	4	77396270	0.0007325	0.0803	0.0238	0.9566	0.0434	56306	1417791	0.0381969436203995	A	G	FALSE	0	3.05138696339503e-17	4	1	0	0	0	1.16876e-58
rs72657879	4	77398103	0.0007215	-0.0804	0.0238	0.0434	0.0434	56306	1417791	0.0381969436203995	T	C	FALSE	0	3.09436663866585e-17	0	0	0	0	0	9.33607e-99
rs72657889	4	77407763	0.0004836	-0.0835	0.0239	0.043	0.043	56306	1417791	0.0381969436203995	A	G	FALSE	0	4.59314600655701e-17	0	0	0	0	0	4.17933e-99
rs72657890	4	77408382	0.0006339	-0.0813	0.0238	0.0433	0.0433	56306	1417791	0.0381969436203995	A	G	FALSE	0	3.51222496059784e-17	0	0	0	0	0	7.83061e-99
rs72657892	4	77408417	0.0007784	-0.0829	0.0247	0.0418	0.0418	56306	1417791	0.0381969436203995	A	T	FALSE	0	2.96702971390869e-17	0	0	0	0	0	8.99696e-99
rs72657893	4	77410056	0.0744	-0.0602	0.0338	0.0235	0.0235	56306	1417791	0.0381969436203995	A	T	FALSE	0	7.34671823788935e-19	0	0	0	0	0	6.85962e-109
rs72657897	4	77412900	0.0008443	-0.0796	0.0238	0.0431	0.0431	56306	1417791	0.0381969436203995	T	C	FALSE	0	2.76813700561141e-17	3	1	0	0	0	9.43073e-99
rs72657902	4	77413995	0.0008868	-0.0792	0.0238	0.0431	0.0431	56306	1417791	0.0381969436203995	C	G	FALSE	0	2.61924984827984e-17	0	0	0	0	0	9.92007e-99
rs72659704	4	77414665	0.000896	0.079	0.0238	0.9563	0.0437	56306	1417791	0.0381969436203995	T	C	FALSE	0	2.54810289173903e-17	0	0	0	0	0	1.10878e-59
rs72659707	4	77419239	0.0009335	-0.081	0.0245	0.0414	0.0414	56306	1417791	0.0381969436203995	A	C	FALSE	0	2.50001774831549e-17	0	0	0	0	0	7.63554e-100
rs72659709	4	77420385	0.001152	-0.0783	0.0241	0.0421	0.0421	56306	1417791	0.0381969436203995	A	C	FALSE	0	2.05031426831024e-17	0	0	0	0	0	1.17632e-99
rs72659713	4	77422572	0.001217	0.0781	0.0242	0.9581	0.0419000000000001	56306	1417791	0.0381969436203995	A	C	FALSE	0	1.91982526754326e-17	0	0	0	0	0	1.11083e-63
rs72659725	4	77429271	0.001091	-0.0791	0.0242	0.0429	0.0429	56306	1417791	0.0381969436203995	T	C	FALSE	0	2.19133220971343e-17	0	0	0	0	0	7.68623e-100
rs72659726	4	77429516	0.4819	0.0122	0.0173	0.9137	0.0863	56306	1417791	0.0381969436203995	A	G	FALSE	0	1.04040205196741e-19	0	0	0	0	0	8.59712e-108
rs72659727	4	77430519	0.00117	-0.0789	0.0243	0.0419	0.0419	56306	1417791	0.0381969436203995	A	G	FALSE	0	2.05102411152941e-17	0	0	0	0	0	1.12911e-99
rs72659728	4	77431157	0.5964	-0.0094	0.0178	0.0813	0.0813	56306	1417791	0.0381969436203995	A	T	FALSE	0	9.60229136774777e-20	0	0	0	0	0	6.29019e-109
rs72659776	4	77471579	0.05972	-0.042	0.0223	0.9391	0.0609	56306	1417791	0.0381969436203995	T	C	FALSE	0	6.02587127906359e-19	0	0	0	0	0	2.86511e-109
rs72659786	4	77477781	0.5659	0.0101	0.0176	0.0938	0.0938	56306	1417791	0.0381969436203995	A	C	FALSE	0	9.73610145898011e-20	0	0	0	0	0	5.75412e-109
rs72659788	4	77480131	0.3791	0.0249	0.0283	0.9633	0.0367	56306	1417791	0.0381969436203995	A	T	FALSE	0	1.93140298201472e-19	0	0	0	0	0	3.30136e-109
rs72659793	4	77483472	0.1239	0.0235	0.0152	0.1181	0.1181	56306	1417791	0.0381969436203995	A	G	FALSE	0	2.34552927630398e-19	0	0	0	0	0	3.80468e-102
rs72659797	4	77487000	0.06841	0.0268	0.0147	0.1265	0.1265	56306	1417791	0.0381969436203995	T	C	FALSE	0	3.61085096738492e-19	0	0	0	0	0	3.70209e-104
rs72661405	4	77495311	0.1091	0.0235	0.0147	0.1253	0.1253	56306	1417791	0.0381969436203995	A	G	FALSE	0	2.46435748027139e-19	0	0	0	0	0	9.99995e-104
rs72661413	4	77501881	0.1085	0.0289	0.018	0.9179	0.0821	56306	1417791	0.0381969436203995	C	G	FALSE	0	3.03650022302268e-19	0	0	0	0	0	2.49676e-108
rs72661420	4	77508727	0.352	0.0179	0.0193	0.9294	0.0706	56306	1417791	0.0381969436203995	T	C	FALSE	0	1.38737556993989e-19	0	0	0	0	0	4.35498e-109
rs72661431	4	77515629	0.935	-0.0016	0.0193	0.9314	0.0686	56306	1417791	0.0381969436203995	T	C	FALSE	0	9.09095255992607e-20	0	0	0	0	0	2.71655e-109
rs72661433	4	77519430	0.2163	-0.0275	0.0222	0.0856	0.0856	42598	1322509	0.0312048799105125	T	C	FALSE	0	2.22040064088282e-19	0	0	0	0	0	2.65457e-109
rs72661434	4	77519704	0.08643	-0.0299	0.0175	0.088	0.088	56306	1417791	0.0381969436203995	A	G	FALSE	0	3.49986620192904e-19	0	0	0	0	0	2.82819e-109
rs72661435	4	77521330	0.05174	0.0355	0.0183	0.9146	0.0854	55137	1416823	0.0374582189733417	A	C	FALSE	0	5.55399489865194e-19	0	0	0	0	0	7.73704e-107
rs72661437	4	77527398	0.1995	-0.0284	0.0221	0.0865	0.0865	42598	1322509	0.0312048799105125	T	C	FALSE	0	2.34214751412828e-19	0	0	0	0	0	2.64643e-109
rs72661440	4	77533211	0.09041	-0.0295	0.0174	0.0887	0.0887	56306	1417791	0.0381969436203995	T	C	FALSE	0	3.40388519346832e-19	0	0	0	0	0	2.78929e-109
rs72661443	4	77537714	0.1004	-0.0285	0.0173	0.0893	0.0893	56306	1417791	0.0381969436203995	A	G	FALSE	0	3.12577581611337e-19	0	0	0	0	0	2.74981e-109
rs72661449	4	77545790	0.1354	0.026	0.0174	0.9119	0.0881	56306	1417791	0.0381969436203995	T	C	FALSE	0	2.47571369329475e-19	0	0	0	0	0	1.69016e-107
rs72661451	4	77549449	0.2106	0.024	0.0192	0.9205	0.0795	56306	1417791	0.0381969436203995	T	C	FALSE	0	1.95474272889836e-19	0	0	0	0	0	9.30598e-108
rs72661452	4	77549668	0.1109	-0.0276	0.0173	0.0888	0.0888	56306	1417791	0.0381969436203995	T	C	FALSE	0	2.87473163032044e-19	0	0	0	0	0	2.69554e-109
rs72661459	4	77553999	0.09765	0.0287	0.0173	0.9107	0.0893000000000001	56306	1417791	0.0381969436203995	T	C	FALSE	0	3.18563765203819e-19	0	0	0	0	0	8.60312e-106
rs72661463	4	77556370	0.1168	-0.0273	0.0174	0.0886	0.0886	56306	1417791	0.0381969436203995	T	C	FALSE	0	2.77347117901865e-19	0	0	0	0	0	2.70649e-109
rs72661465	4	77556378	0.1162	-0.0273	0.0174	0.0887	0.0887	56306	1417791	0.0381969436203995	T	G	FALSE	0	2.77347117901865e-19	0	0	0	0	0	2.70667e-109
rs72661467	4	77556819	0.09839	0.0288	0.0174	0.9115	0.0885	56306	1417791	0.0381969436203995	T	C	FALSE	0	3.18364624636268e-19	0	0	0	0	0	1.59701e-107
rs72661469	4	77557010	0.1068	-0.028	0.0173	0.089	0.089	56306	1417791	0.0381969436203995	C	G	FALSE	0	2.98272701495353e-19	0	0	0	0	0	2.70738e-109
rs72661474	4	77559008	0.1003	-0.0285	0.0173	0.0893	0.0893	56306	1417791	0.0381969436203995	A	G	FALSE	0	3.12577581611337e-19	0	0	0	0	0	2.72303e-109
rs72661487	4	77576369	0.3366	-0.0157	0.0163	0.102	0.102	56306	1417791	0.0381969436203995	A	G	FALSE	0	1.2146807570744e-19	0	0	0	0	0	2.91836e-108
rs72661490	4	77576585	0.3172	-0.0163	0.0163	0.1022	0.1022	56306	1417791	0.0381969436203995	C	G	FALSE	0	1.25907233681881e-19	0	0	0	0	0	3.16672e-108
rs72661491	4	77581250	0.3546	-0.0194	0.0209	0.0986	0.0986	42598	1322509	0.0312048799105125	A	G	FALSE	0	1.50123719150449e-19	0	0	0	0	0	4.18657e-108
rs72661496	4	77590463	0.3065	0.0167	0.0163	0.896	0.104	56306	1417791	0.0381969436203995	T	C	FALSE	0	1.29052908540742e-19	0	0	0	0	0	2.7098e-109
rs72661497	4	77593313	0.6913	-0.0131	0.0329	0.032	0.032	55943	1417626	0.0379642894224838	T	C	FALSE	0	1.6538822267586e-19	0	0	0	0	0	1.25165e-108
rs72661499	4	77601344	0.3998	0.0137	0.0163	0.8972	0.1028	56306	1417791	0.0381969436203995	A	C	FALSE	0	1.08823396437739e-19	0	0	0	0	0	2.95443e-109
rs72661502	4	77601827	0.2528	-0.0164	0.0144	0.1745	0.1745	55137	1416823	0.0374582189733417	T	C	FALSE	0	1.29130282059732e-19	0	0	0	0	0	3.68521e-109
rs72663205	4	77606620	0.3733	-0.0145	0.0163	0.1026	0.1026	56306	1417791	0.0381969436203995	T	C	FALSE	0	1.13511222205481e-19	0	0	0	0	0	3.29851e-108
rs72663210	4	77626528	0.6862	0.0073	0.0182	0.9184	0.0816	56306	1417791	0.0381969436203995	T	G	FALSE	0	9.25794593504334e-20	0	0	0	0	0	2.66686e-109
rs72663213	4	77627565	0.1116	-0.0312	0.0196	0.0737	0.0737	56306	1417791	0.0381969436203995	A	C	FALSE	0	3.22679627454603e-19	0	0	0	0	0	4.9515e-109
rs72663215	4	77627570	0.1117	0.0312	0.0196	0.9263	0.0737	56306	1417791	0.0381969436203995	A	G	FALSE	0	3.22679627454603e-19	0	0	0	0	0	2.44923e-108
rs72663233	4	77666340	0.8095	0.0084	0.035	0.9746	0.0254	50455	1411925	0.0345019762305283	T	C	FALSE	0	1.67201421906703e-19	0	0	0	0	0	6.2246e-109
rs72663240	4	77677558	0.4673	0.0183	0.0252	0.8944	0.1056	15558	878337	0.0174047287433088	T	C	FALSE	0	1.52858642385993e-19	0	0	0	0	0	6.95799e-107
rs72663250	4	77708325	0.6951	-0.0056	0.0144	0.1424	0.1424	56306	1417791	0.0381969436203995	A	G	FALSE	0	7.30292356566486e-20	0	0	0	0	0	4.25757e-109
rs72663270	4	77741616	0.5553	-0.0278	0.0471	0.0355	0.0355	16727	879305	0.0186678600764258	A	G	FALSE	0	2.55011621653629e-19	0	0	0	0	0	2.86633e-109
rs72663273	4	77754275	0.5961	0.0249	0.047	0.9734	0.0266	35872	1316196	0.0265312099687294	A	T	FALSE	0	2.46473127040391e-19	0	0	0	0	0	3.75294e-108
rs72663281	4	77778513	0.2611	-0.0178	0.0158	0.886	0.114	49053	1411006	0.0335965875351613	A	G	FALSE	0	1.39567263182271e-19	0	0	0	0	0	3.51145e-109
rs72663283	4	77782334	0.2073	-0.0272	0.0216	0.0922	0.0922	49053	1411006	0.0335965875351613	A	T	FALSE	0	2.21763228105139e-19	0	0	0	0	0	2.23765e-108
rs72663301	4	77822371	0.267	0.0259	0.0234	0.9283	0.0717	49053	1411006	0.0335965875351613	T	C	FALSE	0	2.00577446929027e-19	0	0	0	0	0	2.66902e-109
rs72665105	4	77844389	0.0003156	-0.0497	0.0138	0.8532	0.1468	56306	1417791	0.0381969436203995	T	C	FALSE	0	4.12650842664758e-17	0	0	0	0	0	9.02196e-105
rs72665106	4	77857026	0.3258	0.0201	0.0205	0.8996	0.1004	49053	1411006	0.0335965875351613	C	G	FALSE	0	1.54759044477282e-19	0	0	0	0	0	6.64638e-109
rs72665110	4	77870028	0.4571	0.0308	0.0414	0.97	0.03	35345	1315724	0.0261607660304544	C	G	FALSE	0	2.49300949882174e-19	0	0	0	0	0	1.83038e-108
rs72665127	4	77943698	0.02472	-0.0257	0.0115	0.2862	0.2862	49053	1411006	0.0335965875351613	T	C	FALSE	0	6.52351818299118e-19	0	0	0	0	0	4.43292e-108
rs72665139	4	78026463	0.5573	0.0181	0.0308	0.9491	0.0509	46605	839595	0.0525897088693297	A	G	FALSE	0	1.69942138319204e-19	0	0	0	0	0	3.11942e-109
rs72665306	4	76214086	0.06722	-0.061	0.0333	0.9405	0.0595	35345	1315724	0.0261607660304544	A	G	FALSE	0	7.9268082141235e-19	0	0	0	0	0	5.06432e-108
rs72665321	4	76265777	0.9622	-0.0075	0.1581	0.0104	0.0104	8315	6134	0.575472351027753	A	T	FALSE	0	5.85338155988734e-19	0	0	0	0	0	2.65134e-109
rs72856905	4	77773324	0.7932	-0.0078	0.0297	0.9719	0.0281	56306	1417791	0.0381969436203995	A	C	FALSE	0	1.43304618750228e-19	0	0	0	0	0	2.85673e-109
rs72856911	4	77774838	0.8309	0.0061	0.0286	0.0291	0.0291	56306	1417791	0.0381969436203995	A	G	FALSE	0	1.36532789684646e-19	0	0	0	0	0	3.84491e-109
rs72856915	4	77775028	0.8278	0.0062	0.0283	0.0296	0.0296	56306	1417791	0.0381969436203995	T	C	FALSE	0	1.35296201467993e-19	0	0	0	0	0	3.92916e-109
rs72856916	4	77775355	0.7573	0.0089	0.0287	0.0288	0.0288	56306	1417791	0.0381969436203995	T	C	FALSE	0	1.40443809839498e-19	0	0	0	0	0	4.28499e-109
rs72856919	4	77775892	0.8617	-0.0053	0.0302	0.9736	0.0264	56306	1417791	0.0381969436203995	A	G	FALSE	0	1.42967215483362e-19	0	0	0	0	0	2.90742e-109
rs72856958	4	77790129	0.1361	0.0221	0.0148	0.1248	0.1248	56306	1417791	0.0381969436203995	A	G	FALSE	0	2.10967081277105e-19	0	0	0	0	0	1.756e-108
rs72856986	4	77828160	0.0008221	-0.0471	0.0141	0.8711	0.1289	56306	1417791	0.0381969436203995	T	G	FALSE	0	1.70911122497617e-17	0	0	0	0	0	3.64914e-106
rs72857046	4	77105616	3.133e-07	0.0985	0.0193	0.0613	0.0613	56306	1417791	0.0381969436203995	T	C	FALSE	0	3.63900146656281e-14	0	0	0	0	0	1.53378e-102
rs72857048	4	77105911	3.102e-07	-0.0986	0.0193	0.9387	0.0613	56306	1417791	0.0381969436203995	A	G	FALSE	0	3.73565176689496e-14	0	0	0	0	0	1.91204e-102
rs72858061	4	76699939	0.3732	0.0186	0.0209	0.0534	0.0534	56306	1417791	0.0381969436203995	A	G	FALSE	0	1.45044110348864e-19	0	0	0	0	0	2.92032e-109
rs72858111	4	76266823	0.3004	0.0234	0.0226	0.9502	0.0498	56306	1417791	0.0381969436203995	T	G	FALSE	0	1.79803036350143e-19	0	0	0	0	0	4.29798e-108
rs72858116	4	76267963	0.3057	-0.0231	0.0226	0.0499	0.0499	56306	1417791	0.0381969436203995	A	G	FALSE	0	1.77394854690924e-19	0	0	0	0	0	3.59726e-105
rs72858533	4	77155742	3.203e-09	0.1004	0.017	0.9102	0.0898	56306	1417791	0.0381969436203995	C	G	FALSE	0	2.64312691638976e-12	0	0	0	0	0	5.1215e-70
rs72858633	4	77882230	0.4329	-0.0384	0.0489	0.985	0.015	49053	1411006	0.0335965875351613	A	G	FALSE	0	2.99667408631731e-19	0	0	0	0	0	2.91907e-109
rs72860111	4	77185176	0.6889	0.0073	0.0182	0.9273	0.0727	56306	1417791	0.0381969436203995	A	T	FALSE	0	9.25794593504334e-20	0	0	0	0	0	1.58595e-13
rs72860114	4	77185194	0.6645	-0.0079	0.0182	0.0733	0.0733	56306	1417791	0.0381969436203995	T	C	FALSE	0	9.38521512873516e-20	0	0	0	0	1	0.999999
rs72860117	4	77188339	7.051e-06	0.0584	0.013	0.8439	0.1561	56306	1417791	0.0381969436203995	A	T	FALSE	0	1.41380118809059e-15	0	0	0	1.54166409738199e-06	0	0
rs72860248	4	78015075	0.436	0.0395	0.0508	0.0149	0.0149	47884	1410038	0.032844006743845	A	C	FALSE	0	3.08463586103938e-19	0	0	0	0	0	5.48484e-108
rs72860260	4	78026113	0.3875	-0.0437	0.0506	0.985	0.015	47884	1410038	0.032844006743845	T	C	FALSE	0	3.28460996790878e-19	0	0	0	0	0	3.6789e-109
rs72860282	4	78040811	0.8708	0.0034	0.0212	0.938	0.0620000000000001	49053	1411006	0.0335965875351613	T	C	FALSE	0	1.0069757370891e-19	0	0	0	0	0	5.90916e-109
rs72860300	4	78044453	0.895	0.0028	0.0216	0.937	0.0629999999999999	49053	1411006	0.0335965875351613	A	C	FALSE	0	1.02124203814684e-19	0	0	0	0	0	6.18149e-109
rs72860852	4	76304248	0.7231	0.0054	0.0151	0.1295	0.1295	56306	1417791	0.0381969436203995	T	C	FALSE	0	7.56732313516259e-20	0	0	0	0	0	3.26774e-109
rs72860857	4	76304540	0.8589	-0.0023	0.013	0.6602	0.3398	42598	1322509	0.0312048799105125	A	G	FALSE	0	6.2141621024183e-20	0	0	0	0	0	4.06504e-109
rs72860858	4	76304570	0.8924	0.0017	0.0128	0.3469	0.3469	42598	1322509	0.0312048799105125	A	C	FALSE	0	6.07747616383666e-20	0	0	0	0	0	5.72038e-109
rs72860874	4	76311344	0.9385	-9e-04	0.0123	0.2155	0.2155	55137	1416823	0.0374582189733417	T	C	FALSE	0	5.80536880128973e-20	0	0	0	0	0	4.1293e-109
rs72860875	4	76312069	0.92	-0.0015	0.0152	0.8708	0.1292	56306	1417791	0.0381969436203995	A	C	FALSE	0	7.18260125011555e-20	0	0	0	0	0	2.67496e-109
rs72861603	4	78044560	0.8915	-0.0029	0.0216	0.0628	0.0628	49053	1411006	0.0335965875351613	T	G	FALSE	0	1.02185886158531e-19	0	0	0	0	0	8.63048e-109
rs72861682	4	78102096	0.8971	0.0256	0.1978	0.0139	0.0139	6248	4391	0.587273239966162	T	C	FALSE	0	6.66077677821105e-19	0	0	0	0	0	6.27266e-109
rs72861687	4	78108696	0.9805	5e-04	0.0205	0.066	0.066	49053	1411006	0.0335965875351613	T	C	FALSE	0	9.62051755471079e-20	0	0	0	0	0	3.4288e-109
rs72861692	4	78112120	0.4138	-0.0184	0.0225	0.0545	0.0545	49053	1411006	0.0335965875351613	A	C	FALSE	0	1.4670410621673e-19	0	0	0	0	0	2.62683e-109
rs72861694	4	78112533	0.3892	-0.0194	0.0226	0.0545	0.0545	49053	1411006	0.0335965875351613	A	T	FALSE	0	1.52380645611943e-19	0	0	0	0	0	2.62061e-109
rs72862760	4	76334509	0.8361	-0.0024	0.0118	0.2146	0.2146	56306	1417791	0.0381969436203995	C	G	FALSE	0	5.67107426234546e-20	0	0	0	0	0	4.13899e-109
rs72862769	4	76339793	0.8222	-0.0027	0.0118	0.215	0.215	56306	1417791	0.0381969436203995	T	G	FALSE	0	5.70220884409288e-20	0	0	0	0	0	4.04869e-109
rs72862773	4	76340142	0.8233	0.0026	0.0118	0.7853	0.2147	56306	1417791	0.0381969436203995	T	C	FALSE	0	5.69140435958131e-20	0	0	0	0	0	6.84086e-109
rs72862779	4	76345920	0.8529	0.0027	0.0148	0.7851	0.2149	42598	1322509	0.0312048799105125	T	C	FALSE	0	7.07700904059936e-20	0	0	0	0	0	6.61087e-109
rs72863250	4	78124939	0.4143	-0.0183	0.0224	0.0544	0.0544	49053	1411006	0.0335965875351613	A	T	FALSE	0	1.45969642225974e-19	0	0	0	0	0	2.63342e-109
rs72863264	4	78131381	0.3962	0.019	0.0224	0.9452	0.0548	49053	1411006	0.0335965875351613	A	G	FALSE	0	1.49769096834444e-19	0	0	0	0	0	1.5952e-108
rs72863265	4	78131423	0.4418	-0.0173	0.0225	0.0545	0.0545	49053	1411006	0.0335965875351613	A	G	FALSE	0	1.41191514854076e-19	0	0	0	0	0	2.6399e-109
rs72863270	4	78133352	0.4423	0.0173	0.0225	0.9455	0.0545	49053	1411006	0.0335965875351613	A	G	FALSE	0	1.41191514854076e-19	0	0	0	0	0	1.08762e-108
rs72863278	4	78140657	0.5202	-0.0163	0.0254	0.9566	0.0434	49053	1411006	0.0335965875351613	A	G	FALSE	0	1.45529732689542e-19	0	0	0	0	0	3.07013e-109
rs72863289	4	78154100	0.4585	-0.0194	0.0261	0.957	0.043	49053	1411006	0.0335965875351613	T	C	FALSE	0	1.60148185456651e-19	0	0	0	0	0	3.27076e-109
