SNP	CHR	POS	P	Effect	StdErr	Freq	MAF	N_cases	N_controls	proportion_cases	A1	A2	leadSNP	ABF.Credible_Set	ABF.PP	SUSIE.Credible_Set	SUSIE.PP	POLYFUN_SUSIE.Credible_Set	POLYFUN_SUSIE.PP	FINEMAP.Credible_Set	FINEMAP.PP
rs9384810	6	112149373	8.21e-08	0.0722	0.0135	0.8547	0.1453	56306	1417791	0.0381969436203995	A	G	FALSE	0	0.0108823884246587	0	0	9	1	0	0
rs9384811	6	112149663	0.07086	0.0425	0.0235	0.9577	0.0423	56306	1417791	0.0381969436203995	T	G	FALSE	0	6.2115120496591e-08	0	0	0	0	0	0
rs9384812	6	112171674	0.06072	-0.0464	0.0247	0.0382	0.0382	56306	1417791	0.0381969436203995	A	C	FALSE	0	7.39173954310218e-08	0	0	0	0	0	0
rs9384814	6	112207195	8.573e-06	0.089	0.02	0.9387	0.0613	56306	1417791	0.0381969436203995	A	G	FALSE	0	0.000190943938207847	0	0	0	0	0	0
rs9384820	6	112437586	0.535	0.0142	0.0229	0.0631	0.0631	48396	1410320	0.0331771228943811	C	G	FALSE	0	1.45872939028145e-08	0	0	0	0	0	0
rs9384823	6	112626852	0.7909	0.0035	0.0134	0.1698	0.1698	49053	1411006	0.0335965875351613	T	C	FALSE	0	7.33556301832633e-09	0	0	0	0	0	0
rs9384825	6	112668193	0.9231	-0.0019	0.0198	0.0705	0.0705	49053	1411006	0.0335965875351613	T	C	FALSE	0	1.04973720893682e-08	0	0	0	0	0	0
rs9384827	6	112692094	0.9987	0	0.0199	0.9293	0.0707	49053	1411006	0.0335965875351613	A	T	FALSE	0	1.05018787184914e-08	0	0	0	0	0	0
rs9384829	6	112719695	0.2406	-0.0321	0.0274	0.9629	0.0371	49053	1411006	0.0335965875351613	T	G	FALSE	0	2.82362746410647e-08	0	0	0	0	0	0
rs9384830	6	112719804	0.2294	-0.0332	0.0276	0.9633	0.0367	49053	1411006	0.0335965875351613	T	G	FALSE	0	2.94915997758371e-08	0	0	0	0	0	0
rs9384832	6	112799342	0.1845	-0.0135	0.0101	0.5574	0.4426	49053	1411006	0.0335965875351613	T	C	FALSE	0	1.30403002802729e-08	0	0	0	0	0	0
rs9384838	6	112963274	0.9489	-0.0011	0.0174	0.0926	0.0926	49053	1411006	0.0335965875351613	A	G	FALSE	0	9.21141471322872e-09	0	0	0	0	0	0
rs9384839	6	112984824	0.1121	0.0406	0.0255	0.0556	0.0556	49053	1411006	0.0335965875351613	A	C	FALSE	0	4.66924618303188e-08	0	0	0	0	0	0
rs9384841	6	113046605	0.7452	0.0033	0.0101	0.4331	0.4331	49053	1411006	0.0335965875351613	T	C	FALSE	0	5.6421403036726e-09	0	0	0	0	0	0
rs9384843	6	113079638	0.6562	-0.0045	0.0101	0.5676	0.4324	49053	1411006	0.0335965875351613	T	C	FALSE	0	5.90632985577169e-09	0	0	0	0	0	0
rs9384846	6	113124583	0.01986	0.0363	0.0156	0.8786	0.1214	49053	1411006	0.0335965875351613	T	C	FALSE	0	1.21621325671693e-07	0	0	0	0	0	0
rs9384847	6	113146769	0.3832	-0.0423	0.0485	0.9886	0.0114	48667	1410513	0.0333522937540262	A	G	FALSE	0	3.5800609164697e-08	0	0	0	0	0	0
rs9384849	6	113220799	0.8289	-0.0028	0.0131	0.8193	0.1807	49053	1411006	0.0335965875351613	A	C	FALSE	0	7.09206689617455e-09	0	0	0	0	0	0
rs9384850	6	113231819	0.7727	-0.0038	0.0131	0.8162	0.1838	49053	1411006	0.0335965875351613	T	C	FALSE	0	7.22917066301401e-09	0	0	0	0	0	0
rs9386959	6	111265977	0.1296	-0.0229	0.0151	0.8829	0.1171	56306	1417791	0.0381969436203995	T	C	FALSE	0	2.50548256484719e-08	0	0	0	0	0	0
rs9386961	6	111270868	0.2503	0.0371	0.0323	0.0258	0.0258	49928	1411453	0.03416494398107	A	C	FALSE	0	3.21635721429313e-08	0	0	0	0	0	0
rs9386962	6	111274240	0.2507	-0.0371	0.0323	0.9742	0.0258	49928	1411453	0.03416494398107	T	C	FALSE	0	3.21635721429313e-08	0	0	0	0	0	0
rs9386963	6	111274659	0.2551	0.0385	0.0338	0.0249	0.0249	49928	1411453	0.03416494398107	A	G	FALSE	0	3.32099048736996e-08	0	0	0	0	0	0
rs9386964	6	111278103	0.1553	-0.0153	0.0108	0.7334	0.2666	56306	1417791	0.0381969436203995	A	G	FALSE	0	1.55553569479991e-08	0	0	0	0	0	0
rs9386965	6	111279178	0.1783	-0.044	0.0327	0.9741	0.0259	48759	1410485	0.0334138773227781	A	G	FALSE	0	4.13324692492257e-08	0	0	0	0	0	0
rs9386967	6	111290030	0.3982	0.0103	0.0122	0.1785	0.1785	56306	1417791	0.0381969436203995	A	G	FALSE	0	9.21108199756289e-09	0	0	0	0	0	0
rs9386968	6	111290457	0.3569	0.0113	0.0122	0.1781	0.1781	56306	1417791	0.0381969436203995	A	G	FALSE	0	9.90163073740274e-09	0	0	0	0	0	0
rs9386969	6	111292821	0.3563	-0.0112	0.0121	0.82	0.18	56306	1417791	0.0381969436203995	A	G	FALSE	0	9.81549876607612e-09	0	0	0	0	0	0
rs9386970	6	111297842	0.4016	-0.0104	0.0124	0.8247	0.1753	56306	1417791	0.0381969436203995	T	G	FALSE	0	9.3176319401605e-09	0	0	0	0	0	0
rs9386971	6	111298653	0.5776	0.0071	0.0127	0.1636	0.1636	56306	1417791	0.0381969436203995	A	G	FALSE	0	7.85377146082503e-09	0	0	0	0	0	0
rs9386972	6	111298741	0.1335	-0.0159	0.0106	0.7292	0.2708	56306	1417791	0.0381969436203995	T	C	FALSE	0	1.72370375354002e-08	0	0	0	0	0	0
rs9386973	6	111307883	0.1231	-0.0164	0.0106	0.7292	0.2708	56306	1417791	0.0381969436203995	A	G	FALSE	0	1.85176867662339e-08	0	0	0	0	0	0
rs9386974	6	111314557	0.05467	-0.0192	0.01	0.5355	0.4645	56306	1417791	0.0381969436203995	A	T	FALSE	0	3.33047610407998e-08	0	0	0	0	0	0
rs9386978	6	111322435	0.2596	-0.0197	0.0175	0.9139	0.0861	56306	1417791	0.0381969436203995	A	G	FALSE	0	1.73388493956044e-08	0	0	0	0	0	0
rs9386980	6	111324811	0.08123	-0.0267	0.0153	0.8824	0.1176	56306	1417791	0.0381969436203995	A	T	FALSE	0	3.6764023845038e-08	0	0	0	0	0	0
rs9386981	6	111325808	0.5748	0.0074	0.0132	0.1568	0.1568	56306	1417791	0.0381969436203995	A	G	FALSE	0	8.1683082810487e-09	0	0	0	0	0	0
rs9386982	6	111326736	0.08274	0.0265	0.0153	0.1177	0.1177	56306	1417791	0.0381969436203995	C	G	FALSE	0	3.59426883071381e-08	0	0	0	0	0	0
rs9386983	6	111326926	0.09316	-0.0253	0.0151	0.88	0.12	56306	1417791	0.0381969436203995	T	C	FALSE	0	3.22430246521708e-08	0	0	0	0	0	0
rs9386984	6	111331983	0.05414	-0.0299	0.0155	0.8843	0.1157	56306	1417791	0.0381969436203995	A	C	FALSE	0	5.2095596223049e-08	0	0	0	0	0	0
rs9386985	6	111335078	0.07015	-0.0306	0.0169	0.8886	0.1114	56306	1417791	0.0381969436203995	A	G	FALSE	0	4.54732025750708e-08	0	0	0	0	0	0
rs9386986	6	111336617	0.09186	0.0255	0.0151	0.1192	0.1192	56306	1417791	0.0381969436203995	A	G	FALSE	0	3.29652894942758e-08	0	0	0	0	0	0
rs9386987	6	111337544	0.08625	-0.0269	0.0157	0.8848	0.1152	56306	1417791	0.0381969436203995	T	C	FALSE	0	3.57013263258271e-08	0	0	0	0	0	0
rs9386990	6	111339268	0.464	0.0097	0.0133	0.1621	0.1621	56306	1417791	0.0381969436203995	A	C	FALSE	0	9.17152246262722e-09	0	0	0	0	0	0
rs9386991	6	111340451	0.09361	0.0567	0.0338	0.0267	0.0267	49053	1411006	0.0335965875351613	A	G	FALSE	0	6.94146784778588e-08	0	0	0	0	0	0
rs9386992	6	111350091	0.3637	-0.0158	0.0174	0.9056	0.0944	49053	1411006	0.0335965875351613	T	G	FALSE	0	1.38410229968301e-08	0	0	0	0	0	0
rs9386993	6	111362754	0.5097	-0.0076	0.0115	0.2906	0.2906	49053	1411006	0.0335965875351613	T	C	FALSE	0	7.56938274384697e-09	0	0	0	0	0	0
rs9386995	6	111375763	0.8267	-0.0033	0.0153	0.8351	0.1649	49053	1411006	0.0335965875351613	A	G	FALSE	0	8.27981314118721e-09	0	0	0	0	0	0
rs9386997	6	111414038	0.3358	-0.0708	0.0735	0.0106	0.0106	22811	885122	0.0251241005668921	A	T	FALSE	0	5.50610182433193e-08	0	0	0	0	0	0
rs9386999	6	111442097	0.08054	0.0771	0.0441	0.0172	0.0172	56306	1417791	0.0381969436203995	A	G	FALSE	0	9.80912070189064e-08	0	0	0	0	0	0
rs9387000	6	111459941	0.1313	0.0148	0.0098	0.4443	0.4443	56306	1417791	0.0381969436203995	A	C	FALSE	0	1.61928580457016e-08	0	0	0	0	0	0
rs9387001	6	111461365	0.5692	0.03	0.0528	0.0153	0.0153	42598	1322509	0.0312048799105125	A	T	FALSE	0	3.14840932496703e-08	0	0	0	0	0	0
rs9387003	6	111482262	0.09145	-0.0164	0.0097	0.5492	0.4508	56306	1417791	0.0381969436203995	T	C	FALSE	0	2.13836603670253e-08	0	0	0	0	0	0
rs9387010	6	111705944	0.4401	-0.0145	0.0187	0.0675	0.0675	56306	1417791	0.0381969436203995	T	C	FALSE	0	1.33024692071997e-08	0	0	0	0	0	0
rs9387012	6	111787027	0.1744	0.0165	0.0122	0.8188	0.1812	56306	1417791	0.0381969436203995	T	C	FALSE	0	1.606304525684e-08	0	0	0	0	0	0
rs9387013	6	111833720	0.1615	0.0172	0.0123	0.8205	0.1795	56306	1417791	0.0381969436203995	T	C	FALSE	0	1.72448363182701e-08	0	0	0	0	0	0
rs9387014	6	111850541	0.001869	-0.0402	0.0129	0.8451	0.1549	56306	1417791	0.0381969436203995	A	G	FALSE	0	8.59535845842267e-07	0	0	0	0	0	0
rs9387017	6	111944006	0.6071	-0.0049	0.0095	0.5073	0.4927	56306	1417791	0.0381969436203995	A	G	FALSE	0	5.74681105811546e-09	0	0	0	0	0	0
rs9387018	6	111949274	0.1489	-0.0153	0.0106	0.2778	0.2778	56306	1417791	0.0381969436203995	T	C	FALSE	0	1.58630117084807e-08	0	0	0	0	0	0
rs9387019	6	111949288	0.1398	-0.0157	0.0106	0.2775	0.2775	56306	1417791	0.0381969436203995	C	G	FALSE	0	1.67603387218231e-08	0	0	0	0	0	0
rs9387020	6	111955402	0.5364	-0.0065	0.0104	0.6888	0.3112	56306	1417791	0.0381969436203995	C	G	FALSE	0	6.69259470187184e-09	0	0	0	0	0	0
rs9387024	6	111984021	0.3313	-0.0094	0.0097	0.4747	0.4747	56306	1417791	0.0381969436203995	C	G	FALSE	0	8.20841527280761e-09	0	0	0	0	0	0
rs9387025	6	111984400	0.3903	-0.0083	0.0097	0.4755	0.4755	56306	1417791	0.0381969436203995	A	G	FALSE	0	7.40338935949254e-09	0	0	0	0	0	0
rs9387027	6	112023468	0.6506	0.0113	0.025	0.9598	0.0402	56306	1417791	0.0381969436203995	T	C	FALSE	0	1.45481578763764e-08	0	0	0	0	0	0
rs9387028	6	112031376	0.5969	-0.0131	0.0248	0.0401	0.0401	56306	1417791	0.0381969436203995	A	G	FALSE	0	1.49748628687675e-08	0	0	0	0	0	0
rs9387031	6	112054810	0.7759	0.007	0.0246	0.9591	0.0409000000000001	55137	1416823	0.0374582189733417	T	G	FALSE	0	1.34755994256965e-08	0	0	0	0	0	0
rs9387033	6	112077407	0.0001018	0.112	0.0288	0.9696	0.0304	56306	1417791	0.0381969436203995	T	C	FALSE	0	2.49339943038655e-05	0	0	0	0	0	0
rs9387034	6	112088500	7.346e-06	0.1124	0.0251	0.9597	0.0403	56306	1417791	0.0381969436203995	T	C	FALSE	0	0.000255755081458683	0	0	0	0	0	0
rs9387035	6	112090613	0.1672	0.0344	0.0249	0.9611	0.0389	56306	1417791	0.0381969436203995	C	G	FALSE	0	3.35379728502354e-08	0	0	0	0	0	0
rs9387037	6	112110376	0.1232	0.0372	0.0241	0.9589	0.0411	56306	1417791	0.0381969436203995	T	C	FALSE	0	4.10592241557955e-08	0	0	0	0	0	0
rs9387038	6	112125335	1.442e-07	0.0705	0.0134	0.8548	0.1452	56306	1417791	0.0381969436203995	T	C	FALSE	0	0.00683116834838549	0	0	7	1	0	8.65303e-260
rs9387039	6	112127640	0.07776	-0.039	0.0221	0.0485	0.0485	56306	1417791	0.0381969436203995	A	G	FALSE	0	5.4248749682051e-08	0	0	0	0	0	0
rs9387040	6	112131578	6.029e-08	-0.0745	0.0138	0.1455	0.1455	56306	1417791	0.0381969436203995	A	G	FALSE	0	0.0145220615914517	0	0	6	1	0	0
rs9387041	6	112140006	0.06114	0.044	0.0235	0.9576	0.0424	56306	1417791	0.0381969436203995	A	G	FALSE	0	6.97462480427785e-08	0	0	0	0	0	0
rs9387042	6	112155670	1.214e-06	0.0593	0.0122	0.8148	0.1852	56306	1417791	0.0381969436203995	T	G	FALSE	0	0.000834454127945033	0	0	0	0	0	0
rs9387044	6	112160313	0.06929	-0.0449	0.0247	0.0382	0.0382	56306	1417791	0.0381969436203995	A	G	FALSE	0	6.61812248597007e-08	0	0	0	0	0	0
rs9387045	6	112162003	0.06734	0.0452	0.0247	0.9618	0.0382	56306	1417791	0.0381969436203995	T	G	FALSE	0	6.76411469499619e-08	0	0	0	0	0	0
rs9387048	6	112193298	0.0328	-0.0527	0.0247	0.0389	0.0389	56306	1417791	0.0381969436203995	C	G	FALSE	0	1.22355619468201e-07	0	0	0	0	1	1
rs9387050	6	112200061	7.077e-06	0.0489	0.0109	0.7538	0.2462	56306	1417791	0.0381969436203995	A	C	FALSE	0	0.000131453250645019	0	0	0	0	0	0
rs9387053	6	112237731	0.01826	0.0458	0.0194	0.9372	0.0628	56306	1417791	0.0381969436203995	A	G	FALSE	0	1.61923081710944e-07	0	0	0	0	1	1
rs9387054	6	112250255	0.01925	0.0455	0.0195	0.937	0.0629999999999999	56306	1417791	0.0381969436203995	A	C	FALSE	0	1.52632304740792e-07	0	0	0	0	0	0
rs9387058	6	112294010	0.0001467	-0.063	0.0166	0.0904	0.0904	56306	1417791	0.0381969436203995	T	C	FALSE	0	1.12054497563873e-05	0	0	0	0	0	5.50552e-204
rs9387059	6	112450520	0.3911	-0.0082	0.0096	0.5636	0.4364	55137	1416823	0.0374582189733417	T	C	FALSE	0	7.3179806294757e-09	0	0	0	0	0	0
rs9387060	6	112493256	0.7692	-0.0029	0.0098	0.5553	0.4447	55137	1416823	0.0374582189733417	T	C	FALSE	0	5.42285542681043e-09	0	0	0	0	0	0
rs9387063	6	112545134	0.1888	0.022	0.0167	0.8903	0.1097	48396	1410320	0.0331771228943811	A	T	FALSE	0	2.08929634391271e-08	0	0	0	0	0	0
rs9387066	6	112634949	0.542	0.008	0.0132	0.1763	0.1763	49053	1411006	0.0335965875351613	A	G	FALSE	0	8.38682460564974e-09	0	0	0	0	0	0
rs9387067	6	112661278	0.8804	-0.0024	0.0159	0.1212	0.1212	49053	1411006	0.0335965875351613	A	T	FALSE	0	8.50155894664624e-09	0	0	0	0	0	0
rs9387068	6	112661621	0.8846	-0.0023	0.0157	0.1212	0.1212	49053	1411006	0.0335965875351613	A	G	FALSE	0	8.38977914967719e-09	0	0	0	0	0	0
rs9387071	6	112710524	0.5973	-0.0085	0.0161	0.8808	0.1192	49053	1411006	0.0335965875351613	T	C	FALSE	0	9.77490387503584e-09	0	0	0	0	0	0
rs9387072	6	112715275	0.265	-0.0346	0.031	0.9662	0.0338000000000001	49053	1411006	0.0335965875351613	T	G	FALSE	0	2.9848528634841e-08	0	0	0	0	0	0
rs9387073	6	112717749	0.2407	-0.0324	0.0277	0.9634	0.0366	49053	1411006	0.0335965875351613	A	G	FALSE	0	2.8471033879892e-08	0	0	0	0	0	0
rs9387074	6	112717989	0.02942	0.0244	0.0112	0.7214	0.2786	49053	1411006	0.0335965875351613	T	C	FALSE	0	6.31666485117542e-08	0	0	0	0	0	0
rs9387075	6	112718049	0.1948	-0.0359	0.0277	0.9634	0.0366	49053	1411006	0.0335965875351613	T	G	FALSE	0	3.31728195424417e-08	0	0	0	0	0	0
rs9387077	6	112719177	0.2415	-0.0325	0.0278	0.9634	0.0366	49053	1411006	0.0335965875351613	T	C	FALSE	0	2.8549265467063e-08	0	0	0	0	0	0
rs9387078	6	112727088	0.02124	-0.0259	0.0112	0.2796	0.2796	49053	1411006	0.0335965875351613	T	C	FALSE	0	8.52491087992657e-08	0	0	0	0	0	0
rs9387079	6	112739106	0.7285	0.0035	0.01	0.4925	0.4925	50455	1411925	0.0345019762305283	A	G	FALSE	0	5.63047679335562e-09	0	0	0	0	0	0
rs9387082	6	112790059	0.207	-0.0128	0.0101	0.5576	0.4424	49053	1411006	0.0335965875351613	T	C	FALSE	0	1.19178571017194e-08	0	0	0	0	0	0
rs9387084	6	112846003	0.7125	-0.0077	0.021	0.9074	0.0926	49053	1411006	0.0335965875351613	A	C	FALSE	0	1.1837701726575e-08	0	0	0	0	0	0
rs9387089	6	112945005	0.7474	-0.0056	0.0173	0.8986	0.1014	49053	1411006	0.0335965875351613	T	G	FALSE	0	9.628631320203e-09	0	0	0	0	0	0
rs9387090	6	112955634	0.4428	-0.0157	0.0204	0.1124	0.1124	35345	1315724	0.0261607660304544	T	G	FALSE	0	1.44286917847433e-08	0	0	0	0	0	0
rs9387091	6	112959348	0.01926	-0.0287	0.0123	0.8127	0.1873	56306	1417791	0.0381969436203995	A	G	FALSE	0	9.80460057107854e-08	0	0	0	0	0	0
rs9387092	6	112964352	0.4241	-0.0083	0.0104	0.5208	0.4792	30435	974587	0.0302829191798786	T	C	FALSE	0	7.56717967771373e-09	0	0	0	0	0	0
rs9387094	6	113004189	0.1793	-0.0139	0.0104	0.3289	0.3289	56306	1417791	0.0381969436203995	T	C	FALSE	0	1.34230686122228e-08	0	0	0	0	0	0
rs9387095	6	113006274	0.2114	0.0129	0.0103	0.6744	0.3256	56306	1417791	0.0381969436203995	A	C	FALSE	0	1.19268486300829e-08	0	0	0	0	0	0
rs9387096	6	113060909	0.2372	-0.0138	0.0117	0.7588	0.2412	49053	1411006	0.0335965875351613	C	G	FALSE	0	1.23896751559925e-08	0	0	0	0	0	0
rs9387097	6	113071484	0.2364	-0.0139	0.0117	0.7597	0.2403	49053	1411006	0.0335965875351613	A	G	FALSE	0	1.2515233506366e-08	0	0	0	0	0	0
rs9387098	6	113077213	0.2462	0.0137	0.0118	0.2388	0.2388	49053	1411006	0.0335965875351613	A	G	FALSE	0	1.22284409277449e-08	0	0	0	0	0	0
rs9387099	6	113078576	0.5009	0.0069	0.0102	0.4323	0.4323	47884	1410038	0.032844006743845	A	G	FALSE	0	6.78735805775278e-09	0	0	0	0	0	0
rs9387100	6	113102954	0.1604	-0.0144	0.0102	0.3328	0.3328	56306	1417791	0.0381969436203995	T	C	FALSE	0	1.45968192027191e-08	0	0	0	0	0	0
rs9387101	6	113133949	0.2001	-0.0218	0.017	0.8827	0.1173	49053	1411006	0.0335965875351613	C	G	FALSE	0	2.03217287140518e-08	0	0	0	0	0	0
rs9387103	6	113146099	0.3628	-0.0443	0.0486	0.9885	0.0115	48667	1410513	0.0333522937540262	T	C	FALSE	0	3.70760601960152e-08	0	0	0	0	0	0
rs9387104	6	113146113	0.369	0.0437	0.0486	0.0115	0.0115	48667	1410513	0.0333522937540262	T	C	FALSE	0	3.66868186710613e-08	0	0	0	0	0	0
rs9387105	6	113146311	0.3484	0.0454	0.0484	0.0114	0.0114	48667	1410513	0.0333522937540262	A	G	FALSE	0	3.78035038877841e-08	0	0	0	0	0	0
rs9387106	6	113169716	0.4448	-0.0075	0.0098	0.5389	0.4611	56306	1417791	0.0381969436203995	A	T	FALSE	0	6.95241326069655e-09	0	0	0	0	0	0
rs9387109	6	113219510	0.4407	0.0092	0.012	0.2694	0.2694	49053	1411006	0.0335965875351613	A	G	FALSE	0	8.51393968236794e-09	0	0	0	0	0	0
rs9387111	6	113241460	0.7263	0.0046	0.0133	0.1837	0.1837	49053	1411006	0.0335965875351613	T	C	FALSE	0	7.46978224680666e-09	2	1	0	0	0	0
rs9398250	6	111245136	0.1745	0.0269	0.0198	0.0639	0.0639	56306	1417791	0.0381969436203995	A	G	FALSE	0	2.60621989141322e-08	0	0	0	0	0	0
rs9398253	6	111258970	0.2382	0.038	0.0322	0.0259	0.0259	49928	1411453	0.03416494398107	T	G	FALSE	0	3.32376723098666e-08	0	0	0	0	0	0
rs9398254	6	111270925	0.2569	-0.0365	0.0322	0.9741	0.0259	49928	1411453	0.03416494398107	T	C	FALSE	0	3.15368221057921e-08	0	0	0	0	0	0
rs9398255	6	111280242	0.2259	-0.039	0.0322	0.9741	0.0259	49928	1411453	0.03416494398107	T	G	FALSE	0	3.44627080885425e-08	0	0	0	0	0	0
rs9398257	6	111299839	0.3509	-0.0113	0.0121	0.82	0.18	56306	1417791	0.0381969436203995	C	G	FALSE	0	9.89093342725042e-09	0	0	0	0	0	0
rs9398258	6	111300297	0.3683	0.011	0.0122	0.1791	0.1791	56306	1417791	0.0381969436203995	A	G	FALSE	0	9.68239203818217e-09	0	0	0	0	0	0
rs9398259	6	111308605	0.3379	-0.0117	0.0122	0.8199	0.1801	56306	1417791	0.0381969436203995	A	G	FALSE	0	1.02112551842394e-08	0	0	0	0	0	0
rs9398260	6	111309155	0.291	-0.0129	0.0122	0.8209	0.1791	56306	1417791	0.0381969436203995	T	C	FALSE	0	1.12716398130062e-08	0	0	0	0	0	0
rs9398261	6	111325077	0.08238	0.0276	0.0159	0.1137	0.1137	56306	1417791	0.0381969436203995	A	G	FALSE	0	3.75642545982604e-08	0	0	0	0	0	0
rs9398262	6	111330297	0.08126	0.0263	0.0151	0.1202	0.1202	56306	1417791	0.0381969436203995	T	C	FALSE	0	3.60826924805929e-08	0	0	0	0	0	0
rs9398263	6	111378330	0.6062	-0.0082	0.0159	0.1134	0.1134	49053	1411006	0.0335965875351613	A	G	FALSE	0	9.59343653309345e-09	0	0	0	0	0	0
rs9398265	6	111422602	0.4698	-0.01	0.0139	0.1443	0.1443	56306	1417791	0.0381969436203995	T	C	FALSE	0	9.51416301389979e-09	0	0	0	0	0	0
rs9398266	6	111438307	0.5156	0.009	0.0138	0.8517	0.1483	56306	1417791	0.0381969436203995	A	G	FALSE	0	9.02241161947308e-09	0	0	0	0	0	0
rs9398272	6	111843548	0.1836	-0.0163	0.0123	0.1766	0.1766	56306	1417791	0.0381969436203995	A	C	FALSE	0	1.56152053291646e-08	0	0	0	0	0	0
rs9398274	6	111903394	0.3431	0.0113	0.0119	0.8077	0.1923	56306	1417791	0.0381969436203995	A	T	FALSE	0	9.87288442346075e-09	0	0	0	0	0	0
rs9398276	6	111960161	0.6064	0.0054	0.0104	0.3102	0.3102	56306	1417791	0.0381969436203995	C	G	FALSE	0	6.30064888913652e-09	0	0	0	0	0	0
rs9398278	6	112036747	0.6042	-0.0124	0.0239	0.0421	0.0421	56306	1417791	0.0381969436203995	A	G	FALSE	0	1.43714786524092e-08	0	0	0	0	0	0
rs9398279	6	112068180	0.1354	-0.0332	0.0222	0.0508	0.0508	56306	1417791	0.0381969436203995	T	C	FALSE	0	3.53172929648638e-08	0	0	0	0	0	0
rs9398280	6	112068182	0.5544	-0.015	0.0254	0.0385	0.0385	56306	1417791	0.0381969436203995	C	G	FALSE	0	1.58650206642912e-08	0	0	0	0	0	0
rs9398281	6	112074486	0.1781	0.0289	0.0214	0.9465	0.0535	56306	1417791	0.0381969436203995	T	C	FALSE	0	2.77995035334533e-08	0	0	0	0	0	0
rs9398284	6	112136142	0.07258	0.0423	0.0236	0.9581	0.0419000000000001	56306	1417791	0.0381969436203995	A	G	FALSE	0	6.06023850816812e-08	0	0	0	0	0	0
rs9398285	6	112142125	0.06732	-0.0428	0.0234	0.0429	0.0429	56306	1417791	0.0381969436203995	A	G	FALSE	0	6.41894784463012e-08	0	0	0	0	0	0
rs9398288	6	112152768	0.001029	-0.0514	0.0157	0.1039	0.1039	56306	1417791	0.0381969436203995	T	C	FALSE	0	1.70733620667865e-06	0	0	0	0	0	0
rs9398290	6	112169148	0.06135	-0.0463	0.0247	0.0382	0.0382	56306	1417791	0.0381969436203995	A	G	FALSE	0	7.33663281773888e-08	0	0	0	0	0	0
rs9398291	6	112184520	0.0002089	0.045	0.0121	0.8155	0.1845	56306	1417791	0.0381969436203995	T	C	FALSE	0	6.29449004314878e-06	0	0	0	0	0	0
rs9398292	6	112208030	0.02781	0.0225	0.0102	0.5314	0.4686	56306	1417791	0.0381969436203995	A	G	FALSE	0	6.11601537357967e-08	0	0	0	0	0	0
rs9398294	6	112231558	0.0133	-0.051	0.0206	0.059	0.059	56306	1417791	0.0381969436203995	T	C	FALSE	0	2.25477074066308e-07	0	0	0	0	0	0
rs9398295	6	112236595	0.01859	-0.0457	0.0194	0.0627	0.0627	56306	1417791	0.0381969436203995	A	G	FALSE	0	1.59984800292701e-07	0	0	0	0	0	0
rs9398301	6	112524772	0.2041	0.0129	0.0102	0.5012	0.4988	36519	980404	0.0359112735182506	C	G	FALSE	0	1.19952996984378e-08	0	0	0	0	0	0
rs9398302	6	112556666	0.8462	0.0062	0.0318	0.0269	0.0269	47884	1410038	0.032844006743845	A	G	FALSE	0	1.69671795330797e-08	0	0	0	0	0	0
rs9398304	6	112616765	0.6369	0.0162	0.0343	0.023	0.023	49053	1411006	0.0335965875351613	T	C	FALSE	0	1.99805631111168e-08	0	0	0	0	0	0
rs9398305	6	112653890	0.7698	-0.0033	0.0114	0.2649	0.2649	49053	1411006	0.0335965875351613	T	C	FALSE	0	6.29347591803322e-09	0	0	0	0	0	0
rs9398308	6	112688077	0.9959	1e-04	0.0199	0.0706	0.0706	49053	1411006	0.0335965875351613	T	C	FALSE	0	1.05020100155767e-08	0	0	0	0	0	0
rs9398309	6	112690006	0.9029	0.0024	0.0198	0.0725	0.0725	49053	1411006	0.0335965875351613	A	C	FALSE	0	1.05259159469166e-08	0	0	0	0	0	0
rs9398310	6	112715276	0.2651	0.0345	0.031	0.0338	0.0338	49053	1411006	0.0335965875351613	A	T	FALSE	0	2.97439182304863e-08	0	0	0	0	0	0
rs9398311	6	112720807	0.2768	-0.0299	0.0275	0.963	0.037	49053	1411006	0.0335965875351613	T	C	FALSE	0	2.5808259426431e-08	0	0	0	0	0	0
rs9398313	6	112750999	0.9356	8e-04	0.01	0.4933	0.4933	49580	1411478	0.0339343133537478	T	C	FALSE	0	5.3137026491307e-09	0	0	0	0	0	0
rs9398314	6	112768265	0.7902	0.0027	0.01	0.4794	0.4794	49053	1411006	0.0335965875351613	A	G	FALSE	0	5.49289792769795e-09	0	0	0	0	0	0
rs9398316	6	112867708	0.4406	-0.0078	0.0101	0.5719	0.4281	49053	1411006	0.0335965875351613	A	G	FALSE	0	7.20279850382018e-09	0	0	0	0	0	0
rs9398317	6	112877175	0.4509	-0.0077	0.0102	0.5832	0.4168	49053	1411006	0.0335965875351613	T	G	FALSE	0	7.17819822751028e-09	0	0	0	0	0	0
rs9398318	6	112937551	0.3896	-0.0154	0.0179	0.9153	0.0847	49943	1411643	0.0341704148780845	A	G	FALSE	0	1.36497218282207e-08	0	0	0	0	0	0
rs9398320	6	112971395	0.02461	0.0242	0.0108	0.6875	0.3125	49053	1411006	0.0335965875351613	T	G	FALSE	0	6.98961654924751e-08	0	0	0	0	0	0
rs9398321	6	112998339	0.06295	-0.0277	0.0149	0.1371	0.1371	49053	1411006	0.0335965875351613	A	T	FALSE	0	4.39419121110806e-08	0	0	0	0	0	0
rs9398322	6	113147328	0.3518	-0.045	0.0484	0.9885	0.0115	48667	1410513	0.0333522937540262	A	G	FALSE	0	3.75288787003203e-08	0	0	0	0	0	0
rs9398323	6	113164125	0.6107	0.0079	0.0156	0.1436	0.1436	49053	1411006	0.0335965875351613	A	C	FALSE	0	9.36939582015997e-09	0	0	0	0	0	0
rs9398325	6	113241431	0.8087	0.0032	0.0132	0.1849	0.1849	49053	1411006	0.0335965875351613	C	G	FALSE	0	7.19266019103909e-09	3	1	0	0	0	0
rs9400431	6	111278480	0.1839	0.0457	0.0344	0.0244	0.0244	49928	1411453	0.03416494398107	T	C	FALSE	0	4.2365063422323e-08	0	0	0	0	0	0
rs9400432	6	111285885	0.3551	-0.0112	0.0121	0.8201	0.1799	56306	1417791	0.0381969436203995	C	G	FALSE	0	9.81549876607612e-09	0	0	0	0	0	0
rs9400433	6	111286104	0.3539	0.0113	0.0122	0.1792	0.1792	56306	1417791	0.0381969436203995	T	C	FALSE	0	9.90163073740274e-09	0	0	0	0	0	0
rs9400434	6	111287854	0.3575	0.0112	0.0121	0.1799	0.1799	56306	1417791	0.0381969436203995	C	G	FALSE	0	9.81549876607612e-09	0	0	0	0	0	0
rs9400435	6	111288020	0.3579	0.0112	0.0121	0.1799	0.1799	56306	1417791	0.0381969436203995	A	G	FALSE	0	9.81549876607612e-09	0	0	0	0	0	0
rs9400436	6	111292494	0.3686	0.0109	0.0122	0.1793	0.1793	56306	1417791	0.0381969436203995	A	G	FALSE	0	9.6116832367299e-09	0	0	0	0	0	0
rs9400437	6	111292632	0.3561	0.0112	0.0121	0.18	0.18	56306	1417791	0.0381969436203995	A	G	FALSE	0	9.81549876607612e-09	0	0	0	0	0	0
rs9400438	6	111292801	0.3564	0.0112	0.0121	0.18	0.18	56306	1417791	0.0381969436203995	T	C	FALSE	0	9.81549876607612e-09	0	0	0	0	0	0
rs9400439	6	111293106	0.3676	0.011	0.0122	0.1803	0.1803	56306	1417791	0.0381969436203995	A	T	FALSE	0	9.68239203818217e-09	0	0	0	0	0	0
rs9400441	6	111297003	0.3692	0.0109	0.0121	0.1807	0.1807	56306	1417791	0.0381969436203995	T	C	FALSE	0	9.59654674666209e-09	0	0	0	0	0	0
rs9400442	6	111298225	0.3634	-0.0113	0.0124	0.8253	0.1747	56306	1417791	0.0381969436203995	A	G	FALSE	0	9.92615693043628e-09	0	0	0	0	0	0
rs9400443	6	111299277	0.3518	-0.0113	0.0121	0.82	0.18	56306	1417791	0.0381969436203995	A	C	FALSE	0	9.89093342725042e-09	0	0	0	0	0	0
rs9400447	6	111316362	0.195	0.042	0.0324	0.0257	0.0257	49928	1411453	0.03416494398107	T	C	FALSE	0	3.84620406417824e-08	0	0	0	0	0	0
rs9400448	6	111322421	0.2513	0.02	0.0174	0.0866	0.0866	56306	1417791	0.0381969436203995	T	C	FALSE	0	1.77092478388195e-08	0	0	0	0	0	0
rs9400449	6	111322513	0.2419	0.0201	0.0172	0.0878	0.0878	56306	1417791	0.0381969436203995	A	C	FALSE	0	1.78998185447734e-08	0	0	0	0	0	0
rs9400450	6	111324807	0.0813	-0.0267	0.0153	0.8824	0.1176	56306	1417791	0.0381969436203995	T	C	FALSE	0	3.6764023845038e-08	0	0	0	0	0	0
rs9400451	6	111325138	0.03117	-0.0404	0.0188	0.8796	0.1204	42598	1322509	0.0312048799105125	T	C	FALSE	0	9.79011715335955e-08	0	0	0	0	0	0
rs9400452	6	111325236	0.09177	-0.0262	0.0155	0.8841	0.1159	56306	1417791	0.0381969436203995	A	G	FALSE	0	3.39087143148098e-08	0	0	0	0	0	0
rs9400453	6	111327087	0.1285	-0.0488	0.0321	0.973	0.027	49053	1411006	0.0335965875351613	T	G	FALSE	0	5.18553258112452e-08	0	0	0	0	0	0
rs9400454	6	111335077	0.0643	-0.0312	0.0169	0.8891	0.1109	56306	1417791	0.0381969436203995	A	T	FALSE	0	4.85006246674595e-08	0	0	0	0	0	0
rs9400457	6	111348084	0.4984	-0.0076	0.0113	0.2958	0.2958	49053	1411006	0.0335965875351613	T	G	FALSE	0	7.49639635709556e-09	0	0	0	0	0	0
rs9400460	6	111361784	0.6432	0.0083	0.0179	0.0924	0.0924	49053	1411006	0.0335965875351613	A	G	FALSE	0	1.05193915213317e-08	0	0	0	0	0	0
rs9400461	6	111361944	0.6889	0.0046	0.0115	0.2365	0.2365	56306	1417791	0.0381969436203995	A	G	FALSE	0	6.59421813941042e-09	0	0	0	0	0	0
rs9400463	6	111391708	0.3826	0.0264	0.0303	0.9447	0.0553	49053	1411006	0.0335965875351613	A	T	FALSE	0	2.30258069535845e-08	0	0	0	0	0	0
rs9400465	6	111417111	0.02786	0.0241	0.0109	0.3232	0.3232	56306	1417791	0.0381969436203995	C	G	FALSE	0	6.60282210460423e-08	0	0	0	0	0	0
rs9400467	6	111424015	0.1817	-0.014	0.0105	0.6942	0.3058	56306	1417791	0.0381969436203995	T	C	FALSE	0	1.34934565487623e-08	0	0	0	0	0	0
rs9400468	6	111459969	0.5519	0.0082	0.0137	0.8549	0.1451	56306	1417791	0.0381969436203995	A	C	FALSE	0	8.6633717153348e-09	0	0	0	0	0	0
rs9400470	6	111478131	0.08699	0.0166	0.0097	0.4503	0.4503	56306	1417791	0.0381969436203995	T	C	FALSE	0	2.21451296593932e-08	0	0	0	0	0	0
rs9400476	6	111784375	0.1912	-0.016	0.0122	0.18	0.18	56306	1417791	0.0381969436203995	T	C	FALSE	0	1.52127647223335e-08	0	0	0	0	0	0
rs9400477	6	111790643	0.3651	-0.0171	0.0188	0.0677	0.0677	56306	1417791	0.0381969436203995	T	C	FALSE	0	1.4958178938741e-08	0	0	0	0	0	0
rs9400478	6	111799644	0.3648	0.0171	0.0189	0.9324	0.0676	56306	1417791	0.0381969436203995	T	C	FALSE	0	1.49715407061446e-08	0	0	0	0	0	0
rs9400479	6	111826959	0.1343	0.0184	0.0123	0.8213	0.1787	56306	1417791	0.0381969436203995	T	G	FALSE	0	1.98492568671606e-08	0	0	0	0	0	0
rs9400480	6	111850597	0.1101	-0.019	0.0119	0.1936	0.1936	56306	1417791	0.0381969436203995	C	G	FALSE	0	2.24359040485073e-08	0	0	0	0	0	0
rs9400481	6	111850742	0.2065	-0.0156	0.0123	0.1754	0.1754	56306	1417791	0.0381969436203995	T	C	FALSE	0	1.4508352942609e-08	0	0	0	0	0	0
rs9400482	6	111854785	0.004626	-0.0418	0.0148	0.8567	0.1433	56306	1417791	0.0381969436203995	A	T	FALSE	0	4.13368422165794e-07	0	0	0	0	0	0
rs9400483	6	111856276	0.056	-0.0219	0.0115	0.2104	0.2104	56306	1417791	0.0381969436203995	T	C	FALSE	0	3.71050027822611e-08	0	0	0	0	0	0
rs9400484	6	111949779	0.1679	0.022	0.0159	0.897	0.103	56306	1417791	0.0381969436203995	A	G	FALSE	0	2.17618352372143e-08	0	0	0	0	0	0
rs9400489	6	111986794	0.131	0.037	0.0245	0.959	0.041	56306	1417791	0.0381969436203995	T	G	FALSE	0	3.96656126121342e-08	0	0	0	0	0	0
rs9400490	6	111987688	0.1296	0.0371	0.0245	0.959	0.041	56306	1417791	0.0381969436203995	T	C	FALSE	0	3.99075609663247e-08	0	0	0	0	0	0
rs9400491	6	111994594	0.1138	0.0393	0.0249	0.9594	0.0406	56306	1417791	0.0381969436203995	A	G	FALSE	0	4.46771535900164e-08	0	0	0	0	0	0
rs9400492	6	111996251	0.6858	-0.0039	0.0097	0.453	0.453	56306	1417791	0.0381969436203995	T	G	FALSE	0	5.56974096502673e-09	0	0	0	0	0	0
rs9400493	6	112020010	9.499e-06	-0.1235	0.0279	0.0348	0.0348	56306	1417791	0.0381969436203995	A	G	FALSE	0	0.00021855450365568	0	0	0	0	0	0
rs9400494	6	112034777	0.5847	0.0126	0.023	0.9538	0.0462	56306	1417791	0.0381969436203995	T	C	FALSE	0	1.40522621422415e-08	0	0	0	0	0	0
rs9400495	6	112048950	5.881e-05	-0.0989	0.0246	0.0429	0.0429	56306	1417791	0.0381969436203995	T	C	FALSE	0	3.71256445279488e-05	0	0	0	0	0	0
rs9400496	6	112076512	0.05891	-0.0459	0.0243	0.0644	0.0644	42598	1322509	0.0312048799105125	A	C	FALSE	0	7.42106740730191e-08	0	0	0	0	0	0
rs9400497	6	112077650	0.03707	0.0257	0.0123	0.4385	0.4385	42598	1322509	0.0312048799105125	A	C	FALSE	0	5.72889429078719e-08	0	0	0	0	0	0
rs9400504	6	112106292	0.2056	0.0124	0.0098	0.4377	0.4377	56306	1417791	0.0381969436203995	T	C	FALSE	0	1.153661553414e-08	0	0	0	0	0	0
rs9400505	6	112110528	1.611e-07	0.071	0.0135	0.8552	0.1448	56306	1417791	0.0381969436203995	T	C	FALSE	0	0.00680626607847669	0	0	0	0	0	1.5359e-289
rs9400506	6	112112589	0.01319	-0.0528	0.0213	0.0541	0.0541	56306	1417791	0.0381969436203995	T	C	FALSE	0	2.34340966260228e-07	0	0	0	0	0	0
rs9400507	6	112117396	0.08213	0.041	0.0236	0.9579	0.0421	56306	1417791	0.0381969436203995	C	G	FALSE	0	5.50616819135296e-08	0	0	0	0	0	0
rs9400509	6	112151056	0.0655	0.0407	0.0221	0.9504	0.0496	56306	1417791	0.0381969436203995	T	C	FALSE	0	6.22159834985181e-08	0	0	0	0	0	0
rs9400510	6	112152388	0.0573	-0.0472	0.0248	0.038	0.038	56306	1417791	0.0381969436203995	C	G	FALSE	0	7.76865637883512e-08	0	0	0	0	0	0
rs9400511	6	112170686	0.1103	0.0437	0.0274	0.9663	0.0337	56306	1417791	0.0381969436203995	A	G	FALSE	0	5.01697492841384e-08	0	0	0	0	0	0
rs9400512	6	112211802	1.052e-05	-0.048	0.0109	0.2459	0.2459	56306	1417791	0.0381969436203995	T	C	FALSE	0	9.1169792131851e-05	0	0	0	0	0	0
rs9400513	6	112231232	1.764e-07	0.0599	0.0115	0.7822	0.2178	56306	1417791	0.0381969436203995	A	C	FALSE	0	0.00453352220727777	0	0	0	0	1	1
rs9400515	6	112250110	3.925e-09	0.07	0.0119	0.8008	0.1992	56306	1417791	0.0381969436203995	A	C	FALSE	0	0.193451183222595	0	0	0	0	0	0
rs9400516	6	112252363	0.01715	0.0482	0.0202	0.9393	0.0607	56306	1417791	0.0381969436203995	A	G	FALSE	0	1.78475199590493e-07	0	0	0	0	0	0
rs9400527	6	112621250	0.7576	0.0042	0.0136	0.1663	0.1663	49053	1411006	0.0335965875351613	T	C	FALSE	0	7.54579035978431e-09	0	0	0	0	0	0
rs9400529	6	112653584	0.975	4e-04	0.0136	0.1718	0.1718	49053	1411006	0.0335965875351613	A	G	FALSE	0	7.19908456090822e-09	0	0	0	0	0	0
rs9400530	6	112655357	0.9459	-9e-04	0.0136	0.8286	0.1714	49053	1411006	0.0335965875351613	T	C	FALSE	0	7.21168713114646e-09	0	0	0	0	0	0
rs9400531	6	112656072	0.9673	6e-04	0.0136	0.1716	0.1716	49053	1411006	0.0335965875351613	C	G	FALSE	0	7.20295992736766e-09	0	0	0	0	0	0
rs9400532	6	112661482	0.02887	-0.0289	0.0132	0.2046	0.2046	49053	1411006	0.0335965875351613	C	G	FALSE	0	7.5954299892311e-08	0	0	0	0	0	0
rs9400533	6	112661679	0.879	-0.0024	0.016	0.1192	0.1192	49053	1411006	0.0335965875351613	A	G	FALSE	0	8.55347466042512e-09	0	0	0	0	0	0
rs9400534	6	112661761	0.8865	-0.0022	0.0157	0.1212	0.1212	49053	1411006	0.0335965875351613	A	G	FALSE	0	8.38217118064197e-09	0	0	0	0	0	0
rs9400536	6	112678568	0.9127	0.0022	0.0199	0.9298	0.0702	49053	1411006	0.0335965875351613	T	G	FALSE	0	1.05656187631353e-08	0	0	0	0	0	0
rs9400537	6	112679304	0.9423	-0.0014	0.0198	0.0708	0.0708	49053	1411006	0.0335965875351613	A	G	FALSE	0	1.04755188452524e-08	0	0	0	0	0	0
rs9400538	6	112680420	0.9237	-0.0019	0.0198	0.0706	0.0706	49053	1411006	0.0335965875351613	A	G	FALSE	0	1.04973720893682e-08	0	0	0	0	0	0
rs9400540	6	112711916	0.2281	-0.0329	0.0273	0.963	0.037	49053	1411006	0.0335965875351613	T	C	FALSE	0	2.92623257129244e-08	0	0	0	0	0	0
rs9400541	6	112713964	0.2228	0.0332	0.0273	0.037	0.037	49053	1411006	0.0335965875351613	T	C	FALSE	0	2.9647004215418e-08	0	0	0	0	0	0
rs9400543	6	112718006	0.1736	0.0382	0.0281	0.0366	0.0366	47884	1410038	0.032844006743845	C	G	FALSE	0	3.65212473620779e-08	0	0	0	0	0	0
rs9400544	6	112718471	0.2049	-0.0352	0.0278	0.963	0.037	47884	1410038	0.032844006743845	A	T	FALSE	0	3.2061254386069e-08	0	0	0	0	0	0
rs9400545	6	112719034	0.4876	-0.0214	0.0308	0.969	0.031	49053	1411006	0.0335965875351613	T	C	FALSE	0	2.04368691527349e-08	0	0	0	0	0	0
rs9400550	6	112768563	0.8119	0.0024	0.01	0.4804	0.4804	49053	1411006	0.0335965875351613	A	G	FALSE	0	5.45114157064194e-09	0	0	0	0	0	0
rs9400553	6	112782154	0.6905	0.004	0.0101	0.4958	0.4958	49053	1411006	0.0335965875351613	T	G	FALSE	0	5.78487256299953e-09	0	0	0	0	0	0
rs9400556	6	112874204	0.5345	0.0064	0.0102	0.4252	0.4252	49053	1411006	0.0335965875351613	C	G	FALSE	0	6.57441644239364e-09	0	0	0	0	0	0
rs9400558	6	112879494	0.4607	-0.0075	0.0101	0.5826	0.4174	49053	1411006	0.0335965875351613	A	G	FALSE	0	7.04296373248653e-09	0	0	0	0	0	0
rs9400560	6	112940454	0.01171	-0.0255	0.0101	0.6947	0.3053	56306	1417791	0.0381969436203995	C	G	FALSE	0	1.2852227305546e-07	0	0	0	0	0	0
rs9400563	6	112958326	0.6927	0.0055	0.014	0.7033	0.2967	35345	1315724	0.0261607660304544	A	T	FALSE	0	7.99779289509007e-09	0	0	0	0	0	0
rs9400569	6	113042823	0.6784	0.0051	0.0124	0.2069	0.2069	56306	1417791	0.0381969436203995	T	G	FALSE	0	7.14058252224862e-09	0	0	0	0	0	0
rs9400570	6	113049803	0.1754	0.014	0.0103	0.6751	0.3249	56306	1417791	0.0381969436203995	A	G	FALSE	0	1.37066376337016e-08	0	0	0	0	0	0
rs9400572	6	113126035	0.01964	0.0365	0.0156	0.8784	0.1216	49053	1411006	0.0335965875351613	A	T	FALSE	0	1.25291868087102e-07	0	0	0	0	0	0
rs9400573	6	113130700	0.2046	-0.0213	0.0168	0.8825	0.1175	49053	1411006	0.0335965875351613	A	G	FALSE	0	1.97217673857827e-08	0	0	0	0	0	0
rs9400575	6	113147281	0.9657	-0.0014	0.0332	0.0335	0.0335	49053	1411006	0.0335965875351613	T	G	FALSE	0	1.73845827525093e-08	0	0	0	0	0	0
rs9400576	6	113217970	0.8963	-0.0017	0.0132	0.8175	0.1825	49053	1411006	0.0335965875351613	A	C	FALSE	0	7.04318841065655e-09	0	0	0	0	0	0
rs9400578	6	113230581	0.8574	-0.0024	0.0132	0.8184	0.1816	49053	1411006	0.0335965875351613	A	G	FALSE	0	7.10118033243544e-09	0	0	0	0	0	0
rs9400581	6	113241531	0.8311	-0.0028	0.0132	0.8149	0.1851	49053	1411006	0.0335965875351613	T	C	FALSE	0	7.14350752477423e-09	1	1	0	0	0	0
rs941158	6	111966673	0.04019	-0.0414	0.0202	0.0679	0.0679	56306	1417791	0.0381969436203995	T	C	FALSE	0	8.52335619760047e-08	0	0	0	0	0	0
rs943436	6	112242154	1.012e-05	0.0705	0.016	0.9028	0.0972	56306	1417791	0.0381969436203995	T	C	FALSE	0	0.000130737350718562	0	0	0	0	0	0
rs943437	6	112242253	1.827e-08	0.0786	0.014	0.8674	0.1326	56306	1417791	0.0381969436203995	A	G	FALSE	0	0.0479479988883296	0	0	0	0	0	0
rs946784	6	112946586	0.7382	0.006	0.018	0.1108	0.1108	49053	1411006	0.0335965875351613	A	T	FALSE	0	1.00463306704952e-08	0	0	0	0	0	0
rs947551	6	113170874	0.3622	-0.012	0.0132	0.8186	0.1814	49053	1411006	0.0335965875351613	A	G	FALSE	0	1.05406026999113e-08	0	0	0	0	0	0
rs947552	6	113171058	0.3546	-0.0121	0.0131	0.8161	0.1839	49053	1411006	0.0335965875351613	A	G	FALSE	0	1.06014131562701e-08	0	0	0	0	0	0
rs947713	6	112781489	0.7127	0.0037	0.0101	0.4782	0.4782	49053	1411006	0.0335965875351613	T	C	FALSE	0	5.71990795634041e-09	0	0	0	0	0	0
rs947715	6	112782357	0.6915	-0.004	0.0101	0.5062	0.4938	49053	1411006	0.0335965875351613	T	G	FALSE	0	5.78487256299953e-09	0	0	0	0	0	0
rs947716	6	112782436	0.6842	-0.0041	0.0101	0.506	0.494	49053	1411006	0.0335965875351613	A	G	FALSE	0	5.80782665567348e-09	0	0	0	0	0	0
rs947717	6	112626176	0.8356	0.0022	0.0106	0.3377	0.3377	49053	1411006	0.0335965875351613	A	G	FALSE	0	5.7355822443776e-09	0	0	0	0	0	0
rs9481132	6	111291264	0.259	-0.0267	0.0236	0.958	0.042	56306	1417791	0.0381969436203995	A	C	FALSE	0	2.33661250300933e-08	0	0	0	0	0	0
rs9481134	6	111314740	0.2736	-0.0187	0.0171	0.9116	0.0884	56306	1417791	0.0381969436203995	A	G	FALSE	0	1.635939114401e-08	0	0	0	0	0	0
rs9481135	6	111314917	0.2737	-0.0187	0.0171	0.9116	0.0884	56306	1417791	0.0381969436203995	A	C	FALSE	0	1.635939114401e-08	0	0	0	0	0	0
rs9481140	6	111394511	0.5595	0.0106	0.0182	0.0939	0.0939	49928	1411453	0.03416494398107	A	G	FALSE	0	1.1373322891497e-08	0	0	0	0	0	0
rs9481155	6	111829239	0.00126	0.0419	0.013	0.1538	0.1538	56306	1417791	0.0381969436203995	A	G	FALSE	0	1.21301121368412e-06	0	0	0	0	0	0
rs9481159	6	111835641	0.33	-0.0343	0.0352	0.0189	0.0189	56306	1417791	0.0381969436203995	C	G	FALSE	0	2.91381334900274e-08	0	0	0	0	0	0
rs9481160	6	111838520	0.1475	-0.0181	0.0125	0.1737	0.1737	56306	1417791	0.0381969436203995	A	T	FALSE	0	1.87991630501729e-08	0	0	0	0	0	0
rs9481161	6	111839466	0.3238	-0.0348	0.0352	0.0189	0.0189	56306	1417791	0.0381969436203995	A	C	FALSE	0	2.95348550188384e-08	0	0	0	0	0	0
rs9481162	6	111850887	0.9927	3e-04	0.0277	0.9694	0.0306	56306	1417791	0.0381969436203995	A	T	FALSE	0	1.45523119674657e-08	0	0	0	0	0	0
rs9481165	6	111892708	0.1198	-0.0413	0.0265	0.0347	0.0347	56306	1417791	0.0381969436203995	T	C	FALSE	0	4.59565391165905e-08	0	0	0	0	0	0
rs9481166	6	111893019	0.127	-0.0405	0.0265	0.0347	0.0347	56306	1417791	0.0381969436203995	T	C	FALSE	0	4.38996760685191e-08	0	0	0	0	0	0
rs9481167	6	111908882	0.09255	0.0212	0.0126	0.8308	0.1692	56306	1417791	0.0381969436203995	A	G	FALSE	0	2.73126662544924e-08	0	0	0	0	0	0
rs9481169	6	111929862	0.5514	-0.01	0.0168	0.091	0.091	56306	1417791	0.0381969436203995	T	G	FALSE	0	1.05860431012778e-08	0	0	0	0	0	0
rs9481170	6	111938156	0.2846	0.0114	0.0107	0.7299	0.2701	56306	1417791	0.0381969436203995	A	C	FALSE	0	9.97932546709149e-09	0	0	0	0	0	0
rs9481171	6	111938278	0.07328	0.0224	0.0125	0.1773	0.1773	56306	1417791	0.0381969436203995	C	G	FALSE	0	3.27506872163955e-08	0	0	0	0	0	0
rs9481174	6	111965269	0.01813	-0.0239	0.0101	0.3338	0.3338	56306	1417791	0.0381969436203995	A	C	FALSE	0	8.73283112372759e-08	0	0	0	0	0	0
rs9481183	6	112019337	1.139e-05	0.1276	0.0291	0.9659	0.0341	56306	1417791	0.0381969436203995	T	C	FALSE	0	0.000187269895017551	0	0	0	0	0	0
rs9481184	6	112026770	5.861e-06	-0.1215	0.0268	0.0358	0.0358	56306	1417791	0.0381969436203995	A	G	FALSE	0	0.000341353492545368	0	0	0	0	0	0
rs9481187	6	112079265	5.363e-05	0.1177	0.0291	0.9694	0.0306	55137	1416823	0.0374582189733417	A	T	FALSE	0	4.59881769421205e-05	0	0	0	0	0	0
rs9481189	6	112113938	2.118e-07	0.0701	0.0135	0.8552	0.1448	56306	1417791	0.0381969436203995	T	C	FALSE	0	0.00481159573917113	0	0	0	0	0	7.60915e-281
rs9481191	6	112124438	1.386e-07	0.0706	0.0134	0.8549	0.1451	56306	1417791	0.0381969436203995	C	G	FALSE	0	0.00710366338911841	0	0	5	1	0	1.24281e-255
rs9481192	6	112130478	6.488e-08	-0.0743	0.0138	0.1455	0.1455	56306	1417791	0.0381969436203995	T	C	FALSE	0	0.0134355526172657	0	0	0	0	0	0
rs9481193	6	112131648	2.427e-05	0.0778	0.0184	0.9272	0.0728	56306	1417791	0.0381969436203995	T	C	FALSE	0	6.87317274091426e-05	0	0	0	0	0	0
rs9481194	6	112146107	0.04565	0.0913	0.0457	0.9879	0.0121	56306	1417791	0.0381969436203995	A	T	FALSE	0	1.57434791135208e-07	0	0	0	0	0	0
rs9481195	6	112153422	0.001836	0.0621	0.0199	0.9383	0.0617	56306	1417791	0.0381969436203995	A	C	FALSE	0	1.3036237881774e-06	0	0	0	0	0	3.35273e-248
rs9481198	6	112192795	7.465e-06	0.0489	0.0109	0.7537	0.2463	56306	1417791	0.0381969436203995	T	C	FALSE	0	0.000131453250645019	0	0	0	0	0	0
rs9481204	6	112230215	1.789e-07	-0.0599	0.0115	0.217	0.217	56306	1417791	0.0381969436203995	A	G	FALSE	0	0.00453352220727777	0	0	0	0	0	0
rs9481205	6	112230352	2.898e-07	0.0596	0.0116	0.7861	0.2139	56306	1417791	0.0381969436203995	T	C	FALSE	0	0.00317240541085801	0	0	0	0	0	0
rs9481206	6	112233412	0.491	0.0129	0.0187	0.8929	0.1071	42598	1322509	0.0312048799105125	A	T	FALSE	0	1.25010023840189e-08	0	0	0	0	0	0
rs9481208	6	112244265	0.0004241	0.1079	0.0306	0.9731	0.0269	56306	1417791	0.0381969436203995	A	G	FALSE	0	6.97323342963925e-06	0	0	0	0	0	0
rs9481210	6	112269371	0.04272	-0.0966	0.0477	0.0126	0.0126	36519	980404	0.0359112735182506	T	C	FALSE	0	1.71279080101433e-07	0	0	0	0	0	0
rs9481213	6	112309597	0.4843	-0.0365	0.0522	0.9875	0.0125	36519	980404	0.0359112735182506	T	C	FALSE	0	3.36753139281916e-08	0	0	0	0	0	0
rs9481215	6	112323095	0.3439	-0.0533	0.0564	0.9899	0.0101	36519	980404	0.0359112735182506	C	G	FALSE	0	4.35373902734083e-08	0	0	0	0	0	0
rs9481216	6	112330889	0.3682	0.0504	0.056	0.0106	0.0106	36519	980404	0.0359112735182506	T	C	FALSE	0	4.16344960979559e-08	0	0	0	0	0	0
rs9481217	6	112331061	0.02788	-0.0502	0.0228	0.0499	0.0499	55137	1416823	0.0374582189733417	C	G	FALSE	0	1.31476671253775e-07	0	0	0	0	0	0
rs9481218	6	112340993	0.01568	-0.0359	0.0149	0.1225	0.1225	55137	1416823	0.0374582189733417	A	G	FALSE	0	1.41305929412901e-07	0	0	0	0	0	0
rs9481223	6	112436821	0.3882	0.0083	0.0096	0.4367	0.4367	55137	1416823	0.0374582189733417	A	G	FALSE	0	7.3836320478391e-09	0	0	0	0	0	0
rs9481231	6	112517932	0.7375	0.0054	0.016	0.8841	0.1159	49286	1410957	0.0337519166330535	T	C	FALSE	0	8.95086413050961e-09	0	0	0	0	0	0
rs9481239	6	112559633	0.3134	0.0293	0.0291	0.9663	0.0337	47884	1410038	0.032844006743845	A	G	FALSE	0	2.50885500890872e-08	0	0	0	0	0	0
rs9481240	6	112559746	0.46	0.0113	0.0153	0.8723	0.1277	48411	1410510	0.0331827425885295	A	C	FALSE	0	1.06105160786716e-08	0	0	0	0	0	0
rs9481241	6	112559796	0.2058	0.0361	0.0285	0.9659	0.0341	47884	1410038	0.032844006743845	T	C	FALSE	0	3.28472883642507e-08	0	0	0	0	0	0
rs9481244	6	112580982	0.05477	-0.0293	0.0153	0.1295	0.1295	47884	1410038	0.032844006743845	T	C	FALSE	0	5.0084012341067e-08	0	0	0	0	0	0
rs9481245	6	112581415	0.299	0.0294	0.0283	0.9656	0.0344	47884	1410038	0.032844006743845	A	G	FALSE	0	2.52226412290841e-08	0	0	0	0	0	0
rs9481246	6	112589510	0.1711	0.0137	0.01	0.467	0.467	50455	1411925	0.0345019762305283	A	G	FALSE	0	1.35069800879965e-08	0	0	0	0	0	0
rs9481248	6	112590494	0.1707	0.0137	0.01	0.4661	0.4661	50455	1411925	0.0345019762305283	A	G	FALSE	0	1.35069800879965e-08	0	0	0	0	0	0
rs9481253	6	112646353	0.1505	0.0183	0.0127	0.804	0.196	49053	1411006	0.0335965875351613	A	G	FALSE	0	1.89034019300012e-08	0	0	0	0	0	0
rs9481254	6	112648077	0.3736	0.0111	0.0124	0.7873	0.2127	49053	1411006	0.0335965875351613	A	G	FALSE	0	9.78314507313e-09	0	0	0	0	0	0
rs9481255	6	112696120	0.2808	-0.0295	0.0273	0.9627	0.0373	49053	1411006	0.0335965875351613	A	G	FALSE	0	2.54463041215924e-08	0	0	0	0	0	0
rs9481258	6	112718545	0.2285	-0.0329	0.0273	0.963	0.037	49053	1411006	0.0335965875351613	T	G	FALSE	0	2.92623257129244e-08	0	0	0	0	0	0
rs9481259	6	112733774	0.9702	-4e-04	0.0103	0.4137	0.4137	49053	1411006	0.0335965875351613	A	G	FALSE	0	5.45936140734933e-09	0	0	0	0	0	0
rs9481261	6	112743881	0.8502	0.0019	0.0101	0.4917	0.4917	50092	1411760	0.0342661226991515	A	G	FALSE	0	5.44485688508819e-09	0	0	0	0	0	0
rs9481263	6	112759604	0.9469	-7e-04	0.01	0.5086	0.4914	49580	1411478	0.0339343133537478	A	G	FALSE	0	5.3097287971541e-09	0	0	0	0	0	0
rs9481267	6	112963327	0.5618	0.0075	0.013	0.8018	0.1982	49053	1411006	0.0335965875351613	A	G	FALSE	0	8.1199295329983e-09	0	0	0	0	0	0
rs9481271	6	113003154	0.2071	-0.0131	0.0103	0.3256	0.3256	56306	1417791	0.0381969436203995	A	G	FALSE	0	1.22219646204828e-08	0	0	0	0	0	0
rs9481280	6	113084606	0.01684	-0.0371	0.0155	0.1193	0.1193	49053	1411006	0.0335965875351613	T	C	FALSE	0	1.41321952072352e-07	0	0	0	0	0	0
rs9481288	6	113170745	0.3717	-0.0117	0.0131	0.8157	0.1843	49053	1411006	0.0335965875351613	A	G	FALSE	0	1.03126210436414e-08	0	0	0	0	0	0
rs9481290	6	113172342	0.3865	-0.0113	0.013	0.815	0.185	49053	1411006	0.0335965875351613	T	C	FALSE	0	1.00221052635554e-08	0	0	0	0	0	0
rs9481291	6	113172552	0.246	-0.0148	0.0127	0.8038	0.1962	49053	1411006	0.0335965875351613	A	G	FALSE	0	1.32189114930687e-08	0	0	0	0	0	0
rs9481292	6	113172601	0.2483	0.0146	0.0126	0.1974	0.1974	49053	1411006	0.0335965875351613	A	G	FALSE	0	1.30156214046566e-08	0	0	0	0	0	0
rs9481293	6	113177202	0.375	-0.0115	0.013	0.8155	0.1845	49053	1411006	0.0335965875351613	T	C	FALSE	0	1.01576543436048e-08	0	0	0	0	0	0
rs9481295	6	113178873	0.3916	0.011	0.0129	0.1856	0.1856	49053	1411006	0.0335965875351613	T	C	FALSE	0	9.80571487920854e-09	0	0	0	0	0	0
rs9481297	6	113190765	0.2455	-0.0146	0.0126	0.803	0.197	49053	1411006	0.0335965875351613	T	C	FALSE	0	1.30156214046566e-08	0	0	0	0	0	0
rs9487557	6	111252916	0.4754	0.0161	0.0225	0.0533	0.0533	49580	1411478	0.0339343133537478	A	G	FALSE	0	1.52685836066663e-08	0	0	0	0	0	0
rs9487558	6	111253528	0.483	0.0158	0.0225	0.0534	0.0534	49580	1411478	0.0339343133537478	T	C	FALSE	0	1.51267339155559e-08	0	0	0	0	0	0
rs9487566	6	111291435	0.308	0.0239	0.0234	0.0427	0.0427	56306	1417791	0.0381969436203995	A	G	FALSE	0	2.06197688032658e-08	0	0	0	0	0	0
rs9487567	6	111308014	0.1212	-0.0165	0.0107	0.7299	0.2701	56306	1417791	0.0381969436203995	C	G	FALSE	0	1.85440676401722e-08	0	0	0	0	0	0
rs9487568	6	111312817	0.2624	0.0189	0.0168	0.0919	0.0919	56306	1417791	0.0381969436203995	A	G	FALSE	0	1.66432071120906e-08	0	0	0	0	0	0
rs9487570	6	111319376	0.2585	0.0193	0.0171	0.0883	0.0883	56306	1417791	0.0381969436203995	A	G	FALSE	0	1.70049680130107e-08	0	0	0	0	0	0
rs9487571	6	111319586	0.2561	-0.0194	0.0171	0.9117	0.0883000000000001	56306	1417791	0.0381969436203995	C	G	FALSE	0	1.71170481419949e-08	0	0	0	0	0	0
rs9487572	6	111319734	0.1115	-0.0435	0.0274	0.9623	0.0377	56306	1417791	0.0381969436203995	A	G	FALSE	0	4.96010165257719e-08	0	0	0	0	0	0
rs9487582	6	111403710	0.1352	0.0486	0.0325	0.0346	0.0346	50092	1411760	0.0342661226991515	T	C	FALSE	0	5.05665930654835e-08	0	0	0	0	0	0
rs9487584	6	111414097	0.08236	-0.0185	0.0107	0.6789	0.3211	56306	1417791	0.0381969436203995	A	G	FALSE	0	2.51530958992967e-08	0	0	0	0	0	0
rs9487589	6	111458641	0.7926	0.0028	0.0108	0.7124	0.2876	56306	1417791	0.0381969436203995	T	C	FALSE	0	5.91422484172977e-09	0	0	0	0	0	0
rs9487597	6	111529626	0.6623	-0.006	0.0138	0.8571	0.1429	56306	1417791	0.0381969436203995	C	G	FALSE	0	8.02148886392313e-09	0	0	0	0	0	0
rs9487602	6	111560946	0.2502	0.0111	0.0096	0.4291	0.4291	56306	1417791	0.0381969436203995	A	G	FALSE	0	9.90751031172909e-09	0	0	0	0	0	0
rs9487605	6	111582885	0.3136	-0.0107	0.0106	0.2838	0.2838	56306	1417791	0.0381969436203995	A	G	FALSE	0	9.33026141017019e-09	0	0	0	0	0	0
rs9487616	6	111641450	0.4785	0.0242	0.0341	0.9803	0.0197000000000001	56306	1417791	0.0381969436203995	T	C	FALSE	0	2.27698446080489e-08	0	0	0	0	0	0
rs9487626	6	111716868	0.01988	0.0346	0.0149	0.8158	0.1842	42598	1322509	0.0312048799105125	T	C	FALSE	0	1.15083382690518e-07	0	0	0	0	0	0
rs9487627	6	111730049	0.1223	-0.0188	0.0122	0.1822	0.1822	56306	1417791	0.0381969436203995	A	G	FALSE	0	2.10784825904694e-08	0	0	0	0	0	0
rs9487632	6	111739173	0.04444	0.0249	0.0124	0.8147	0.1853	56306	1417791	0.0381969436203995	T	C	FALSE	0	4.89098827321181e-08	0	0	0	0	0	0
rs9487639	6	111747994	0.1284	0.0183	0.0121	0.816	0.184	56306	1417791	0.0381969436203995	A	G	FALSE	0	2.00181609159847e-08	0	0	0	0	0	0
rs9487643	6	111754314	0.6779	0.0065	0.0156	0.8865	0.1135	56306	1417791	0.0381969436203995	A	G	FALSE	0	8.99149357170385e-09	0	0	0	0	0	0
rs9487653	6	111822689	0.03599	0.0236	0.0112	0.222	0.222	56306	1417791	0.0381969436203995	A	G	FALSE	0	5.42278016972608e-08	0	0	0	0	0	0
rs9487666	6	111869024	0.3769	0.0083	0.0094	0.4382	0.4382	56306	1417791	0.0381969436203995	A	C	FALSE	0	7.34730155342474e-09	0	0	0	0	0	0
rs9487668	6	111874669	0.03801	-0.0255	0.0123	0.1803	0.1803	56306	1417791	0.0381969436203995	A	G	FALSE	0	5.53896561764851e-08	0	0	0	0	0	0
rs9487669	6	111880086	0.7876	0.008	0.0298	0.9733	0.0266999999999999	56306	1417791	0.0381969436203995	A	G	FALSE	0	1.61923891358115e-08	0	0	0	0	0	0
rs9487670	6	111892257	0.6344	0.0149	0.0312	0.9746	0.0254	56306	1417791	0.0381969436203995	A	G	FALSE	0	1.8274023210088e-08	0	0	0	0	0	0
rs9487671	6	111899539	0.7379	-0.0076	0.0228	0.9542	0.0458	56306	1417791	0.0381969436203995	T	C	FALSE	0	1.26911821415732e-08	0	0	0	0	0	0
rs9487674	6	111909722	0.6428	0.007	0.0152	0.8906	0.1094	56306	1417791	0.0381969436203995	T	C	FALSE	0	8.93172204484959e-09	0	0	0	0	0	0
rs9487678	6	111919262	0.8469	0.0033	0.017	0.0839	0.0839	56306	1417791	0.0381969436203995	C	G	FALSE	0	9.15298202340212e-09	0	0	0	0	0	0
rs9487679	6	111926334	0.7697	-0.0037	0.0126	0.8245	0.1755	42598	1322509	0.0312048799105125	T	C	FALSE	0	6.96168403702884e-09	0	0	0	0	0	0
rs9487680	6	111926848	0.8267	-0.0034	0.0156	0.8969	0.1031	56306	1417791	0.0381969436203995	T	G	FALSE	0	8.44526173862759e-09	0	0	0	0	0	0
rs9487681	6	111927662	0.9322	-0.0013	0.0155	0.1049	0.1049	56306	1417791	0.0381969436203995	A	G	FALSE	0	8.22437469857357e-09	0	0	0	0	0	0
rs9487682	6	111929547	0.9311	0.0013	0.0156	0.1055	0.1055	56306	1417791	0.0381969436203995	A	T	FALSE	0	8.27674332196894e-09	0	0	0	0	0	0
rs9487685	6	111936578	0.5107	0.0089	0.0135	0.1458	0.1458	56306	1417791	0.0381969436203995	T	C	FALSE	0	8.868473660394e-09	0	0	0	0	0	0
rs9487692	6	111962898	0.03347	0.0225	0.0106	0.6819	0.3181	56306	1417791	0.0381969436203995	T	G	FALSE	0	5.30749346624812e-08	0	0	0	0	0	0
rs9487704	6	111989762	0.5442	-0.0198	0.0326	0.0236	0.0236	56306	1417791	0.0381969436203995	A	G	FALSE	0	2.04223936549449e-08	0	0	0	0	0	0
rs9487709	6	112026400	4.17e-06	0.1201	0.0261	0.963	0.037	56306	1417791	0.0381969436203995	T	C	FALSE	0	0.00045544129086909	0	0	0	0	0	0
rs9487710	6	112029709	5.467e-06	0.1184	0.026	0.9632	0.0368000000000001	56306	1417791	0.0381969436203995	T	C	FALSE	0	0.000366559071217965	0	0	0	0	0	0
rs9487712	6	112054274	2.351e-05	0.1072	0.0254	0.9607	0.0393	56306	1417791	0.0381969436203995	T	C	FALSE	0	8.55909789866451e-05	0	0	0	0	0	0
rs9487713	6	112063543	0.1916	0.0282	0.0216	0.9475	0.0525	56306	1417791	0.0381969436203995	A	G	FALSE	0	2.64449984270238e-08	0	0	0	0	0	0
rs9487714	6	112099797	0.8891	-0.0013	0.0097	0.4883	0.4883	56306	1417791	0.0381969436203995	A	C	FALSE	0	5.18448777014058e-09	0	0	0	0	0	0
rs9487716	6	112111949	0.02451	0.106	0.0471	0.9876	0.0124	56306	1417791	0.0381969436203995	T	C	FALSE	0	2.67847892153903e-07	0	0	0	0	0	0
rs9487717	6	112113958	9.282e-06	-0.0762	0.0172	0.0847	0.0847	56306	1417791	0.0381969436203995	T	C	FALSE	0	0.000154572393617288	0	0	0	0	0	0
rs9487718	6	112114151	9.828e-06	-0.0762	0.0172	0.0846	0.0846	56306	1417791	0.0381969436203995	A	G	FALSE	0	0.000154572393617288	0	0	0	0	0	0
rs9487722	6	112121766	1.167e-07	-0.071	0.0134	0.146	0.146	56306	1417791	0.0381969436203995	T	C	FALSE	0	0.00831137163518448	0	0	8	1	0	0
rs9487723	6	112124440	6.205e-08	-0.0744	0.0138	0.1455	0.1455	56306	1417791	0.0381969436203995	T	C	FALSE	0	0.0139678819480216	0	0	10	1	0	0
rs9487724	6	112125453	8.717e-07	0.0789	0.016	0.903	0.097	56306	1417791	0.0381969436203995	C	G	FALSE	0	0.00149323003683373	0	0	0	0	0	4.52049e-251
rs9487727	6	112149486	6.431e-06	-0.0776	0.0172	0.0846	0.0846	56306	1417791	0.0381969436203995	A	T	FALSE	0	0.00022182831787661	0	0	0	0	0	0
rs9487729	6	112151975	2.671e-07	-0.0621	0.0121	0.1982	0.1982	56306	1417791	0.0381969436203995	A	T	FALSE	0	0.00320111311899134	0	0	0	0	0	0
rs9487730	6	112152973	0.4397	-0.0177	0.0229	0.9541	0.0459000000000001	56306	1417791	0.0381969436203995	A	T	FALSE	0	1.62034838336887e-08	0	0	0	0	0	0
rs9487731	6	112154848	1.377e-06	0.0591	0.0122	0.8148	0.1852	56306	1417791	0.0381969436203995	T	C	FALSE	0	0.000770873406581753	0	0	0	0	0	0
rs9487732	6	112158134	0.001675	-0.0627	0.02	0.0615	0.0615	56306	1417791	0.0381969436203995	A	G	FALSE	0	1.36919087987354e-06	0	0	0	0	0	0
rs9487733	6	112158215	1.246e-06	0.0592	0.0122	0.8143	0.1857	56306	1417791	0.0381969436203995	A	G	FALSE	0	0.000802007132003717	0	0	3	1	1	1
rs9487734	6	112158459	0.4339	-0.0179	0.0228	0.9542	0.0458	56306	1417791	0.0381969436203995	C	G	FALSE	0	1.62857783937947e-08	0	0	0	0	0	0
rs9487735	6	112165576	0.000903	0.0656	0.0198	0.937	0.0629999999999999	56306	1417791	0.0381969436203995	T	C	FALSE	0	2.39638147770252e-06	0	0	0	0	0	1.04697e-149
rs9487736	6	112168309	3.671e-09	-0.08	0.0136	0.1443	0.1443	56306	1417791	0.0381969436203995	A	G	FALSE	0	0.216896235150309	0	0	4	1	1	1
rs9487737	6	112175517	0.001926	-0.058	0.0187	0.0705	0.0705	56306	1417791	0.0381969436203995	T	C	FALSE	0	1.16237497856572e-06	0	0	0	0	0	0
rs9487738	6	112184705	0.0003812	-0.1125	0.0317	0.0262	0.0262	56306	1417791	0.0381969436203995	T	G	FALSE	0	7.72854507567515e-06	0	0	0	0	0	0
rs9487739	6	112188525	0.0005426	0.1007	0.0291	0.9702	0.0298000000000001	56306	1417791	0.0381969436203995	T	C	FALSE	0	5.37417405407373e-06	0	0	0	0	0	0
rs9487745	6	112230278	1.179e-05	-0.0547	0.0125	0.1754	0.1754	56306	1417791	0.0381969436203995	T	C	FALSE	0	9.17636882539605e-05	0	0	0	0	1	1
rs9487746	6	112230357	2.589e-07	-0.06	0.0117	0.2132	0.2132	56306	1417791	0.0381969436203995	A	G	FALSE	0	0.00304203801786876	0	0	0	0	0	0
rs9487747	6	112231090	0.05693	-0.037	0.0195	0.0633	0.0633	56306	1417791	0.0381969436203995	T	C	FALSE	0	6.12291965561783e-08	0	0	0	0	0	0
rs9487748	6	112232918	2.229e-07	-0.0571	0.011	0.2389	0.2389	56306	1417791	0.0381969436203995	T	C	FALSE	0	0.00397001985985852	0	0	2	0.999828982716325	1	1
rs9487749	6	112232986	2.2e-07	-0.057	0.011	0.239	0.239	56306	1417791	0.0381969436203995	T	C	FALSE	0	0.00378772104822384	0	0	0	0.000171017283675412	0	0
rs9487750	6	112233400	0.01283	-0.0352	0.0142	0.1302	0.1302	56306	1417791	0.0381969436203995	C	G	FALSE	0	1.59729852290961e-07	0	0	0	0	0	0
rs9487753	6	112236608	0.3088	-0.023	0.0226	0.9544	0.0456	56306	1417791	0.0381969436203995	T	C	FALSE	0	1.98597020512588e-08	0	0	0	0	0	0
rs9487754	6	112237297	0.306	-0.0231	0.0226	0.9545	0.0455	56306	1417791	0.0381969436203995	T	C	FALSE	0	1.99483940300688e-08	0	0	0	0	0	0
rs9487756	6	112240106	0.3156	0.0282	0.0281	0.0453	0.0453	42598	1322509	0.0312048799105125	C	G	FALSE	0	2.41811355050155e-08	0	0	0	0	1	1
rs9487766	6	112273724	7.477e-08	-0.0828	0.0154	0.11	0.11	56306	1417791	0.0381969436203995	T	C	FALSE	0	0.014161230689791	0	0	0	0	0	3.05455e-257
rs9487767	6	112275289	0.0001374	-0.0628	0.0165	0.0921	0.0921	56306	1417791	0.0381969436203995	A	G	FALSE	0	1.1612216115954e-05	0	0	0	0	0	2.98606e-214
rs9487768	6	112277885	1.006e-07	-0.0803	0.0151	0.1125	0.1125	56306	1417791	0.0381969436203995	A	T	FALSE	0	0.0101948853770301	0	0	0	0	0	5.83347e-261
rs9487769	6	112278081	0.0009237	-0.0513	0.0155	0.1066	0.1066	56306	1417791	0.0381969436203995	T	C	FALSE	0	1.89673390067226e-06	0	0	0	0	0	3.56164e-287
rs9487770	6	112281156	1.37e-07	-0.0774	0.0147	0.1201	0.1201	56306	1417791	0.0381969436203995	T	C	FALSE	0	0.00755829359792848	0	0	0	0	0	1.00443e-270
rs9487771	6	112281277	8.65e-06	0.0652	0.0147	0.8721	0.1279	56306	1417791	0.0381969436203995	T	C	FALSE	0	0.000137906790051518	0	0	0	0	0	0
rs9487772	6	112285075	0.03332	0.1007	0.0473	0.9873	0.0127	36519	980404	0.0359112735182506	A	G	FALSE	0	2.08775721127829e-07	0	0	0	0	0	0
rs9487773	6	112285829	0.0001608	-0.0622	0.0165	0.0917	0.0917	56306	1417791	0.0381969436203995	A	G	FALSE	0	1.0127431910735e-05	0	0	0	0	0	6.97267e-223
rs9487775	6	112290459	0.0001185	0.0638	0.0166	0.9088	0.0911999999999999	56306	1417791	0.0381969436203995	A	G	FALSE	0	1.34530045568824e-05	0	0	0	0	0	0
rs9487777	6	112306520	0.7395	-0.0118	0.0355	0.0209	0.0209	56306	1417791	0.0381969436203995	C	G	FALSE	0	1.95571026234185e-08	0	0	0	0	0	0
rs9487780	6	112314803	0.2566	-0.0638	0.0562	0.9897	0.0103	36519	980404	0.0359112735182506	A	C	FALSE	0	5.21380930201228e-08	0	0	0	0	0	0
rs9487782	6	112315895	0.3497	0.0528	0.0565	0.0101	0.0101	36519	980404	0.0359112735182506	T	C	FALSE	0	4.32066800971067e-08	0	0	0	0	0	0
rs9487783	6	112321879	0.06875	0.0416	0.0228	0.9518	0.0482	56306	1417791	0.0381969436203995	T	G	FALSE	0	6.21295856415051e-08	0	0	0	0	0	0
rs9487784	6	112322728	0.3464	-0.0531	0.0564	0.9899	0.0101	36519	980404	0.0359112735182506	T	G	FALSE	0	4.3402698567166e-08	0	0	0	0	0	0
rs9487785	6	112322863	0.0308	-0.0493	0.0228	0.0497	0.0497	55137	1416823	0.0374582189733417	T	C	FALSE	0	1.20759646040118e-07	0	0	0	0	0	0
rs9487786	6	112328870	0.03888	0.0477	0.0231	0.9516	0.0484	55137	1416823	0.0374582189733417	A	G	FALSE	0	9.97710949129239e-08	0	0	0	0	0	0
rs9487788	6	112338003	0.1499	-0.0264	0.0184	0.9177	0.0823	55137	1416823	0.0374582189733417	C	G	FALSE	0	2.69655028646838e-08	0	0	0	0	0	0
rs9487790	6	112340642	0.001035	0.0646	0.0197	0.9271	0.0729	55137	1416823	0.0374582189733417	T	C	FALSE	0	2.13543196352961e-06	0	0	0	0	0	0
rs9487796	6	112357363	0.5912	-0.0058	0.0108	0.3049	0.3049	55137	1416823	0.0374582189733417	T	C	FALSE	0	6.60373623291336e-09	0	0	0	0	0	0
rs9487823	6	112451778	0.3005	0.01	0.0097	0.4329	0.4329	55137	1416823	0.0374582189733417	T	C	FALSE	0	8.7309168947026e-09	0	0	0	0	0	0
rs9487828	6	112472005	0.6989	-0.0042	0.0107	0.7192	0.2808	55137	1416823	0.0374582189733417	A	G	FALSE	0	6.11896094966493e-09	0	0	0	0	0	0
rs9487829	6	112472886	0.6845	-0.0044	0.0107	0.7194	0.2806	55137	1416823	0.0374582189733417	T	C	FALSE	0	6.1649648623937e-09	0	0	0	0	0	0
rs9487840	6	112512449	0.4193	-0.0131	0.0162	0.1132	0.1132	49286	1410957	0.0337519166330535	T	G	FALSE	0	1.18499239924051e-08	0	0	0	0	0	0
rs9487847	6	112529268	0.5791	0.007	0.0126	0.1934	0.1934	55137	1416823	0.0374582189733417	T	C	FALSE	0	7.77712993880997e-09	0	0	0	0	0	0
rs9487850	6	112531403	0.233	-0.0186	0.0156	0.1279	0.1279	48396	1410320	0.0331771228943811	A	G	FALSE	0	1.67182145250853e-08	0	0	0	0	0	0
rs9487851	6	112531424	0.6789	-0.0053	0.0127	0.8066	0.1934	55137	1416823	0.0374582189733417	A	C	FALSE	0	7.33076296462387e-09	0	0	0	0	0	0
rs9487853	6	112538321	0.3746	0.025	0.0282	0.9656	0.0344	47884	1410038	0.032844006743845	T	C	FALSE	0	2.17702017172904e-08	0	0	0	0	0	0
rs9487854	6	112539963	0.3692	0.0253	0.0282	0.9656	0.0344	47884	1410038	0.032844006743845	T	C	FALSE	0	2.19736694814594e-08	0	0	0	0	0	0
rs9487857	6	112550015	0.02219	-0.0229	0.01	0.5613	0.4387	55137	1416823	0.0374582189733417	T	C	FALSE	0	7.24290956034417e-08	0	0	0	0	0	0
rs9487858	6	112550060	0.282	0.0287	0.0267	0.961	0.039	47884	1410038	0.032844006743845	T	C	FALSE	0	2.47589526105134e-08	0	0	0	0	0	0
rs9487861	6	112558498	0.2454	0.0327	0.0281	0.9652	0.0348000000000001	47884	1410038	0.032844006743845	A	C	FALSE	0	2.86670542980484e-08	0	0	0	0	0	0
rs9487862	6	112561100	0.1878	0.0376	0.0285	0.9658	0.0342	47884	1410038	0.032844006743845	T	C	FALSE	0	3.51128279014998e-08	0	0	0	0	0	0
rs9487863	6	112570617	0.01281	-0.0258	0.0104	0.4168	0.4168	47884	1410038	0.032844006743845	A	C	FALSE	0	1.18513369107783e-07	0	0	0	0	0	0
rs9487871	6	112588542	0.1789	-0.0135	0.01	0.5354	0.4646	50455	1411925	0.0345019762305283	T	G	FALSE	0	1.31454333665191e-08	0	0	0	0	0	0
rs9487872	6	112590664	0.1658	-0.0138	0.01	0.533	0.467	50455	1411925	0.0345019762305283	C	G	FALSE	0	1.36935142194857e-08	0	0	0	0	0	0
rs9487874	6	112591549	0.4672	0.0206	0.0283	0.966	0.034	49053	1411006	0.0335965875351613	A	C	FALSE	0	1.92678844041218e-08	0	0	0	0	0	0
rs9487875	6	112593550	0.5185	-0.0065	0.0101	0.4743	0.4743	50092	1411760	0.0342661226991515	A	C	FALSE	0	6.57702751410019e-09	0	0	0	0	0	0
rs9487880	6	112611648	0.4152	-0.0107	0.0131	0.8108	0.1892	49053	1411006	0.0335965875351613	A	G	FALSE	0	9.66376217031153e-09	0	0	0	0	0	0
rs9487882	6	112613737	0.9736	-4e-04	0.0108	0.3203	0.3203	49053	1411006	0.0335965875351613	T	G	FALSE	0	5.72323582687228e-09	0	0	0	0	0	0
rs9487883	6	112614872	0.1211	0.0258	0.0166	0.894	0.106	49053	1411006	0.0335965875351613	T	G	FALSE	0	2.91152381778314e-08	0	0	0	0	0	0
rs9487885	6	112631064	0.05146	-0.0245	0.0126	0.2025	0.2025	49053	1411006	0.0335965875351613	T	C	FALSE	0	4.38351100042908e-08	0	0	0	0	0	0
rs9487887	6	112643310	0.1974	-0.0164	0.0127	0.1961	0.1961	49053	1411006	0.0335965875351613	T	C	FALSE	0	1.54217570630742e-08	0	0	0	0	0	0
rs9487891	6	112649670	0.07175	-0.0357	0.0199	0.929	0.071	49053	1411006	0.0335965875351613	A	G	FALSE	0	5.16733992419508e-08	0	0	0	0	0	0
rs9487895	6	112652704	0.7566	0.0035	0.0114	0.7352	0.2648	49053	1411006	0.0335965875351613	T	C	FALSE	0	6.32638487051664e-09	0	0	0	0	0	0
rs9487896	6	112660807	0.03157	-0.0291	0.0135	0.1985	0.1985	49053	1411006	0.0335965875351613	A	G	FALSE	0	7.21573905183097e-08	0	0	0	0	0	0
rs9487903	6	112692753	0.5998	-0.0133	0.0254	0.0721	0.0721	35345	1315724	0.0261607660304544	T	C	FALSE	0	1.52934285921725e-08	0	0	0	0	0	0
rs9487905	6	112696187	0.2392	0.0324	0.0275	0.037	0.037	49053	1411006	0.0335965875351613	A	C	FALSE	0	2.85529149361497e-08	0	0	0	0	0	0
rs9487906	6	112707523	0.2405	-0.0321	0.0273	0.9631	0.0369	49053	1411006	0.0335965875351613	T	G	FALSE	0	2.82771268181209e-08	0	0	0	0	0	0
rs9487908	6	112713112	0.2125	0.0345	0.0276	0.0365	0.0365	49053	1411006	0.0335965875351613	A	T	FALSE	0	3.12117130307718e-08	0	0	0	0	0	0
rs9487913	6	112750058	0.9318	-9e-04	0.01	0.5071	0.4929	49580	1411478	0.0339343133537478	T	C	FALSE	0	5.31820994347599e-09	0	0	0	0	0	0
rs9487914	6	112757968	0.9498	-6e-04	0.01	0.4952	0.4952	49580	1411478	0.0339343133537478	T	C	FALSE	0	5.30628719607984e-09	0	0	0	0	0	0
rs9487915	6	112763365	0.8003	0.0025	0.01	0.4795	0.4795	49053	1411006	0.0335965875351613	A	G	FALSE	0	5.46447985452279e-09	0	0	0	0	0	0
rs9487916	6	112774310	0.7599	0.0031	0.01	0.4794	0.4794	49053	1411006	0.0335965875351613	T	G	FALSE	0	5.55682579055147e-09	0	0	0	0	0	0
rs9487925	6	112933290	0.9295	-0.001	0.011	0.7285	0.2715	56306	1417791	0.0381969436203995	A	C	FALSE	0	5.84896686721873e-09	0	0	0	0	0	0
rs9487926	6	112938806	0.1875	-0.0131	0.01	0.423	0.423	56306	1417791	0.0381969436203995	T	C	FALSE	0	1.24660268735483e-08	0	0	0	0	0	0
rs9487930	6	112948914	0.2957	-0.0121	0.0116	0.2556	0.2556	49053	1411006	0.0335965875351613	A	T	FALSE	0	1.05623368932776e-08	0	0	0	0	0	0
rs9487935	6	112963741	0.6303	0.0061	0.0127	0.8027	0.1973	49053	1411006	0.0335965875351613	A	G	FALSE	0	7.54012011903555e-09	0	0	0	0	0	0
rs9487936	6	112963859	0.4706	0.0076	0.0105	0.4766	0.4766	30435	974587	0.0302829191798786	A	T	FALSE	0	7.22097035900957e-09	0	0	0	0	0	0
rs9487938	6	112965111	0.4662	-0.0094	0.0129	0.195	0.195	49053	1411006	0.0335965875351613	A	C	FALSE	0	8.89332190127594e-09	0	0	0	0	0	0
rs9487939	6	112965827	0.4681	0.0094	0.0129	0.8051	0.1949	49053	1411006	0.0335965875351613	A	C	FALSE	0	8.89332190127594e-09	0	0	0	0	0	0
rs9487940	6	112968423	0.05203	0.0293	0.0151	0.8726	0.1274	49053	1411006	0.0335965875351613	T	C	FALSE	0	5.19101098682577e-08	0	0	0	0	0	0
rs9487941	6	112976971	0.08426	0.0194	0.0112	0.274	0.274	49053	1411006	0.0335965875351613	A	C	FALSE	0	2.64585165848112e-08	0	0	0	0	0	0
rs9487948	6	113003109	0.2006	-0.0134	0.0105	0.3206	0.3206	56306	1417791	0.0381969436203995	A	G	FALSE	0	1.25265698928869e-08	0	0	0	0	0	0
rs9487949	6	113003113	0.1984	-0.0135	0.0105	0.3206	0.3206	56306	1417791	0.0381969436203995	A	G	FALSE	0	1.2679899128037e-08	0	0	0	0	0	0
rs9487950	6	113003188	0.2004	0.0132	0.0103	0.6745	0.3255	56306	1417791	0.0381969436203995	A	T	FALSE	0	1.23739945899215e-08	0	0	0	0	0	0
rs9487967	6	113065554	0.02496	-0.0349	0.0156	0.1185	0.1185	49053	1411006	0.0335965875351613	A	G	FALSE	0	9.9221162271858e-08	0	0	0	0	0	0
rs9487982	6	113111808	0.01788	-0.0367	0.0155	0.1193	0.1193	49053	1411006	0.0335965875351613	T	C	FALSE	0	1.32949775395251e-07	0	0	0	0	0	0
rs9487987	6	113124544	0.27	0.018	0.0163	0.1181	0.1181	49053	1411006	0.0335965875351613	A	G	FALSE	0	1.57891824761572e-08	0	0	0	0	0	0
rs9488000	6	113153786	0.03781	0.029	0.014	0.856	0.144	56306	1417791	0.0381969436203995	A	G	FALSE	0	6.26347635797422e-08	0	0	0	0	0	0
rs9488001	6	113160937	0.03585	-0.0294	0.014	0.1434	0.1434	56306	1417791	0.0381969436203995	A	G	FALSE	0	6.6461425605517e-08	0	0	0	0	0	0
rs9488003	6	113168519	0.02201	-0.0319	0.0139	0.1445	0.1445	56306	1417791	0.0381969436203995	A	G	FALSE	0	1.01089949920632e-07	0	0	0	0	0	0
rs9488006	6	113169906	0.02204	0.0319	0.0139	0.8554	0.1446	56306	1417791	0.0381969436203995	A	C	FALSE	0	1.01089949920632e-07	0	0	0	0	0	0
rs9488008	6	113171387	0.3969	0.009	0.0106	0.6585	0.3415	49053	1411006	0.0335965875351613	C	G	FALSE	0	8.0417810412481e-09	0	0	0	0	0	0
rs9488009	6	113172249	0.3925	0.0111	0.013	0.1851	0.1851	49053	1411006	0.0335965875351613	T	C	FALSE	0	9.89069589103056e-09	0	0	0	0	0	0
rs9488010	6	113172872	0.3653	0.0118	0.013	0.1835	0.1835	49053	1411006	0.0335965875351613	T	C	FALSE	0	1.03690043985908e-08	0	0	0	0	0	0
rs9488015	6	113179034	0.2468	-0.0146	0.0126	0.8027	0.1973	49053	1411006	0.0335965875351613	A	G	FALSE	0	1.30156214046566e-08	0	0	0	0	0	0
rs9488016	6	113183207	0.3945	-0.011	0.0129	0.8138	0.1862	49053	1411006	0.0335965875351613	A	G	FALSE	0	9.80571487920854e-09	0	0	0	0	0	0
rs9488017	6	113190687	0.243	-0.0147	0.0126	0.803	0.197	49053	1411006	0.0335965875351613	A	G	FALSE	0	1.31358031563381e-08	0	0	0	0	0	0
rs9488020	6	113195229	0.2318	-0.0152	0.0127	0.805	0.195	49053	1411006	0.0335965875351613	A	G	FALSE	0	1.37178673595587e-08	0	0	0	0	0	0
rs9488023	6	113201774	0.4485	0.0362	0.0477	0.012	0.012	48667	1410513	0.0333522937540262	T	C	FALSE	0	3.23140835612997e-08	0	0	0	0	0	0
rs9488026	6	113232144	0.8347	-0.0027	0.0132	0.8177	0.1823	49053	1411006	0.0335965875351613	A	T	FALSE	0	7.13229076365461e-09	0	0	0	0	0	0
rs9488038	6	113243224	0.8347	0.0028	0.0132	0.1844	0.1844	49053	1411006	0.0335965875351613	T	C	FALSE	0	7.14350752477423e-09	0	0	0	0	0	0
rs949578	6	112706267	0.02985	-0.0252	0.0116	0.2585	0.2585	47884	1410038	0.032844006743845	T	C	FALSE	0	6.45129252914594e-08	0	0	0	0	0	0
rs950853	6	112727954	0.9987	0	0.0102	0.4133	0.4133	49053	1411006	0.0335965875351613	T	C	FALSE	0	5.40243147546353e-09	0	0	0	0	0	0
rs951081	6	112756388	0.9532	6e-04	0.01	0.4931	0.4931	49580	1411478	0.0339343133537478	A	G	FALSE	0	5.30628719607984e-09	0	0	0	0	0	0
rs951644	6	112941882	0.01186	-0.0255	0.0101	0.6969	0.3031	56306	1417791	0.0381969436203995	A	G	FALSE	0	1.2852227305546e-07	0	0	0	0	0	0
rs951645	6	112941688	0.1903	-0.0148	0.0113	0.274	0.274	49565	1411288	0.0339288073474881	T	C	FALSE	0	1.40685571785307e-08	0	0	0	0	0	0
rs951646	6	112941473	0.01166	0.0254	0.0101	0.3065	0.3065	56306	1417791	0.0381969436203995	A	T	FALSE	0	1.25363453857735e-07	0	0	0	0	0	0
rs9647629	6	111501484	0.0141	0.0323	0.0131	0.1543	0.1543	56306	1417791	0.0381969436203995	T	C	FALSE	0	1.43016303479679e-07	0	0	0	0	0	0
rs9688686	6	111345252	0.8539	-0.0022	0.0117	0.761	0.239	49565	1411288	0.0339288073474881	T	G	FALSE	0	6.30447052672875e-09	0	0	0	0	0	0
rs9688718	6	111349524	0.7679	0.0035	0.0118	0.2383	0.2383	49565	1411288	0.0339288073474881	T	C	FALSE	0	6.52707214624826e-09	0	0	0	0	0	0
rs9688790	6	112647484	0.05644	0.0392	0.0206	0.0654	0.0654	49053	1411006	0.0335965875351613	T	C	FALSE	0	6.51900332920401e-08	0	0	0	0	0	0
rs9689727	6	111796563	0.5061	0.0062	0.0094	0.461	0.461	56306	1417791	0.0381969436203995	T	C	FALSE	0	6.18672843509267e-09	0	0	0	0	0	0
rs969138	6	112446554	0.1418	0.0298	0.0203	0.8877	0.1123	41429	1321541	0.0303961202374227	C	G	FALSE	0	3.11169317142843e-08	0	0	0	0	0	0
rs969139	6	112446876	0.4039	0.008	0.0096	0.4363	0.4363	55137	1416823	0.0374582189733417	T	C	FALSE	0	7.19075879925143e-09	0	0	0	0	0	0
rs970218	6	111952820	0.2634	0.0149	0.0133	0.283	0.283	42598	1322509	0.0312048799105125	C	G	FALSE	0	1.31456641566907e-08	0	0	0	0	0	0
rs971089	6	112330513	0.007344	-0.0919	0.0343	0.0223	0.0223	55137	1416823	0.0374582189733417	T	C	FALSE	0	5.85919732880674e-07	0	0	0	0	0	0
rs971090	6	112330902	0.00731	-0.092	0.0343	0.0222	0.0222	55137	1416823	0.0374582189733417	A	G	FALSE	0	5.90385149446534e-07	0	0	0	0	0	0
rs971091	6	112330963	0.007354	-0.092	0.0343	0.0222	0.0222	55137	1416823	0.0374582189733417	A	C	FALSE	0	5.90385149446534e-07	0	0	0	0	0	0
rs971530	6	112391474	0.5441	-0.0058	0.0096	0.5391	0.4609	55137	1416823	0.0374582189733417	A	C	FALSE	0	6.10105549087188e-09	0	0	0	0	0	0
rs971531	6	112391533	0.9446	7e-04	0.0105	0.2788	0.2788	55137	1416823	0.0374582189733417	A	C	FALSE	0	5.57323323592233e-09	0	0	0	0	0	0
rs973334	6	112331998	0.007464	-0.0918	0.0343	0.0222	0.0222	55137	1416823	0.0374582189733417	A	G	FALSE	0	5.81492892152688e-07	0	0	0	0	0	0
rs975781	6	112280986	0.04485	0.0959	0.0478	0.9879	0.0121	36519	980404	0.0359112735182506	T	C	FALSE	0	1.65477453402239e-07	0	0	0	0	0	0
rs9766630	6	112407590	0.9824	2e-04	0.0104	0.2787	0.2787	56306	1417791	0.0381969436203995	C	G	FALSE	0	5.50909443422233e-09	0	0	0	0	0	0
rs9767473	6	111428095	0.1182	-0.0153	0.0098	0.5493	0.4507	56306	1417791	0.0381969436203995	T	G	FALSE	0	1.75093562153915e-08	0	0	0	0	0	0
rs9885666	6	111401359	0.255	-0.0171	0.015	0.6331	0.3669	18129	880224	0.0201802632150168	A	T	FALSE	0	1.51374395971586e-08	0	0	0	0	0	0
rs9885951	6	111401309	0.2134	-0.0383	0.0308	0.9608	0.0392	50092	1411760	0.0342661226991515	T	C	FALSE	0	3.43567393044628e-08	0	0	0	0	0	0
rs990601	6	112363760	0.7446	-0.0035	0.0108	0.7299	0.2701	55137	1416823	0.0374582189733417	A	G	FALSE	0	6.02676146224256e-09	0	0	0	0	0	0
rs994268	6	112071427	0.847	-0.0019	0.0097	0.5334	0.4666	56306	1417791	0.0381969436203995	A	G	FALSE	0	5.23753045243042e-09	0	0	0	0	0	0
rs994269	6	112071847	9.756e-05	0.1132	0.029	0.9698	0.0302	56306	1417791	0.0381969436203995	T	G	FALSE	0	2.64821751374779e-05	0	0	0	0	0	0
rs9968972	6	111359696	0.969	5e-04	0.014	0.1403	0.1403	56306	1417791	0.0381969436203995	A	G	FALSE	0	7.41131713642754e-09	0	0	0	0	0	0
rs997143	6	112216413	8.607e-06	-0.0486	0.0109	0.2452	0.2452	56306	1417791	0.0381969436203995	A	C	FALSE	0	0.000116270587226554	0	0	0	0	1	1
rs997368	6	112243291	1.841e-09	0.0714	0.0119	0.8049	0.1951	56306	1417791	0.0381969436203995	A	G	TRUE	0	0.388200269402857	0	0	1	1	1	1
rs9986580	6	112897801	0.9222	-0.0011	0.0109	0.2719	0.2719	56306	1417791	0.0381969436203995	T	G	FALSE	0	5.80150383605501e-09	0	0	0	0	0	0
