SNP	CHR	POS	P	Effect	StdErr	Freq	MAF	N_cases	N_controls	proportion_cases	A1	A2	leadSNP	ABF.Credible_Set	ABF.PP	SUSIE.Credible_Set	SUSIE.PP	POLYFUN_SUSIE.Credible_Set	POLYFUN_SUSIE.PP	FINEMAP.Credible_Set	FINEMAP.PP
rs114853496	5	133753344	0.2119	-0.0521	0.0418	0.9737	0.0263	49053	1411006	0.0335965875351613	A	C	FALSE	0	7.96698321465545e-08	0	0	0	0	0	6.87416e-72
rs114861920	5	134868807	0.1336	0.0836	0.0557	0.014	0.014	49053	1411006	0.0335965875351613	A	G	FALSE	0	1.4117687187238e-07	0	0	0	0	0	2.15513e-72
rs114863588	5	134917815	0.9508	0.0032	0.0513	0.026	0.026	35345	1315724	0.0261607660304544	A	G	FALSE	0	4.60518448199658e-08	0	0	0	0	0	2.22546e-72
rs114865573	5	134629646	0.7829	0.0128	0.0466	0.9761	0.0239	30435	974587	0.0302829191798786	T	C	FALSE	0	4.35129933147469e-08	0	0	0	0	0	1.93812e-72
rs114897282	5	134252599	0.0506	0.1054	0.0539	0.0106	0.0106	30435	974587	0.0302829191798786	T	C	FALSE	0	2.86191247995285e-07	0	0	0	0	0	9.76269e-72
rs114899086	5	135100442	0.8219	-0.0133	0.0592	0.011	0.011	47498	1409545	0.0325989006501524	T	C	FALSE	0	5.37445288290561e-08	0	0	0	0	0	1.94504e-72
rs114927410	5	134962098	0.6181	0.0424	0.0851	0.0105	0.0105	15558	878337	0.0174047287433088	A	G	FALSE	0	8.04655352129958e-08	0	0	0	0	0	1.95043e-72
rs114941627	5	135026696	0.9272	0.0057	0.0626	0.9864	0.0135999999999999	30435	974587	0.0302829191798786	T	C	FALSE	0	5.54743438548133e-08	0	0	0	0	0	2.00777e-72
rs114952668	5	134608393	0.6351	0.0201	0.0423	0.9834	0.0165999999999999	49053	1411006	0.0335965875351613	A	G	FALSE	0	4.26522689796031e-08	0	0	0	0	0	3.45714e-71
rs114988630	5	134616972	0.0207	-0.0659	0.0285	0.9651	0.0349	49053	1411006	0.0335965875351613	A	G	FALSE	0	3.58554195053859e-07	0	0	0	0	0	1.13713e-70
rs114991424	5	133379813	0.9537	0.0018	0.0317	0.9704	0.0296	49053	1411006	0.0335965875351613	T	C	FALSE	0	2.90086544401692e-08	0	0	0	0	0	1.96804e-72
rs115028533	5	135045206	0.738	-0.0238	0.0711	0.0181	0.0181	32897	744313	0.042327041597509	A	G	FALSE	0	6.5133102969489e-08	0	0	0	0	0	1.9507e-72
rs115061445	5	134015890	0.01374	-0.1424	0.0578	0.0103	0.0103	36519	980404	0.0359112735182506	A	T	FALSE	0	8.45465708290459e-07	0	0	0	0	0	1.05e-60
rs115070772	5	133643746	0.9332	-0.004	0.0478	0.984	0.016	48411	1410510	0.0331827425885295	A	G	FALSE	0	4.3149639339559e-08	0	0	0	0	0	1.9364e-72
rs115078262	5	134164623	0.4483	0.0455	0.0601	0.9858	0.0142	49053	1411006	0.0335965875351613	T	C	FALSE	0	6.92510250449362e-08	0	0	0	0	0	2.30032e-72
rs115087448	5	134001565	0.2907	-0.0336	0.0318	0.9688	0.0312	49580	1411478	0.0339343133537478	T	C	FALSE	0	5.00756832472327e-08	0	0	0	0	0	2.12001e-72
rs115112719	5	134752886	0.5239	-0.0268	0.0421	0.0162	0.0162	49053	1411006	0.0335965875351613	T	C	FALSE	0	4.62702870191318e-08	0	0	0	0	0	2.23529e-72
rs115121599	5	133770802	0.8201	0.0142	0.0626	0.0138	0.0138	35345	1315724	0.0261607660304544	A	G	FALSE	0	5.65755553934051e-08	0	0	0	0	0	2.67068e-72
rs115152364	5	133652374	0.2264	-0.0306	0.0253	0.0793	0.0793	49053	1411006	0.0335965875351613	T	C	FALSE	0	4.76978210365422e-08	0	0	0	0	0	5.74106e-72
rs115161686	5	135174576	0.8943	-0.0017	0.0127	0.8064	0.1936	49053	1411006	0.0335965875351613	T	C	FALSE	0	1.18298242490484e-08	0	0	0	0	0	2.06033e-72
rs115195563	5	133417595	0.4897	-0.0559	0.081	0.0111	0.0111	29266	973619	0.0291818104767745	T	C	FALSE	0	8.52166815548581e-08	0	0	0	0	0	6.11101e-72
rs115210424	5	135020741	0.6281	0.0282	0.0583	0.0216	0.0216	34176	1314756	0.0253355988292961	A	C	FALSE	0	5.76712634006743e-08	0	0	0	0	0	1.96274e-72
rs115213465	5	134111146	0.01248	0.185	0.0741	0.0109	0.0109	28790	973157	0.0287340547953135	T	C	FALSE	0	9.95860532358574e-07	0	0	0	0	0	4.88523e-71
rs115219751	5	134637828	0.3348	0.0536	0.0555	0.0134	0.0134	49053	1411006	0.0335965875351613	A	G	FALSE	0	7.62798455946528e-08	0	0	0	0	0	3.17808e-72
rs115226827	5	134214879	0.6335	0.0194	0.0407	0.9787	0.0213	49053	1411006	0.0335965875351613	A	C	FALSE	0	4.11463128167382e-08	0	0	0	0	0	3.9778e-72
rs115227998	5	133892893	0.7826	0.0231	0.0836	0.9873	0.0127	15558	878337	0.0174047287433088	T	G	FALSE	0	7.37097394181522e-08	0	0	0	0	0	1.93746e-72
rs115247709	5	134691848	0.008325	-0.1752	0.0664	0.9874	0.0125999999999999	35345	1315724	0.0261607660304544	A	G	FALSE	0	1.34065834401599e-06	0	0	0	0	0	1.28594e-70
rs115267018	5	133421109	0.4204	0.0154	0.0191	0.0796	0.0796	56306	1417791	0.0381969436203995	C	G	FALSE	0	2.42730807280607e-08	0	0	0	0	0	1.25873e-71
rs115267431	5	134250380	0.6399	0.019	0.0405	0.9787	0.0213	49053	1411006	0.0335965875351613	A	G	FALSE	0	4.08141318742837e-08	0	0	0	0	0	3.44531e-72
rs115271848	5	134237047	0.2201	-0.0639	0.0521	0.0151	0.0151	56306	1417791	0.0381969436203995	A	G	FALSE	0	9.43288007965178e-08	0	0	0	0	0	1.08551e-67
rs115273463	5	135039835	0.8466	-0.0099	0.0513	0.0116	0.0116	47498	1409545	0.0325989006501524	A	G	FALSE	0	4.6778047430297e-08	0	0	0	0	0	1.95504e-72
rs115273917	5	134865827	0.1665	-0.2936	0.2122	0.9887	0.0113	6634	4884	0.575968050008682	A	T	FALSE	0	2.11212996110067e-07	0	0	0	0	0	2.73374e-72
rs115275463	5	134664983	0.5222	0.0281	0.0439	0.9854	0.0145999999999999	30435	974587	0.0302829191798786	A	G	FALSE	0	4.82279765214737e-08	0	0	0	0	0	2.91949e-71
rs115287999	5	134423384	0.8774	0.0071	0.0457	0.0132	0.0132	49565	1411288	0.0339288073474881	A	C	FALSE	0	4.16887539707153e-08	0	0	0	0	0	7.64738e-46
rs115295900	5	134341450	0.003326	-0.1036	0.0353	0.0296	0.0296	56306	1417791	0.0381969436203995	A	C	FALSE	0	2.09477576224108e-06	0	0	0	0	0	3.78734e-72
rs115315395	5	133901939	0.5219	-0.0487	0.076	0.0147	0.0147	32897	744313	0.042327041597509	T	G	FALSE	0	7.86339978119378e-08	0	0	0	0	0	2.74187e-72
rs115318133	5	134137373	0.6444	-0.0338	0.0733	0.0134	0.0134	15558	878337	0.0174047287433088	C	G	FALSE	0	6.99219464628583e-08	0	0	0	0	0	1.0991e-71
rs115318192	5	135087306	0.6144	0.0194	0.0386	0.0194	0.0194	49053	1411006	0.0335965875351613	T	C	FALSE	0	3.96004414944154e-08	0	0	0	0	0	3.15723e-72
rs115328649	5	134781733	0.3216	0.174	0.1756	0.0144	0.0144	6634	4884	0.575968050008682	T	C	FALSE	0	1.61064222140767e-07	0	0	0	0	0	5.61772e-72
rs115352742	5	133828896	0.8878	0.0057	0.0407	0.0283	0.0283	49053	1411006	0.0335965875351613	T	C	FALSE	0	3.72431113247287e-08	0	0	0	0	0	2.88715e-72
rs115378400	5	133910090	0.1476	0.0467	0.0323	0.0254	0.0254	49053	1411006	0.0335965875351613	T	G	FALSE	0	8.16902235768579e-08	0	0	0	0	0	5.20704e-72
rs11538030	5	133512605	0.3729	-0.0232	0.0261	0.0505	0.0505	50455	1411925	0.0345019762305283	T	G	FALSE	0	3.53058663007994e-08	0	0	0	0	0	4.85165e-34
rs11538104	5	133727052	0.2547	-0.1169	0.1027	0.9851	0.0149	10251	577263	0.0174480948539099	T	G	FALSE	0	1.4111246591834e-07	0	0	0	0	0	4.39695e-72
rs115381375	5	133737452	0.4973	-0.0218	0.0322	0.0333	0.0333	49928	1411453	0.03416494398107	T	C	FALSE	0	3.67694982311924e-08	0	0	0	0	0	2.29022e-58
rs115392727	5	134670920	0.6493	-0.0289	0.0635	0.9881	0.0119	35345	1315724	0.0261607660304544	T	G	FALSE	0	6.15107225446852e-08	0	0	0	0	0	3.67399e-71
rs11542999	5	133483582	0.9838	4e-04	0.021	0.941	0.0590000000000001	56306	1417791	0.0381969436203995	A	C	FALSE	0	1.93236627227613e-08	0	0	0	0	0	2.53633e-72
rs115439579	5	133368993	0.6105	-0.0092	0.018	0.0914	0.0914	49053	1411006	0.0335965875351613	T	C	FALSE	0	1.88783680400264e-08	0	0	0	0	0	1.24208e-70
rs115450781	5	133857310	0.6381	0.0168	0.0357	0.9752	0.0248	56306	1417791	0.0381969436203995	A	G	FALSE	0	3.61937532866966e-08	0	0	0	0	0	3.80393e-07
rs115452472	5	133947961	0.5409	0.0332	0.0543	0.0109	0.0109	49053	1411006	0.0335965875351613	T	C	FALSE	0	5.76942761612139e-08	0	0	0	0	0	2.11059e-72
rs115480084	5	134994657	0.269	0.0347	0.0314	0.0262	0.0262	49053	1411006	0.0335965875351613	A	C	FALSE	0	5.2074361189316e-08	0	0	0	0	0	1.77779e-71
rs115485873	5	134523839	0.5148	0.0148	0.0228	0.9458	0.0542	48396	1410320	0.0331771228943811	T	C	FALSE	0	2.5800467055148e-08	0	0	0	0	0	2.5931e-72
rs115493484	5	134807514	0.7026	0.038	0.0996	0.0236	0.0236	26421	442271	0.056371775067635	A	G	FALSE	0	8.74282343289564e-08	0	0	0	0	0	2.09467e-72
rs115514644	5	134861096	0.5358	-0.0236	0.0382	0.0296	0.0296	49053	1411006	0.0335965875351613	T	C	FALSE	0	4.17271845534965e-08	0	0	0	0	0	3.1505e-72
rs11552196	5	134086744	0.737	-0.0158	0.047	0.0206	0.0206	49053	1411006	0.0335965875351613	A	C	FALSE	0	4.4653356249882e-08	0	0	0	0	0	2.0238e-72
rs115530524	5	134549156	0.9369	-0.0029	0.0371	0.0357	0.0357	35345	1315724	0.0261607660304544	A	G	FALSE	0	3.38441283365464e-08	0	0	0	0	0	1.98858e-72
rs115535840	5	133451564	0.5143	-0.0252	0.0387	0.0369	0.0369	49053	1411006	0.0335965875351613	C	G	FALSE	0	4.31173852781926e-08	0	0	0	0	0	4.73962e-72
rs115555363	5	134252603	0.05785	0.0986	0.052	0.0111	0.0111	30435	974587	0.0302829191798786	A	G	FALSE	0	2.50765464215797e-07	0	0	0	0	0	9.08133e-72
rs115565872	5	135002279	0.5137	-0.0471	0.0721	0.0141	0.0141	34176	1314756	0.0253355988292961	C	G	FALSE	0	7.5785484581603e-08	0	0	0	0	0	2.01682e-72
rs115581230	5	133967875	0.4772	-0.0129	0.0181	0.9086	0.0914	49053	1411006	0.0335965875351613	A	G	FALSE	0	2.14528368496665e-08	0	0	0	0	0	9.67622e-70
rs11558540	5	133956668	0.09511	0.0255	0.0153	0.125	0.125	49053	1411006	0.0335965875351613	A	G	FALSE	0	5.61403131236938e-08	0	0	0	0	0	3.60315e-65
rs115617290	5	134787696	0.1672	-0.0799	0.0579	0.021	0.021	35345	1315724	0.0261607660304544	A	G	FALSE	0	1.23854800673295e-07	0	0	0	0	0	1.0394e-71
rs115623173	5	133474927	0.2808	-0.0506	0.0469	0.9787	0.0213	56306	1417791	0.0381969436203995	A	G	FALSE	0	7.33343886314141e-08	0	0	0	0	0	3.78384e-72
rs115627577	5	134358005	0.05757	0.0868	0.0457	0.0257	0.0257	31310	975034	0.0311126215290199	A	C	FALSE	0	2.28836992780969e-07	0	0	0	0	0	3.13256e-71
rs115655749	5	133762983	0.564	-0.0428	0.0742	0.9867	0.0133	15558	878337	0.0174047287433088	A	G	FALSE	0	7.44873491161023e-08	0	0	0	0	0	8.02007e-72
rs115661720	5	133353267	0.4871	0.0245	0.0353	0.9748	0.0252	49053	1411006	0.0335965875351613	T	C	FALSE	0	4.06188536352779e-08	0	0	0	0	0	2.91326e-72
rs115677691	5	134656130	0.1461	-0.0495	0.0341	0.0256	0.0256	49053	1411006	0.0335965875351613	T	C	FALSE	0	8.6566030728821e-08	0	0	0	0	0	2.86745e-72
rs115687433	5	134747606	0.6321	0.0396	0.0827	0.0104	0.0104	16727	879305	0.0186678600764258	A	G	FALSE	0	7.79691071784872e-08	0	0	0	0	0	3.79527e-72
rs115710080	5	134364106	0.2133	0.0195	0.0157	0.1136	0.1136	49053	1411006	0.0335965875351613	T	C	FALSE	0	3.11653018043631e-08	0	0	0	0	0	5.49908e-65
rs115725815	5	133455139	0.8204	0.0094	0.0414	0.0206	0.0206	49053	1411006	0.0335965875351613	T	C	FALSE	0	3.84412458157138e-08	0	0	0	0	0	2.24995e-72
rs115735029	5	134248075	0.05992	0.0981	0.0521	0.0111	0.0111	30435	974587	0.0302829191798786	T	C	FALSE	0	2.45300953230146e-07	0	0	0	0	0	8.66413e-72
rs115772579	5	133504132	0.858	-0.0097	0.0542	0.9855	0.0145	29266	973619	0.0291818104767745	T	C	FALSE	0	4.91204762082437e-08	0	0	0	0	0	1.97391e-72
rs115791932	5	133253209	0.6739	0.0116	0.0276	0.9239	0.0760999999999999	30435	974587	0.0302829191798786	A	G	FALSE	0	2.7582055051656e-08	0	0	0	0	0	8.89493e-72
rs115794531	5	134729321	0.9574	-0.0018	0.0343	0.0305	0.0305	49053	1411006	0.0335965875351613	A	G	FALSE	0	3.1315082347851e-08	0	0	0	0	0	2.04594e-72
rs115815959	5	135174627	0.1269	0.0341	0.0224	0.9215	0.0785	49053	1411006	0.0335965875351613	A	G	FALSE	0	6.46711399746229e-08	0	0	0	0	0	7.82506e-72
rs115816735	5	134183729	0.0496	-0.1013	0.0516	0.0134	0.0134	56306	1417791	0.0381969436203995	A	G	FALSE	0	2.81513429476112e-07	0	0	0	0	0	1.77642e-69
rs115823811	5	133791851	0.3113	0.0545	0.0538	0.9831	0.0169	49928	1411453	0.03416494398107	A	T	FALSE	0	7.75502381348777e-08	0	0	0	0	0	1.15428e-70
rs115824671	5	134513296	0.3132	-0.0242	0.024	0.0481	0.0481	49565	1411288	0.0339288073474881	T	C	FALSE	0	3.63853970242575e-08	0	0	0	0	0	2.14453e-72
rs115832776	5	134651626	0.5161	0.0262	0.0403	0.9841	0.0159	49053	1411006	0.0335965875351613	T	C	FALSE	0	4.47748886537571e-08	0	0	0	0	0	2.23284e-71
rs115834581	5	134807358	0.3702	0.0925	0.1032	0.0258	0.0258	25252	441303	0.0541243797623003	T	C	FALSE	0	1.16509896822945e-07	0	0	0	0	0	3.03161e-72
rs115836571	5	134551531	0.4555	-0.0218	0.0292	0.0319	0.0319	49565	1411288	0.0339288073474881	T	C	FALSE	0	3.51141586816858e-08	0	0	0	0	0	2.07216e-72
rs1158496	5	134500145	0.5128	-0.0162	0.0247	0.0464	0.0464	49565	1411288	0.0339288073474881	A	T	FALSE	0	2.80278135098455e-08	0	0	0	0	0	1.94228e-72
rs115853958	5	134619568	0.4264	0.0647	0.0813	0.0446	0.0446	7803	5852	0.571439033321128	T	C	FALSE	0	9.14278096491042e-08	0	0	0	0	0	3.3146e-72
rs115874651	5	134216761	0.6295	-0.0186	0.0387	0.031	0.031	49053	1411006	0.0335965875351613	A	G	FALSE	0	3.92872778903898e-08	0	0	0	0	0	2.38291e-72
rs115892877	5	134575683	0.8646	-0.0053	0.0309	0.0399	0.0399	30435	974587	0.0302829191798786	A	G	FALSE	0	2.86581804842176e-08	0	0	0	0	0	1.95726e-72
rs115899831	5	134678460	0.1693	-0.0674	0.049	0.0226	0.0226	49053	1411006	0.0335965875351613	A	G	FALSE	0	1.07471968355009e-07	0	0	0	0	0	2.77911e-72
rs115905582	5	133404010	0.8185	0.0125	0.0545	0.0153	0.0153	26818	402208	0.0625090320866334	A	G	FALSE	0	4.98481639107803e-08	0	0	0	0	0	2.02048e-72
rs115909046	5	134329524	0.5828	-0.0392	0.0714	0.9898	0.0102	16727	879305	0.0186678600764258	T	C	FALSE	0	7.11012221153318e-08	0	0	0	0	0	2.49773e-72
rs115914114	5	135108149	0.9515	0.003	0.0497	0.9826	0.0174	30435	974587	0.0302829191798786	T	C	FALSE	0	4.46954331013506e-08	0	0	0	0	0	2.01309e-72
rs115948231	5	133688324	0.611	-0.0431	0.0847	0.011	0.011	15558	878337	0.0174047287433088	T	G	FALSE	0	8.05212805060283e-08	0	0	0	0	0	2.83851e-72
rs115969840	5	133926830	0.0594	-0.0776	0.0412	0.9741	0.0259	49053	1411006	0.0335965875351613	A	G	FALSE	0	2.04657565072939e-07	0	0	0	0	0	6.96352e-72
rs115987568	5	133823676	0.2303	-0.0479	0.0399	0.9751	0.0249	49053	1411006	0.0335965875351613	T	C	FALSE	0	7.23844979549692e-08	0	0	0	0	0	1.10689e-71
rs115988467	5	135077773	0.5474	-0.0361	0.06	0.981	0.019	35345	1315724	0.0261607660304544	T	C	FALSE	0	6.27665881055244e-08	0	0	0	0	0	4.10455e-72
rs115990901	5	133869550	0.4734	-0.0243	0.0339	0.0273	0.0273	56306	1417791	0.0381969436203995	T	C	FALSE	0	3.9690010120889e-08	0	0	0	0	0	6.04915e-22
rs115995178	5	135071987	0.6028	0.0253	0.0487	0.0242	0.0242	49053	1411006	0.0335965875351613	A	G	FALSE	0	4.97186431910041e-08	0	0	0	0	0	4.50397e-72
rs116008309	5	133383668	0.7828	-0.0083	0.0301	0.9696	0.0304	56306	1417791	0.0381969436203995	C	G	FALSE	0	2.85773245038626e-08	0	0	0	0	0	1.96925e-72
rs116014869	5	134520611	0.3068	-0.0292	0.0285	0.0345	0.0345	49565	1411288	0.0339288073474881	T	C	FALSE	0	4.36577443712864e-08	0	0	0	0	0	1.9854e-72
rs1160196	5	133520447	0.09427	-0.0208	0.0124	0.1864	0.1864	56306	1417791	0.0381969436203995	T	C	FALSE	0	4.64961527759757e-08	0	0	0	0	0	5.89606e-68
rs116028331	5	135122291	0.7169	-0.0234	0.0646	0.9857	0.0143	48774	1410675	0.0334194617283646	T	G	FALSE	0	6.03471303681689e-08	0	0	0	0	0	1.06004e-71
rs116041552	5	134464201	0.001894	0.1348	0.0434	0.98	0.02	50455	1411925	0.0345019762305283	T	C	FALSE	0	3.92935044599125e-06	0	0	0	0	0	5.54166e-54
rs116056548	5	134995412	0.04418	-0.0613	0.0305	0.0346	0.0346	49053	1411006	0.0335965875351613	A	G	FALSE	0	2.00769904375364e-07	0	0	0	0	0	2.18184e-71
rs116058470	5	133663412	0.7703	0.026	0.0892	0.9897	0.0103	15558	878337	0.0174047287433088	C	G	FALSE	0	7.80785368394924e-08	0	0	0	0	0	1.93898e-72
rs116067605	5	133463446	0.9639	0.0023	0.05	0.0187	0.0187	49053	1411006	0.0335965875351613	T	C	FALSE	0	4.4917043935819e-08	0	0	0	0	0	2.48851e-72
rs116140860	5	133835644	0.9907	6e-04	0.0484	0.0205	0.0205	50092	1411760	0.0342661226991515	A	G	FALSE	0	4.35202621642985e-08	0	0	0	0	0	3.59371e-72
rs116181194	5	135145895	0.678	0.0166	0.04	0.9696	0.0304	49053	1411006	0.0335965875351613	T	G	FALSE	0	3.94163395402674e-08	0	0	0	0	0	1.97425e-72
rs116200769	5	134989838	0.2083	0.0397	0.0315	0.028	0.028	49053	1411006	0.0335965875351613	T	C	FALSE	0	6.24784956927986e-08	0	0	0	0	0	2.625e-71
rs116230820	5	133844446	0.8728	-0.0082	0.0515	0.0175	0.0175	30435	974587	0.0302829191798786	T	C	FALSE	0	4.66876733949535e-08	0	0	0	0	0	2.0552e-72
rs116251388	5	134089151	0.9408	0.0039	0.0527	0.9794	0.0206	35345	1315724	0.0261607660304544	T	C	FALSE	0	4.72627692557003e-08	0	0	0	0	0	1.97608e-72
rs116257746	5	133805534	0.7067	0.0122	0.0324	0.9679	0.0321	49565	1411288	0.0339288073474881	A	G	FALSE	0	3.17025141708251e-08	0	0	0	0	0	3.11314e-48
rs116323829	5	134859598	0.3688	0.0225	0.0251	0.9538	0.0462	49053	1411006	0.0335965875351613	T	G	FALSE	0	3.42167158503363e-08	0	0	0	0	0	3.26402e-72
rs116351544	5	134530553	0.02313	-0.0458	0.0201	0.0688	0.0688	49928	1411453	0.03416494398107	A	G	FALSE	0	2.41742333398548e-07	0	0	0	0	0	1.59216e-71
rs116372659	5	134254173	0.05536	0.0994	0.0519	0.0112	0.0112	30435	974587	0.0302829191798786	T	C	FALSE	0	2.59088369953377e-07	0	0	0	0	0	9.24913e-72
rs116460028	5	134135533	2.408e-08	-0.0872	0.0156	0.103	0.103	56306	1417791	0.0381969436203995	A	G	FALSE	0	0.0797567923447777	0	0	1	1	0	0
rs116460191	5	134007743	0.3046	-0.0333	0.0324	0.9687	0.0313	48411	1410510	0.0331827425885295	T	C	FALSE	0	4.95000381502854e-08	0	0	0	0	0	2.16265e-72
rs116489557	5	135179557	0.1758	0.1228	0.0907	0.0102	0.0102	24708	400875	0.0580568302775252	A	C	FALSE	0	1.63424535831373e-07	0	0	0	0	0	1.06565e-71
rs116493582	5	134937270	0.495	-0.1262	0.1849	0.9723	0.0276999999999999	6634	4884	0.575968050008682	T	G	FALSE	0	1.42401485942038e-07	0	0	0	0	0	1.94058e-72
rs116497982	5	133319833	0.05277	-0.0212	0.011	0.7054	0.2946	49053	1411006	0.0335965875351613	A	G	FALSE	0	6.47209494568716e-08	0	0	0	0	0	1.9923e-72
rs116513181	5	135029045	0.937	0.0032	0.041	0.0176	0.0176	48667	1410513	0.0333522937540262	T	G	FALSE	0	3.72638217062182e-08	0	0	0	0	0	2.15763e-72
rs116525348	5	134710981	0.6426	-0.0191	0.0411	0.0166	0.0166	49053	1411006	0.0335965875351613	A	G	FALSE	0	4.13075220550796e-08	0	0	0	0	0	2.45387e-72
rs116530117	5	135007549	0.7849	-0.0154	0.0563	0.0114	0.0114	28880	973126	0.0288221827015008	A	C	FALSE	0	5.19010786364358e-08	0	0	0	0	0	2.03643e-72
rs116558037	5	133217366	0.4263	0.0203	0.0255	0.0408	0.0408	49053	1411006	0.0335965875351613	A	G	FALSE	0	3.19613786055366e-08	0	0	0	0	0	2.5082e-72
rs116559600	5	133410874	0.6908	0.021	0.0529	0.9744	0.0256	34176	1314756	0.0253355988292961	C	G	FALSE	0	5.09246013811201e-08	0	0	0	0	0	2.41212e-72
rs116559806	5	134735624	0.5496	0.0248	0.0414	0.9836	0.0164	49053	1411006	0.0335965875351613	A	G	FALSE	0	4.45433196455117e-08	0	0	0	0	0	8.91873e-72
rs116585597	5	135037197	0.93	-0.0036	0.0408	0.9717	0.0283	49053	1411006	0.0335965875351613	A	C	FALSE	0	3.71195383783929e-08	0	0	0	0	0	2.48209e-72
rs116588179	5	134245707	0.06055	0.0842	0.0449	0.0205	0.0205	49053	1411006	0.0335965875351613	T	C	FALSE	0	2.16140623633877e-07	0	0	0	0	0	6.47888e-72
rs116616277	5	134581468	0.1402	-0.0645	0.0437	0.018	0.018	49053	1411006	0.0335965875351613	A	T	FALSE	0	1.11693009095638e-07	0	0	0	0	0	1.61632e-71
rs116617410	5	134701123	0.5877	0.0972	0.1793	0.0136	0.0136	6634	4884	0.575968050008682	T	C	FALSE	0	1.33983073277096e-07	0	0	0	0	0	7.27549e-72
rs116651440	5	134504599	0.3455	0.0571	0.0605	0.0176	0.0176	35345	1315724	0.0261607660304544	A	C	FALSE	0	8.05612100676606e-08	0	0	0	0	0	5.17496e-71
rs116660004	5	133860435	0.7751	-0.0102	0.0357	0.9776	0.0224	49928	1411453	0.03416494398107	A	G	FALSE	0	3.38227936689334e-08	0	0	0	0	0	2.48995e-72
rs116661206	5	134193484	0.0005872	0.1196	0.0348	0.9767	0.0233	56306	1417791	0.0381969436203995	T	C	FALSE	0	9.78886826901195e-06	0	0	0	0	1	1
rs116673880	5	134128868	0.0007499	-0.1055	0.0313	0.0283	0.0283	56306	1417791	0.0381969436203995	T	G	FALSE	0	7.31969720070545e-06	0	0	0	0	1	1
rs116697326	5	133262203	0.8481	-0.0086	0.0449	0.9707	0.0293	35345	1315724	0.0261607660304544	A	G	FALSE	0	4.12407166773475e-08	0	0	0	0	0	2.24068e-72
rs116717459	5	135179155	0.8877	0.0074	0.0522	0.0215	0.0215	35345	1315724	0.0261607660304544	A	G	FALSE	0	4.7164915120783e-08	0	0	0	0	0	2.01054e-72
rs116728180	5	133369410	0.8146	-0.0043	0.0182	0.0882	0.0882	49053	1411006	0.0335965875351613	A	G	FALSE	0	1.7237548464667e-08	0	0	0	0	0	1.91003e-70
rs116740840	5	134814314	0.6477	-0.0311	0.068	0.9869	0.0131	35345	1315724	0.0261607660304544	T	C	FALSE	0	6.54097221849485e-08	0	0	0	0	0	2.08318e-72
rs116771392	5	134623895	0.4537	0.0304	0.0405	0.9838	0.0162	49053	1411006	0.0335965875351613	C	G	FALSE	0	4.81314176060352e-08	0	0	0	0	0	3.64545e-71
rs116777849	5	134549829	0.8193	0.009	0.0393	0.0378	0.0378	35345	1315724	0.0261607660304544	T	C	FALSE	0	3.65850631374544e-08	0	0	0	0	0	6.05532e-72
rs116778377	5	134522836	0.6727	-0.0177	0.042	0.0151	0.0151	49565	1411288	0.0339288073474881	C	G	FALSE	0	4.13988518098758e-08	0	0	0	0	0	2.13458e-72
rs116779500	5	133404892	0.6787	0.0122	0.0293	0.0318	0.0318	55137	1416823	0.0374582189733417	T	C	FALSE	0	2.91935113131032e-08	0	0	0	0	0	2.14359e-72
rs116818751	5	134202639	0.802	-0.013	0.0518	0.9872	0.0128	49053	1411006	0.0335965875351613	A	G	FALSE	0	4.77772530046085e-08	0	0	0	0	0	2.2859e-72
rs116823380	5	135103083	0.5522	-0.0308	0.0518	0.015	0.015	30435	974587	0.0302829191798786	A	G	FALSE	0	5.47455658472739e-08	0	0	0	0	0	3.67772e-72
rs116830368	5	134680133	0.9101	-0.022	0.195	0.9783	0.0217000000000001	4524	3551	0.560247678018576	A	G	FALSE	0	1.29579963165665e-07	0	0	0	0	0	3.01187e-72
rs116836274	5	134878584	0.1254	0.0923	0.0602	0.9846	0.0154	35345	1315724	0.0261607660304544	A	G	FALSE	0	1.56672880748372e-07	0	0	0	0	0	3.55975e-71
rs116840277	5	133530589	0.3948	-0.0579	0.068	0.0163	0.0163	15558	878337	0.0174047287433088	A	G	FALSE	0	8.24226766178288e-08	0	0	0	0	0	2.20065e-72
rs116867744	5	133860901	0.8374	0.0074	0.036	0.0213	0.0213	49928	1411453	0.03416494398107	T	C	FALSE	0	3.34532931013035e-08	0	0	0	0	0	1.98484e-72
rs116937994	5	134315853	5.639e-07	-0.0702	0.014	0.1468	0.1468	56306	1417791	0.0381969436203995	A	G	FALSE	0	0.00350238476767546	0	0	0	0	0	4.68035e-72
rs116943537	5	134104474	0.771	0.0193	0.0663	0.0132	0.0132	35345	1315724	0.0261607660304544	A	G	FALSE	0	6.04818963882221e-08	0	0	0	0	0	5.99905e-72
rs117157231	5	133984582	0.9105	-0.0063	0.0559	0.0157	0.0157	35345	1315724	0.0261607660304544	T	G	FALSE	0	5.00967604240797e-08	0	0	0	0	0	2.00639e-72
rs11738183	5	135138782	0.3983	0.0103	0.0122	0.2227	0.2227	49053	1411006	0.0335965875351613	T	C	FALSE	0	1.60668471941569e-08	0	0	0	0	0	1.95864e-72
rs11738210	5	133200428	0.8557	0.0047	0.0259	0.0435	0.0435	49053	1411006	0.0335965875351613	T	C	FALSE	0	2.41487311213268e-08	0	0	0	0	0	1.79923e-71
rs11738241	5	135172079	0.6215	-0.0051	0.0102	0.6091	0.3909	49053	1411006	0.0335965875351613	T	G	FALSE	0	1.06746896734882e-08	0	0	0	0	0	4.06421e-72
rs11738420	5	134652996	0.2388	0.0131	0.0111	0.7173	0.2827	49053	1411006	0.0335965875351613	A	G	FALSE	0	2.05280512137193e-08	0	0	0	0	0	7.48367e-72
rs11738505	5	135135796	0.3991	0.0103	0.0122	0.2241	0.2241	49053	1411006	0.0335965875351613	A	G	FALSE	0	1.60668471941569e-08	0	0	0	0	0	1.957e-72
rs11738518	5	134987770	0.8413	-0.0019	0.0096	0.4922	0.4922	56306	1417791	0.0381969436203995	A	C	FALSE	0	9.04546716885718e-09	0	0	0	0	0	3.30125e-72
rs11738637	5	134392691	0.2217	-0.0449	0.0367	0.032	0.032	49053	1411006	0.0335965875351613	C	G	FALSE	0	6.88784920500606e-08	0	0	0	0	0	2.56659e-72
rs11738689	5	134947317	0.3349	-0.0184	0.0191	0.0774	0.0774	50455	1411925	0.0345019762305283	A	G	FALSE	0	2.78571135167444e-08	0	0	0	0	0	1.64412e-71
rs11738713	5	134947407	0.3593	-0.0217	0.0237	0.0821	0.0821	36747	1316643	0.0271518187662093	A	G	FALSE	0	3.29167453658779e-08	0	0	0	0	0	1.4797e-71
rs11738804	5	134947717	0.3355	-0.0177	0.0184	0.0804	0.0804	50455	1411925	0.0345019762305283	C	G	FALSE	0	2.68172209237195e-08	0	0	0	0	0	1.5623e-71
rs11738809	5	134977833	0.8905	-0.0013	0.0097	0.4916	0.4916	56306	1417791	0.0381969436203995	A	G	FALSE	0	9.04327773923442e-09	0	0	0	0	0	3.09885e-72
rs11738925	5	134808026	0.8071	0.0024	0.0098	0.4254	0.4254	56306	1417791	0.0381969436203995	T	C	FALSE	0	9.32976533994128e-09	0	0	0	0	0	2.39484e-72
rs11739041	5	133558885	0.9843	-9e-04	0.0466	0.9771	0.0229	49053	1411006	0.0335965875351613	T	C	FALSE	0	4.19909868945037e-08	0	0	0	0	0	1.99972e-72
rs11739215	5	135048026	0.5157	-0.0063	0.0097	0.4857	0.4857	56306	1417791	0.0381969436203995	A	G	FALSE	0	1.10616273473103e-08	0	0	0	0	0	9.32701e-72
rs11739616	5	134948309	0.4094	0.0083	0.0101	0.4522	0.4522	49053	1411006	0.0335965875351613	A	G	FALSE	0	1.30681349824491e-08	0	0	0	0	0	2.09956e-72
rs11739822	5	135031131	0.8288	0.0029	0.0136	0.1534	0.1534	56306	1417791	0.0381969436203995	A	T	FALSE	0	1.28392127878842e-08	0	0	0	0	0	2.08933e-72
rs11739844	5	135031240	0.7263	0.0048	0.0138	0.1714	0.1714	56306	1417791	0.0381969436203995	A	C	FALSE	0	1.35259418531489e-08	0	0	0	0	0	1.99669e-72
rs11739936	5	134913571	0.4387	-0.0139	0.018	0.0801	0.0801	56306	1417791	0.0381969436203995	T	C	FALSE	0	2.22917531040781e-08	0	0	0	0	0	1.12151e-71
rs11740223	5	134931493	0.478	0.013	0.0183	0.9206	0.0794	56306	1417791	0.0381969436203995	A	G	FALSE	0	2.1651395721048e-08	0	0	0	0	0	2.07062e-72
rs11740471	5	135044365	0.5252	-0.0062	0.0097	0.4868	0.4868	56306	1417791	0.0381969436203995	T	C	FALSE	0	1.09885644373577e-08	0	0	0	0	0	9.13559e-72
rs11740710	5	133384656	0.9211	0.0016	0.0164	0.8928	0.1072	49053	1411006	0.0335965875351613	T	C	FALSE	0	1.51919963666135e-08	0	0	0	0	0	2.03304e-72
rs11740970	5	133409096	0.3685	0.0086	0.0095	0.5206	0.4794	56306	1417791	0.0381969436203995	T	C	FALSE	0	1.32117168927856e-08	0	0	0	0	0	2.83959e-72
rs11741196	5	133793520	0.3602	-0.0747	0.0817	0.0105	0.0105	15558	878337	0.0174047287433088	T	C	FALSE	0	1.00104679801347e-07	0	0	0	0	0	2.65486e-72
rs11741460	5	134619586	0.3213	0.0291	0.0294	0.0354	0.0354	49053	1411006	0.0335965875351613	C	G	FALSE	0	4.34626899876087e-08	0	0	0	0	0	3.69108e-72
rs11741531	5	133205919	0.7072	-0.0053	0.0142	0.1481	0.1481	49053	1411006	0.0335965875351613	A	T	FALSE	0	1.40432679586154e-08	0	0	0	0	0	2.9419e-72
rs11741769	5	135091429	0.09378	-0.0279	0.0166	0.1919	0.1919	49053	1411006	0.0335965875351613	T	C	FALSE	0	6.22296785615514e-08	0	0	0	0	0	6.46918e-71
rs11742455	5	133599786	0.6155	0.0182	0.0362	0.0282	0.0282	49053	1411006	0.0335965875351613	T	C	FALSE	0	3.72416573409961e-08	0	0	0	0	0	2.65019e-72
rs11742557	5	134881264	0.8076	0.0044	0.0179	0.0929	0.0929	56306	1417791	0.0381969436203995	C	G	FALSE	0	1.69945655556755e-08	0	0	0	0	0	2.59053e-72
rs11742775	5	133316058	0.5969	-0.0077	0.0145	0.1382	0.1382	49053	1411006	0.0335965875351613	T	C	FALSE	0	1.53927994153258e-08	0	0	0	0	0	2.06029e-71
rs11742922	5	133411558	0.1256	-0.0308	0.0201	0.0657	0.0657	56306	1417791	0.0381969436203995	A	G	FALSE	0	5.91511954978631e-08	0	0	0	0	0	1.50613e-55
rs11743035	5	135082735	0.5567	-0.0059	0.01	0.5157	0.4843	50092	1411760	0.0342661226991515	A	G	FALSE	0	1.09908540193965e-08	0	0	0	0	0	4.3391e-72
rs11743255	5	133681460	0.3473	0.0251	0.0267	0.9465	0.0535	49565	1411288	0.0339288073474881	T	C	FALSE	0	3.77911505700961e-08	0	0	0	0	0	5.81699e-22
rs11743278	5	133399789	0.57	-0.0055	0.0097	0.4567	0.4567	56306	1417791	0.0381969436203995	A	G	FALSE	0	1.05216507516775e-08	0	0	0	0	0	2.34652e-72
rs11743382	5	135158665	0.4142	-0.0081	0.01	0.4854	0.4854	49053	1411006	0.0335965875351613	A	G	FALSE	0	1.28158083245863e-08	0	0	0	0	0	7.92167e-72
rs11743714	5	133384609	0.9263	0.0015	0.0164	0.8927	0.1073	49053	1411006	0.0335965875351613	A	G	FALSE	0	1.51833022766686e-08	0	0	0	0	0	2.03673e-72
rs11743984	5	135014630	0.5856	0.007	0.0129	0.1765	0.1765	56306	1417791	0.0381969436203995	T	C	FALSE	0	1.37891097111916e-08	0	0	0	0	0	2.1466e-72
rs11743994	5	135076793	0.657	0.0056	0.0127	0.1931	0.1931	49053	1411006	0.0335965875351613	A	G	FALSE	0	1.29167710996186e-08	0	0	0	0	0	1.93995e-72
rs11744040	5	135083974	0.5598	-0.0058	0.01	0.5158	0.4842	50092	1411760	0.0342661226991515	A	G	FALSE	0	1.09269046307372e-08	0	0	0	0	0	4.30652e-72
rs11744496	5	135124005	0.3495	-0.0121	0.013	0.483	0.483	35345	1315724	0.0261607660304544	T	G	FALSE	0	1.84727269231295e-08	0	0	0	0	0	9.92067e-72
rs11744538	5	134439961	0.2897	-0.0216	0.0204	0.9315	0.0685	50455	1411925	0.0345019762305283	C	G	FALSE	0	3.26959861007956e-08	0	0	0	0	0	3.67722e-72
rs11744615	5	135184805	0.01223	-0.0333	0.0133	0.1849	0.1849	49053	1411006	0.0335965875351613	T	C	FALSE	0	2.78181592637866e-07	0	0	0	0	0	4.6497e-70
rs11744659	5	134783091	0.8529	0.0147	0.0792	0.0125	0.0125	22448	884957	0.024738677878125	T	C	FALSE	0	6.91405436819747e-08	0	0	0	0	0	2.00513e-72
rs11744702	5	135124803	0.3391	-0.012	0.0126	0.7751	0.2249	49053	1411006	0.0335965875351613	T	G	FALSE	0	1.82752732595488e-08	0	0	0	0	0	8.04813e-72
rs11744958	5	134619814	0.6854	0.0213	0.0527	0.9851	0.0149	49053	1411006	0.0335965875351613	T	G	FALSE	0	5.0883462998231e-08	0	0	0	0	0	2.46781e-72
rs11745068	5	134475494	0.8271	0.0027	0.0123	0.1929	0.1929	56306	1417791	0.0381969436203995	T	G	FALSE	0	1.16327522120712e-08	0	0	0	0	0	1.94796e-72
rs11745107	5	134947359	0.3427	0.0181	0.0191	0.9226	0.0774	50455	1411925	0.0345019762305283	A	G	FALSE	0	2.74458831922003e-08	0	0	0	0	0	1.96133e-72
rs11745158	5	135130390	0.4543	-0.0097	0.0129	0.807	0.193	49053	1411006	0.0335965875351613	T	C	FALSE	0	1.57808389036052e-08	0	0	0	0	0	4.04271e-72
rs11745326	5	135130889	0.4285	-0.0097	0.0123	0.7766	0.2234	49053	1411006	0.0335965875351613	T	C	FALSE	0	1.54809456957273e-08	0	0	0	0	0	6.068e-72
rs11745473	5	135051361	0.5228	0.0062	0.0098	0.4858	0.4858	56306	1417791	0.0381969436203995	T	C	FALSE	0	1.10556298245325e-08	0	0	0	0	0	1.98401e-72
rs11745792	5	133310785	0.6489	0.0066	0.0146	0.8618	0.1382	49053	1411006	0.0335965875351613	T	C	FALSE	0	1.49111628827047e-08	0	0	0	0	0	3.86088e-72
rs11745842	5	134835684	0.3737	0.0092	0.0104	0.634	0.366	50455	1411925	0.0345019762305283	T	C	FALSE	0	1.41934917829862e-08	0	0	0	0	0	9.39715e-72
rs11745938	5	133219341	0.183	-0.0136	0.0102	0.4316	0.4316	49053	1411006	0.0335965875351613	T	C	FALSE	0	2.28690085750232e-08	0	0	0	0	0	3.82606e-72
rs11746304	5	135061175	0.2546	0.0111	0.0098	0.5089	0.4911	56306	1417791	0.0381969436203995	C	G	FALSE	0	1.71707821691997e-08	0	0	0	0	0	1.93852e-72
rs11746518	5	134207053	0.7094	-0.0068	0.0183	0.1282	0.1282	30435	974587	0.0302829191798786	T	C	FALSE	0	1.80529230930582e-08	0	0	0	0	0	2.02886e-72
rs11746540	5	133380096	0.8854	-0.0024	0.0165	0.1079	0.1079	49053	1411006	0.0335965875351613	A	G	FALSE	0	1.53725990967522e-08	0	0	0	0	0	2.22388e-72
rs11747106	5	135014555	0.2808	0.0175	0.0162	0.1745	0.1745	42598	1322509	0.0312048799105125	A	G	FALSE	0	2.66693733909234e-08	0	0	0	0	0	1.94216e-72
rs11747467	5	133770502	0.8187	0.0042	0.0185	0.0908	0.0908	49053	1411006	0.0335965875351613	C	G	FALSE	0	1.74820330911169e-08	0	0	0	0	0	2.93827e-72
rs11747528	5	133976554	0.2	-0.0146	0.0114	0.317	0.317	49053	1411006	0.0335965875351613	T	C	FALSE	0	2.38442946488702e-08	0	0	0	0	0	4.3831e-63
rs11747540	5	135083852	0.6708	0.0043	0.0101	0.4662	0.4662	49053	1411006	0.0335965875351613	T	C	FALSE	0	1.02141152929571e-08	0	0	0	0	0	1.95299e-72
rs11748092	5	135124724	0.3688	0.0113	0.0125	0.2243	0.2243	49053	1411006	0.0335965875351613	T	C	FALSE	0	1.73381325743138e-08	0	0	0	0	0	1.96597e-72
rs11748103	5	135124755	0.435	0.0099	0.0127	0.2256	0.2256	47884	1410038	0.032844006743845	T	C	FALSE	0	1.58681219251968e-08	0	0	0	0	0	1.93775e-72
rs11748515	5	133373614	0.5387	0.0096	0.0156	0.8765	0.1235	49053	1411006	0.0335965875351613	T	G	FALSE	0	1.73666737965381e-08	0	0	0	0	0	5.06727e-72
rs11748585	5	134963653	0.2718	-0.0206	0.0187	0.0789	0.0789	50455	1411925	0.0345019762305283	T	C	FALSE	0	3.14308445176603e-08	0	0	0	0	0	1.82239e-71
rs11748616	5	134933618	0.4447	-0.0143	0.0187	0.0786	0.0786	50455	1411925	0.0345019762305283	T	C	FALSE	0	2.30147617899691e-08	0	0	0	0	0	1.10949e-71
rs11748631	5	134963631	0.3084	-0.0191	0.0187	0.0793	0.0793	50455	1411925	0.0345019762305283	A	G	FALSE	0	2.8886686082471e-08	0	0	0	0	0	1.55682e-71
rs11748719	5	135130668	0.4204	0.0099	0.0123	0.2245	0.2245	49053	1411006	0.0335965875351613	T	C	FALSE	0	1.56820444754345e-08	0	0	0	0	0	1.94248e-72
rs11748749	5	133817576	0.4624	-0.0389	0.053	0.0197	0.0197	35345	1315724	0.0261607660304544	A	G	FALSE	0	6.09555343649131e-08	0	0	0	0	0	2.67681e-72
rs11748856	5	135164389	0.3092	-0.0103	0.0101	0.4677	0.4677	49053	1411006	0.0335965875351613	T	C	FALSE	0	1.56747019339519e-08	0	0	0	0	0	1.31346e-71
rs11748975	5	135104564	0.5988	-0.0069	0.0131	0.806	0.194	49053	1411006	0.0335965875351613	C	G	FALSE	0	1.38835635870532e-08	0	0	0	0	0	3.32249e-72
rs11749292	5	133353340	0.6952	-0.0057	0.0145	0.139	0.139	49053	1411006	0.0335965875351613	T	C	FALSE	0	1.44471827129557e-08	0	0	0	0	0	1.60945e-71
rs11749402	5	135145851	0.4006	-0.0084	0.01	0.4842	0.4842	49053	1411006	0.0335965875351613	C	G	FALSE	0	1.3136146609863e-08	0	0	0	0	0	8.16083e-72
rs11749405	5	135140075	0.3795	0.0117	0.0133	0.1734	0.1734	49053	1411006	0.0335965875351613	C	G	FALSE	0	1.80455738453932e-08	0	0	0	0	0	2.24913e-72
rs11749455	5	134964543	0.276	-0.0206	0.0189	0.0786	0.0786	50455	1411925	0.0345019762305283	T	C	FALSE	0	3.13609114244458e-08	0	0	0	0	0	1.60245e-71
rs11749469	5	133943185	0.3147	-0.0722	0.0718	0.0142	0.0142	27181	402373	0.0632772596693314	A	G	FALSE	0	9.78315506733245e-08	0	0	0	0	0	2.88579e-72
rs11749471	5	134455776	0.1667	0.0273	0.0197	0.0708	0.0708	50455	1411925	0.0345019762305283	A	G	FALSE	0	4.69403514866071e-08	0	0	0	0	0	4.9358e-72
rs11749507	5	134480005	0.5494	0.0132	0.022	0.0709	0.0709	50455	1411925	0.0345019762305283	A	G	FALSE	0	2.41669902596279e-08	0	0	0	0	0	3.93791e-72
rs11749603	5	133399003	0.09793	0.0228	0.0138	0.844	0.156	56306	1417791	0.0381969436203995	C	G	FALSE	0	4.95398161072979e-08	0	0	0	0	0	1.43024e-59
rs11749604	5	134904975	0.4883	-0.0123	0.0177	0.0834	0.0834	56306	1417791	0.0381969436203995	T	C	FALSE	0	2.07252302166235e-08	0	0	0	0	0	9.92065e-72
rs11749616	5	134839862	0.5228	0.0066	0.0104	0.6231	0.3769	49565	1411288	0.0339288073474881	A	G	FALSE	0	1.17445793647971e-08	0	0	0	0	0	7.84575e-72
rs11749969	5	134945947	0.3598	-0.0169	0.0184	0.0801	0.0801	50455	1411925	0.0345019762305283	T	C	FALSE	0	2.57518979697984e-08	0	0	0	0	0	1.46419e-71
rs11750258	5	134845879	0.8186	0.0037	0.0163	0.0965	0.0965	56306	1417791	0.0381969436203995	T	C	FALSE	0	1.54183589160322e-08	0	0	0	0	0	2.59021e-72
rs11750335	5	133530217	0.8249	0.0089	0.0401	0.0315	0.0315	36235	1316361	0.0267892260512378	A	G	FALSE	0	3.7242796221687e-08	0	0	0	0	0	1.96455e-72
rs11750461	5	135083822	0.6748	0.0042	0.01	0.4671	0.4671	49053	1411006	0.0335965875351613	A	G	FALSE	0	1.00888168108169e-08	0	0	0	0	0	1.95452e-72
rs11750503	5	135111563	0.6516	-0.0059	0.013	0.5129	0.4871	35345	1315724	0.0261607660304544	T	C	FALSE	0	1.32965824041038e-08	0	0	0	0	0	3.7828e-72
rs11750841	5	134504406	0.3001	0.0154	0.0149	0.8372	0.1628	49928	1411453	0.03416494398107	A	G	FALSE	0	2.33798974461964e-08	0	0	0	0	0	6.3376e-72
rs11948103	5	135059728	0.567	-0.0062	0.0109	0.6969	0.3031	49053	1411006	0.0335965875351613	A	G	FALSE	0	1.18305189501939e-08	0	0	0	0	0	1.93783e-72
rs11948108	5	133230077	0.5856	0.0136	0.0249	0.0479	0.0479	49053	1411006	0.0335965875351613	T	C	FALSE	0	2.64741865194066e-08	0	0	0	0	0	2.13431e-72
rs11948190	5	133318259	0.5659	-0.0059	0.0102	0.4133	0.4133	49053	1411006	0.0335965875351613	A	G	FALSE	0	1.11345980262486e-08	0	0	0	0	0	7.36894e-72
rs11948207	5	134816737	0.816	-0.0022	0.0095	0.5187	0.4813	56306	1417791	0.0381969436203995	C	G	FALSE	0	9.01626209374585e-09	0	0	0	0	0	2.04224e-72
rs11948430	5	133406969	0.2726	0.0106	0.0097	0.5057	0.4943	56306	1417791	0.0381969436203995	A	C	FALSE	0	1.62606599940887e-08	0	0	0	0	0	1.71293e-71
rs11948444	5	134452410	0.7673	0.0032	0.0108	0.3189	0.3189	50455	1411925	0.0345019762305283	T	C	FALSE	0	1.04225240336171e-08	0	0	0	0	0	5.14485e-69
rs11948459	5	134452379	0.6543	0.0047	0.0106	0.3299	0.3299	50455	1411925	0.0345019762305283	C	G	FALSE	0	1.08004422945118e-08	0	0	0	0	0	2.88721e-69
rs11948578	5	135130200	0.4168	0.011	0.0136	0.1725	0.1725	49053	1411006	0.0335965875351613	A	C	FALSE	0	1.73825389772006e-08	0	0	0	0	0	2.1541e-72
rs11948583	5	135130278	0.4334	0.0096	0.0123	0.2237	0.2237	49053	1411006	0.0335965875351613	A	G	FALSE	0	1.53828847795359e-08	0	0	0	0	0	1.93876e-72
rs11948613	5	133947011	2.85e-08	0.0866	0.0156	0.8977	0.1023	56306	1417791	0.0381969436203995	T	C	FALSE	0	0.0644588498172847	0	0	0	0	0	0
rs11949579	5	134978746	0.5564	0.0388	0.0659	0.0124	0.0124	29266	973619	0.0291818104767745	T	C	FALSE	0	6.76985180242369e-08	0	0	0	0	0	3.13296e-72
rs11949657	5	133869935	0.2295	0.0184	0.0153	0.895	0.105	56306	1417791	0.0381969436203995	A	C	FALSE	0	2.89618483156387e-08	0	0	0	0	0	1.0654e-20
rs11950083	5	135167203	0.83	-0.0026	0.0121	0.7835	0.2165	49053	1411006	0.0335965875351613	A	C	FALSE	0	1.14328546003454e-08	0	0	0	0	0	2.06759e-72
rs11950109	5	133225694	0.4186	-0.0187	0.0232	0.9452	0.0548	49053	1411006	0.0335965875351613	A	G	FALSE	0	2.93740816626928e-08	0	0	0	0	0	2.66707e-72
rs11950221	5	135144568	0.9839	-3e-04	0.0131	0.1878	0.1878	49053	1411006	0.0335965875351613	C	G	FALSE	0	1.20956230663588e-08	0	0	0	0	0	2.11822e-72
rs11950260	5	135144860	0.4157	-0.0103	0.0127	0.8086	0.1914	49053	1411006	0.0335965875351613	T	C	FALSE	0	1.62689704803943e-08	0	0	0	0	0	4.29069e-72
rs11950409	5	134556555	0.01148	0.0429	0.017	0.8994	0.1006	49565	1411288	0.0339288073474881	T	C	FALSE	0	3.69808363008437e-07	0	0	0	0	0	1.54273e-69
rs11950433	5	135014169	0.9063	0.0017	0.0141	0.8491	0.1509	50455	1411925	0.0345019762305283	C	G	FALSE	0	1.31055917298842e-08	0	0	0	0	0	2.11954e-72
rs11950533	5	134199105	7.161e-09	-0.0916	0.0158	0.102	0.102	56306	1417791	0.0381969436203995	A	C	TRUE	0	0.261017540353462	0	0	0	0	0	0
rs11950696	5	134914233	0.1828	0.0319	0.0239	0.0483	0.0483	49053	1411006	0.0335965875351613	T	C	FALSE	0	5.28315273851494e-08	0	0	0	0	0	3.95105e-72
rs11950728	5	135086843	0.8446	0.0022	0.011	0.2954	0.2954	49053	1411006	0.0335965875351613	A	T	FALSE	0	1.03650088475428e-08	0	0	0	0	0	2.22306e-72
rs11950793	5	135090083	0.7633	-0.004	0.0133	0.8286	0.1714	49053	1411006	0.0335965875351613	A	G	FALSE	0	1.28416702712927e-08	0	0	0	0	0	2.40637e-72
rs11950943	5	133916719	2.309e-08	0.0859	0.0154	0.8915	0.1085	56306	1417791	0.0381969436203995	A	T	FALSE	0	0.0739158980327281	0	0	0	0	1	1
rs11951162	5	134557037	0.02509	0.045	0.0201	0.931	0.069	49565	1411288	0.0339288073474881	T	C	FALSE	0	2.21156938110226e-07	0	0	0	0	0	8.07865e-71
rs11951836	5	135151757	0.4256	-0.0106	0.0133	0.8287	0.1713	49053	1411006	0.0335965875351613	A	G	FALSE	0	1.68418832980084e-08	0	0	0	0	0	3.70405e-72
rs11951856	5	133375120	0.7759	-0.0058	0.0203	0.0999	0.0999	49053	1411006	0.0335965875351613	C	G	FALSE	0	1.94531126351711e-08	0	0	0	0	0	2.14286e-71
rs11952145	5	133310029	0.6592	-0.0064	0.0146	0.1381	0.1381	49053	1411006	0.0335965875351613	A	G	FALSE	0	1.48209799585031e-08	0	0	0	0	0	1.67579e-71
rs11952507	5	133416131	0.2292	-0.0203	0.0169	0.1	0.1	56306	1417791	0.0381969436203995	A	C	FALSE	0	3.18861981632013e-08	0	0	0	0	0	9.62204e-72
rs11952666	5	135113243	0.9886	-2e-04	0.0117	0.2855	0.2855	49053	1411006	0.0335965875351613	A	T	FALSE	0	1.08063843574122e-08	1	1	0	0	0	2.0281e-72
rs11953030	5	135197998	0.8567	-0.0023	0.0127	0.1988	0.1988	49053	1411006	0.0335965875351613	T	G	FALSE	0	1.19178104402219e-08	0	0	0	0	0	2.05499e-72
rs11953143	5	133906527	0.001075	-0.0618	0.0189	0.0768	0.0768	55137	1416823	0.0374582189733417	T	C	FALSE	0	3.48227294151245e-06	0	0	0	0	1	1
rs11953724	5	133368087	0.516	0.01	0.0153	0.8777	0.1223	49053	1411006	0.0335965875351613	T	C	FALSE	0	1.74509908412057e-08	0	0	0	0	0	4.35715e-72
rs11954280	5	134405982	0.1401	0.0157	0.0106	0.6728	0.3272	50455	1411925	0.0345019762305283	T	C	FALSE	0	2.92349803461841e-08	0	0	0	0	0	5.08054e-71
rs11954354	5	135129687	0.456	-0.0092	0.0124	0.777	0.223	49053	1411006	0.0335965875351613	T	G	FALSE	0	1.50604063024259e-08	0	0	0	0	0	5.66495e-72
rs11954642	5	133318066	0.6066	-0.0068	0.0133	0.1734	0.1734	49053	1411006	0.0335965875351613	T	G	FALSE	0	1.39823509444453e-08	0	0	0	0	0	5.00059e-70
rs11954900	5	133333988	0.9913	-2e-04	0.0143	0.8535	0.1465	49053	1411006	0.0335965875351613	T	C	FALSE	0	1.31960572509867e-08	0	0	0	0	0	7.59387e-72
rs11954902	5	135084986	0.7813	0.0031	0.011	0.2921	0.2921	49053	1411006	0.0335965875351613	A	C	FALSE	0	1.05707092520487e-08	0	0	0	0	0	2.32731e-72
rs11955110	5	135130042	0.4155	-0.01	0.0123	0.7769	0.2231	49053	1411006	0.0335965875351613	A	G	FALSE	0	1.57851304428903e-08	0	0	0	0	0	6.30636e-72
rs11955140	5	134160040	6.879e-08	0.0866	0.016	0.8977	0.1023	56306	1417791	0.0381969436203995	T	C	FALSE	0	0.0308898915602181	0	0	0	0	0	0
rs11955291	5	133375119	0.8035	-0.005	0.0202	0.0999	0.0999	49053	1411006	0.0335965875351613	A	T	FALSE	0	1.91641953444046e-08	0	0	0	0	0	2.01906e-71
rs11955396	5	135060316	0.6518	0.0051	0.0113	0.3017	0.3017	49053	1411006	0.0335965875351613	T	C	FALSE	0	1.15518331637272e-08	0	0	0	0	0	3.45878e-72
rs11955687	5	135113250	0.9894	2e-04	0.0117	0.7145	0.2855	49053	1411006	0.0335965875351613	A	G	FALSE	0	1.08063843574122e-08	0	0	0	0	0	2.05075e-72
rs11956597	5	134098758	4.295e-08	0.0871	0.0159	0.8971	0.1029	56306	1417791	0.0381969436203995	A	T	FALSE	0	0.0438032399983083	0	0	0	0	0	0
rs11956644	5	133885803	0.0001508	0.0551	0.0145	0.8808	0.1192	56306	1417791	0.0381969436203995	C	G	FALSE	0	1.76040906244962e-05	0	0	0	0	1	1
rs11956708	5	135167358	0.9429	9e-04	0.0125	0.1997	0.1997	49053	1411006	0.0335965875351613	T	C	FALSE	0	1.1570654399944e-08	0	0	0	0	0	2.20798e-72
rs11956750	5	133368048	0.1835	0.0186	0.014	0.8499	0.1501	49053	1411006	0.0335965875351613	A	C	FALSE	0	3.10926600751568e-08	0	0	0	0	0	1.23739e-71
rs11956751	5	135167308	0.8694	0.002	0.0123	0.217	0.217	49053	1411006	0.0335965875351613	T	G	FALSE	0	1.15074240737106e-08	0	0	0	0	0	2.55452e-72
rs11956867	5	135014037	0.5844	0.007	0.0129	0.1759	0.1759	56306	1417791	0.0381969436203995	A	T	FALSE	0	1.37891097111916e-08	0	0	0	0	0	2.14909e-72
rs11956902	5	133870005	0.2696	-0.0173	0.0156	0.1039	0.1039	56306	1417791	0.0381969436203995	T	C	FALSE	0	2.65105443705212e-08	0	0	0	0	0	2.4678e-47
rs11956946	5	133211538	0.4378	-0.0225	0.0289	0.9641	0.0359	49053	1411006	0.0335965875351613	T	C	FALSE	0	3.56050909173193e-08	0	0	0	0	0	4.31856e-72
rs11957028	5	135102268	0.8828	0.0016	0.0111	0.2963	0.2963	49053	1411006	0.0335965875351613	T	G	FALSE	0	1.03592006552727e-08	0	0	0	0	0	2.16239e-72
rs11957446	5	133321171	0.9137	-0.002	0.0186	0.138	0.138	35345	1315724	0.0261607660304544	A	C	FALSE	0	1.72307913818003e-08	0	0	0	0	0	8.69437e-72
rs11957499	5	133321299	0.6121	-0.0074	0.0146	0.1378	0.1378	49053	1411006	0.0335965875351613	T	C	FALSE	0	1.53059586492988e-08	0	0	0	0	0	1.90645e-71
rs11958506	5	135130062	0.4225	0.0099	0.0123	0.2237	0.2237	49053	1411006	0.0335965875351613	T	C	FALSE	0	1.56820444754345e-08	0	0	0	0	0	1.94233e-72
rs11958557	5	135130216	0.4224	0.0099	0.0123	0.2237	0.2237	49053	1411006	0.0335965875351613	T	C	FALSE	0	1.56820444754345e-08	0	0	0	0	0	1.94235e-72
rs11959022	5	135030882	0.7455	0.0045	0.0137	0.1506	0.1506	56306	1417791	0.0381969436203995	T	G	FALSE	0	1.33412327828325e-08	0	0	0	0	0	1.99379e-72
rs11959041	5	134608056	0.8218	0.0082	0.0365	0.0231	0.0231	49053	1411006	0.0335965875351613	T	C	FALSE	0	3.40375188156488e-08	0	0	0	0	0	2.20378e-72
rs11959140	5	134608227	0.342	0.0284	0.0299	0.0345	0.0345	49053	1411006	0.0335965875351613	C	G	FALSE	0	4.25273258279943e-08	0	0	0	0	0	2.42836e-72
rs11959218	5	135145215	0.4159	-0.0107	0.0132	0.8269	0.1731	49053	1411006	0.0335965875351613	C	G	FALSE	0	1.68992728674266e-08	0	0	0	0	0	3.74168e-72
rs11959233	5	135145421	0.7414	0.0194	0.0587	0.0113	0.0113	47884	1410038	0.032844006743845	T	C	FALSE	0	5.47904691682635e-08	0	0	0	0	0	2.47441e-72
rs11959243	5	134367329	0.2367	-0.0185	0.0156	0.885	0.115	49053	1411006	0.0335965875351613	A	G	FALSE	0	2.89414001677275e-08	0	0	0	0	0	3.78416e-70
rs11959280	5	135027745	0.7002	0.0053	0.0139	0.1517	0.1517	56306	1417791	0.0381969436203995	A	G	FALSE	0	1.37898646695202e-08	0	0	0	0	0	1.96845e-72
rs11959283	5	135085279	0.6578	-0.0063	0.0143	0.2901	0.2901	35345	1315724	0.0261607660304544	T	G	FALSE	0	1.45322961567437e-08	0	0	0	0	0	1.94678e-72
rs11959298	5	134367540	0.2318	-0.0189	0.0158	0.886	0.114	49053	1411006	0.0335965875351613	A	G	FALSE	0	2.96666291294826e-08	0	0	0	0	0	3.65011e-70
rs11959304	5	135027834	0.7576	0.0042	0.0137	0.154	0.154	56306	1417791	0.0381969436203995	A	G	FALSE	0	1.32492237659544e-08	0	0	0	0	0	1.99848e-72
rs11959703	5	135110801	0.8782	0.0017	0.0113	0.2952	0.2952	49053	1411006	0.0335965875351613	A	G	FALSE	0	1.05550082574455e-08	0	0	0	0	0	2.16768e-72
rs11959707	5	135110812	0.59	-0.0073	0.0136	0.8246	0.1754	49053	1411006	0.0335965875351613	C	G	FALSE	0	1.4487252119513e-08	0	0	0	0	0	2.91254e-72
rs11960138	5	133919215	2.261e-05	-0.0685	0.0162	0.0973	0.0973	56306	1417791	0.0381969436203995	A	G	FALSE	0	0.000107499761405203	0	0	0	0	0	9.01593e-72
rs11960171	5	133919354	2.469e-05	-0.0714	0.0169	0.0872	0.0872	56306	1417791	0.0381969436203995	A	G	FALSE	0	0.000109895131220555	0	0	0	0	1	1
rs11960212	5	135146700	0.8985	0.0016	0.0123	0.212	0.212	49053	1411006	0.0335965875351613	A	C	FALSE	0	1.14529948975061e-08	0	0	0	0	0	2.43217e-72
rs11960303	5	135111040	0.8834	0.0016	0.0112	0.297	0.297	49053	1411006	0.0335965875351613	A	C	FALSE	0	1.04503061500899e-08	0	0	0	0	0	2.16095e-72
rs11960307	5	135111084	0.6351	-0.0067	0.0142	0.2951	0.2951	35345	1315724	0.0261607660304544	T	C	FALSE	0	1.46375857406608e-08	0	0	0	0	0	1.956e-72
rs11960401	5	133229955	0.6244	0.0116	0.0238	0.0531	0.0531	49053	1411006	0.0335965875351613	T	C	FALSE	0	2.45787934371687e-08	0	0	0	0	0	2.23342e-72
rs11960442	5	134870640	0.0163	0.4867	0.2026	0.0117	0.0117	6634	4884	0.575968050008682	A	G	FALSE	0	5.46953274350739e-07	0	0	0	0	0	1.99977e-72
rs11960589	5	133874020	0.0008883	-0.0518	0.0156	0.1059	0.1059	56306	1417791	0.0381969436203995	A	G	FALSE	0	3.44925661822994e-06	0	0	0	0	1	1
rs11960693	5	134371987	0.2126	-0.0194	0.0156	0.8844	0.1156	49053	1411006	0.0335965875351613	T	C	FALSE	0	3.10292611113913e-08	0	0	0	0	0	2.72825e-70
rs12054661	5	134492847	0.7699	0.0029	0.0098	0.6483	0.3517	56306	1417791	0.0381969436203995	C	G	FALSE	0	9.45906132652168e-09	0	0	0	0	0	2.24183e-72
rs12054866	5	133894781	0.0001068	-0.0563	0.0145	0.1192	0.1192	56306	1417791	0.0381969436203995	T	C	FALSE	0	2.41522196638875e-05	0	0	0	0	0	0
rs12055186	5	133557607	0.925	-0.0019	0.0205	0.0675	0.0675	50455	1411925	0.0345019762305283	T	C	FALSE	0	1.89453862550797e-08	0	0	0	0	0	1.00646e-71
rs12152911	5	135107781	0.8975	-0.0014	0.0112	0.7033	0.2967	49053	1411006	0.0335965875351613	A	T	FALSE	0	1.04254211980765e-08	0	0	0	0	0	1.97429e-72
rs12153016	5	135177468	0.9922	-1e-04	0.0126	0.8043	0.1957	49053	1411006	0.0335965875351613	T	C	FALSE	0	1.16331464105998e-08	0	0	0	0	0	2.17179e-72
rs12153067	5	135109355	0.8919	-0.0015	0.0112	0.7031	0.2969	49053	1411006	0.0335965875351613	A	G	FALSE	0	1.04374415171795e-08	0	0	0	0	0	1.97072e-72
rs12153069	5	135109444	0.8971	-0.0015	0.0112	0.7031	0.2969	49053	1411006	0.0335965875351613	A	C	FALSE	0	1.04374415171795e-08	0	0	0	0	0	1.96958e-72
rs12153176	5	135128844	0.4362	-0.0096	0.0124	0.775	0.225	49053	1411006	0.0335965875351613	T	C	FALSE	0	1.54317836346633e-08	0	0	0	0	0	5.95005e-72
rs12153181	5	135128815	0.4449	-0.0094	0.0124	0.775	0.225	49053	1411006	0.0335965875351613	A	G	FALSE	0	1.52429889015139e-08	0	0	0	0	0	5.8081e-72
rs12153182	5	135128854	0.427	-0.0098	0.0123	0.7761	0.2239	49053	1411006	0.0335965875351613	A	G	FALSE	0	1.55806576580518e-08	0	0	0	0	0	6.15719e-72
rs12153200	5	134664107	0.6877	0.0056	0.0139	0.8448	0.1552	49053	1411006	0.0335965875351613	A	G	FALSE	0	1.39064880092068e-08	0	0	0	0	0	2.20037e-72
rs12153284	5	134003275	0.009258	0.0287	0.011	0.7269	0.2731	56306	1417791	0.0381969436203995	T	C	FALSE	0	3.02447748349356e-07	0	0	0	0	0	2.29458e-72
rs12153608	5	135109300	0.9089	0.0013	0.0112	0.2977	0.2977	49053	1411006	0.0335965875351613	T	C	FALSE	0	1.04142423109344e-08	2	1	0	0	0	2.13378e-72
rs12153753	5	134664577	0.7115	-0.0051	0.0139	0.154	0.154	49053	1411006	0.0335965875351613	T	C	FALSE	0	1.37161916734051e-08	0	0	0	0	0	1.99301e-72
rs12163993	5	133887780	8.957e-07	-0.0672	0.0137	0.1359	0.1359	56306	1417791	0.0381969436203995	A	G	FALSE	0	0.00200475263499889	0	0	0	0	0	0
rs12163997	5	133888003	8.982e-07	-0.0672	0.0137	0.1359	0.1359	56306	1417791	0.0381969436203995	T	C	FALSE	0	0.00200475263499889	0	0	0	0	1	1
rs12173146	5	133510116	0.9181	-0.0021	0.0204	0.9383	0.0617	56306	1417791	0.0381969436203995	T	C	FALSE	0	1.88726639286816e-08	0	0	0	0	0	3.2168e-72
rs12186712	5	134803721	0.7072	0.0036	0.0097	0.4923	0.4923	55137	1416823	0.0374582189733417	T	G	FALSE	0	9.60007214536347e-09	0	0	0	0	0	2.06509e-72
rs12186792	5	135036669	0.664	-0.005	0.0116	0.769	0.231	56306	1417791	0.0381969436203995	A	G	FALSE	0	1.17519677243281e-08	0	0	0	0	0	1.97087e-72
rs12186910	5	135107196	0.8833	-0.0016	0.0112	0.7044	0.2956	49053	1411006	0.0335965875351613	A	G	FALSE	0	1.04503061500899e-08	0	0	0	0	0	1.96775e-72
rs12186937	5	135107628	0.8961	-0.0015	0.0112	0.7033	0.2967	49053	1411006	0.0335965875351613	A	G	FALSE	0	1.04374415171795e-08	0	0	0	0	0	1.97084e-72
rs12187270	5	134825907	0.8281	-0.0021	0.0097	0.5432	0.4568	56306	1417791	0.0381969436203995	T	C	FALSE	0	9.17462954156645e-09	0	0	0	0	0	1.95428e-72
rs12187306	5	134501931	0.3714	-0.1018	0.1139	0.0142	0.0142	26421	442271	0.056371775067635	T	C	FALSE	0	1.23788156284738e-07	0	0	0	0	0	3.35324e-72
rs12187476	5	133240214	0.832	-0.0032	0.0153	0.6701	0.3299	16727	879305	0.0186678600764258	C	G	FALSE	0	1.44225184709076e-08	0	0	0	0	0	1.04335e-71
rs12187968	5	135080521	0.8201	0.0025	0.011	0.294	0.294	49053	1411006	0.0335965875351613	A	T	FALSE	0	1.04253930949243e-08	0	0	0	0	0	2.28418e-72
rs12188282	5	135106392	0.8333	0.0023	0.0111	0.298	0.298	49053	1411006	0.0335965875351613	A	G	FALSE	0	1.0474248311893e-08	0	0	0	0	0	2.23151e-72
rs12188364	5	135036840	0.6075	0.0059	0.0116	0.2312	0.2312	56306	1417791	0.0381969436203995	A	G	FALSE	0	1.21867661223174e-08	0	0	0	0	0	3.67659e-72
rs12188702	5	135080391	0.7386	0.0044	0.013	0.2007	0.2007	49053	1411006	0.0335965875351613	A	G	FALSE	0	1.27049196620399e-08	0	0	0	0	0	1.9424e-72
rs12189128	5	135106351	0.2558	0.0187	0.0165	0.1919	0.1919	35345	1315724	0.0261607660304544	T	C	FALSE	0	2.87880477731162e-08	0	0	0	0	0	2.3526e-72
rs12234026	5	133414637	0.2112	-0.0258	0.0206	0.0646	0.0646	56306	1417791	0.0381969436203995	T	C	FALSE	0	4.11893261590581e-08	0	0	0	0	0	1.08594e-54
rs12332608	5	133816501	0.2179	-0.0145	0.0118	0.2248	0.2248	56306	1417791	0.0381969436203995	A	C	FALSE	0	2.31234045486528e-08	0	0	0	0	0	6.50508e-67
rs12374471	5	135108996	0.858	-0.002	0.0112	0.7043	0.2957	49053	1411006	0.0335965875351613	A	C	FALSE	0	1.05102726533475e-08	0	0	0	0	0	1.95591e-72
rs12374511	5	134846824	0.5341	0.0075	0.012	0.7789	0.2211	49053	1411006	0.0335965875351613	A	C	FALSE	0	1.34614849374139e-08	0	0	0	0	0	1.98881e-72
rs12374549	5	135108875	0.8604	0.002	0.0112	0.2964	0.2964	49053	1411006	0.0335965875351613	A	C	FALSE	0	1.05102726533475e-08	0	0	0	0	0	2.19861e-72
rs12513674	5	135084677	0.7159	0.0037	0.01	0.4672	0.4672	49053	1411006	0.0335965875351613	A	G	FALSE	0	9.89200461120008e-09	0	0	0	0	0	1.97095e-72
rs12513700	5	134987142	0.189	0.0413	0.0315	0.0263	0.0263	49053	1411006	0.0335965875351613	A	C	FALSE	0	6.65895570671798e-08	0	0	0	0	0	3.05281e-71
rs12513723	5	135172455	0.9651	6e-04	0.0126	0.1956	0.1956	49053	1411006	0.0335965875351613	A	G	FALSE	0	1.16459258641779e-08	0	0	0	0	0	2.2342e-72
rs12513724	5	135084884	0.6845	0.0041	0.01	0.4663	0.4663	49053	1411006	0.0335965875351613	A	G	FALSE	0	1.00471389569008e-08	0	0	0	0	0	1.9575e-72
rs12513938	5	135188044	0.7899	-0.0034	0.0128	0.1987	0.1987	49053	1411006	0.0335965875351613	T	C	FALSE	0	1.22392331595085e-08	0	0	0	0	0	1.99331e-72
rs12513955	5	135012466	0.5174	0.02	0.0309	0.027	0.027	49053	1411006	0.0335965875351613	T	C	FALSE	0	3.46623632790041e-08	0	0	0	0	0	8.22688e-72
rs12514014	5	134558028	0.9784	-5e-04	0.0182	0.0878	0.0878	47884	1410038	0.032844006743845	T	G	FALSE	0	1.6773215111264e-08	0	0	0	0	0	1.46134e-70
rs12514034	5	135005599	0.5068	-0.0206	0.031	0.9731	0.0269	49053	1411006	0.0335965875351613	A	T	FALSE	0	3.51575148456766e-08	0	0	0	0	0	2.09122e-72
rs12514385	5	133201502	0.6776	0.0043	0.0104	0.3648	0.3648	49053	1411006	0.0335965875351613	T	G	FALSE	0	1.04626441354332e-08	0	0	0	0	0	2.28532e-71
rs12514418	5	133777231	0.9928	-1e-04	0.0115	0.4675	0.4675	30435	974587	0.0302829191798786	T	C	FALSE	0	1.06211275336105e-08	0	0	0	0	0	8.06941e-66
rs12514887	5	135170111	0.8149	-0.0028	0.0121	0.7833	0.2167	49053	1411006	0.0335965875351613	T	C	FALSE	0	1.14749455958087e-08	0	0	0	0	0	2.05875e-72
rs12514949	5	134985040	0.2095	0.0394	0.0314	0.0265	0.0265	49053	1411006	0.0335965875351613	A	T	FALSE	0	6.18702060485921e-08	0	0	0	0	0	2.6882e-71
rs12515157	5	133202612	0.7512	0.0038	0.0119	0.2316	0.2316	49053	1411006	0.0335965875351613	A	G	FALSE	0	1.15615796165642e-08	0	0	0	0	0	5.60435e-72
rs12515184	5	135167478	0.9511	-8e-04	0.0125	0.8003	0.1997	49053	1411006	0.0335965875351613	A	G	FALSE	0	1.15643861544014e-08	0	0	0	0	0	2.0783e-72
rs12515289	5	135195361	0.9686	-5e-04	0.0123	0.2166	0.2166	49053	1411006	0.0335965875351613	C	G	FALSE	0	1.13662186565231e-08	0	0	0	0	0	2.30166e-72
rs12515309	5	135044010	0.8612	0.0051	0.0292	0.031	0.031	49053	1411006	0.0335965875351613	T	C	FALSE	0	2.71307524810003e-08	0	0	0	0	0	2.8528e-72
rs12515413	5	134496552	0.372	-0.0108	0.0121	0.3742	0.3742	42598	1322509	0.0312048799105125	T	C	FALSE	0	1.6616069916289e-08	0	0	0	0	0	4.30535e-72
rs12515479	5	135074697	0.814	-0.0031	0.0132	0.8253	0.1747	49053	1411006	0.0335965875351613	A	G	FALSE	0	1.25235606490964e-08	0	0	0	0	0	2.32703e-72
rs12515798	5	134305197	0.3846	0.0117	0.0135	0.1762	0.1762	47884	1410038	0.032844006743845	T	C	FALSE	0	1.81084700480384e-08	0	0	0	0	0	4.56384e-71
rs12516165	5	135133583	0.7734	-0.0087	0.0303	0.9692	0.0308000000000001	49053	1411006	0.0335965875351613	A	T	FALSE	0	2.88528484534912e-08	0	0	0	0	0	2.0922e-72
rs12516279	5	134348503	0.1561	-0.022	0.0155	0.8834	0.1166	49053	1411006	0.0335965875351613	A	G	FALSE	0	3.89090527809169e-08	0	0	0	0	0	1.82877e-70
rs12516288	5	135147671	0.8295	-0.0028	0.0129	0.81	0.19	49053	1411006	0.0335965875351613	T	C	FALSE	0	1.21912812568778e-08	0	0	0	0	0	1.99659e-72
rs12516451	5	133894300	0.03756	-0.0251	0.0121	0.7952	0.2048	56306	1417791	0.0381969436203995	C	G	FALSE	0	9.53133285607256e-08	0	0	0	0	0	1.07095e-70
rs12516549	5	135026871	0.6286	-0.0146	0.0303	0.9709	0.0291	49053	1411006	0.0335965875351613	C	G	FALSE	0	3.1043712430658e-08	0	0	0	0	0	1.99975e-72
rs12516742	5	133252302	0.8728	-0.0027	0.0167	0.8682	0.1318	30435	974587	0.0302829191798786	A	T	FALSE	0	1.55961599586924e-08	0	0	0	0	0	4.49098e-71
rs12516971	5	133784798	0.08288	-0.021	0.0121	0.2166	0.2166	50455	1411925	0.0345019762305283	T	C	FALSE	0	5.01010418160844e-08	0	0	0	0	0	6.64877e-63
rs12517037	5	135127724	0.7519	0.0096	0.0305	0.0309	0.0309	49053	1411006	0.0335965875351613	A	C	FALSE	0	2.92755245142639e-08	0	0	0	0	0	3.18752e-72
rs12517064	5	134532562	0.001747	0.0378	0.0121	0.2227	0.2227	49928	1411453	0.03416494398107	A	C	FALSE	0	1.44415390081426e-06	0	0	0	0	0	8.98957e-71
rs12517241	5	133346043	0.1849	0.0144	0.0108	0.3328	0.3328	49053	1411006	0.0335965875351613	T	C	FALSE	0	2.42037006799098e-08	0	0	0	0	0	1.65235e-71
rs12517780	5	134408266	0.1375	-0.0158	0.0106	0.3277	0.3277	50455	1411925	0.0345019762305283	C	G	FALSE	0	2.96465015994569e-08	0	0	0	0	0	1.36576e-65
rs12518383	5	135025245	0.5173	-0.02	0.031	0.9728	0.0272	49053	1411006	0.0335965875351613	T	C	FALSE	0	3.47250541293271e-08	0	0	0	0	0	2.08957e-72
rs12518451	5	134874040	0.7697	-0.0035	0.0121	0.23	0.23	49053	1411006	0.0335965875351613	A	T	FALSE	0	1.16484315209808e-08	0	0	0	0	0	2.39171e-72
rs12519150	5	134984857	0.1999	0.0405	0.0316	0.0262	0.0262	49053	1411006	0.0335965875351613	T	C	FALSE	0	6.4343966468124e-08	0	0	0	0	0	2.89363e-71
rs12519189	5	134996246	0.1558	0.0563	0.0396	0.0261	0.0261	35345	1315724	0.0261607660304544	A	T	FALSE	0	9.5033161862005e-08	0	0	0	0	0	3.6993e-71
rs12519253	5	135005553	0.4871	0.0218	0.0313	0.0266	0.0266	49053	1411006	0.0335965875351613	A	G	FALSE	0	3.62477759428177e-08	0	0	0	0	0	8.98983e-72
rs12519356	5	134528928	0.283	0.0108	0.0101	0.6315	0.3685	56306	1417791	0.0381969436203995	A	G	FALSE	0	1.65044022446198e-08	0	0	0	0	0	8.94654e-72
rs12519376	5	133410654	0.1654	-0.0163	0.0117	0.4805	0.4805	42598	1322509	0.0312048799105125	T	G	FALSE	0	2.84211170817337e-08	0	0	0	0	0	5.76799e-72
rs12519481	5	134784086	0.945	-8e-04	0.0123	0.1992	0.1992	56306	1417791	0.0381969436203995	A	G	FALSE	0	1.13808229228039e-08	0	0	0	0	0	1.93545e-72
rs12519506	5	133201441	0.6911	-0.0041	0.0104	0.6341	0.3659	49053	1411006	0.0335965875351613	A	C	FALSE	0	1.038192053524e-08	0	0	0	0	0	1.92777e-70
rs12519714	5	135113947	0.6747	0.0054	0.013	0.4871	0.4871	35345	1315724	0.0261607660304544	A	G	FALSE	0	1.30770840817041e-08	0	0	0	0	0	2.01426e-72
rs12519869	5	133904350	0.045	0.0214	0.0107	0.2908	0.2908	56306	1417791	0.0381969436203995	T	C	FALSE	0	7.26183293278511e-08	0	0	0	0	0	2.54991e-72
rs12519914	5	133839534	0.03299	0.0278	0.013	0.1524	0.1524	56306	1417791	0.0381969436203995	T	C	FALSE	0	1.16961075146998e-07	0	0	0	0	0	2.12635e-72
rs12519940	5	133904597	0.04371	0.0216	0.0107	0.2907	0.2907	56306	1417791	0.0381969436203995	T	C	FALSE	0	7.53895018209052e-08	0	0	0	0	0	2.59089e-72
rs12519953	5	133839550	0.03266	0.0278	0.013	0.1525	0.1525	56306	1417791	0.0381969436203995	A	G	FALSE	0	1.16961075146998e-07	0	0	0	0	0	2.12932e-72
rs12520063	5	133538600	0.3619	-0.0144	0.0157	0.1837	0.1837	42598	1322509	0.0312048799105125	A	T	FALSE	0	2.19935529119421e-08	0	0	0	0	0	7.48863e-66
rs12520136	5	134371333	0.0009153	-0.0356	0.0108	0.2526	0.2526	56306	1417791	0.0381969436203995	A	C	FALSE	0	2.2466372336214e-06	0	0	0	0	0	1.37525e-63
rs12520423	5	134447159	0.6779	0.0044	0.0106	0.3284	0.3284	50455	1411925	0.0345019762305283	T	G	FALSE	0	1.06703905203828e-08	0	0	0	0	0	3.57355e-69
rs12520545	5	134773683	0.07513	0.0249	0.014	0.1693	0.1693	49053	1411006	0.0335965875351613	A	T	FALSE	0	6.23441599696352e-08	0	0	0	0	0	6.1254e-72
rs12521005	5	135159002	0.3896	0.0113	0.0132	0.1731	0.1731	49053	1411006	0.0335965875351613	T	C	FALSE	0	1.7548791706494e-08	0	0	0	0	0	2.20787e-72
rs12521010	5	135167993	0.8361	0.0025	0.0121	0.2169	0.2169	49053	1411006	0.0335965875351613	C	G	FALSE	0	1.14130319998781e-08	0	0	0	0	0	2.64864e-72
rs12521319	5	134855618	0.6733	0.0051	0.0121	0.7684	0.2316	49053	1411006	0.0335965875351613	A	G	FALSE	0	1.22067794564646e-08	0	0	0	0	0	1.94385e-72
rs12521337	5	135133475	0.733	0.0104	0.0306	0.0302	0.0302	49053	1411006	0.0335965875351613	T	G	FALSE	0	2.96059618082943e-08	0	0	0	0	0	3.26445e-72
rs12521633	5	133352222	0.05385	0.0215	0.0112	0.2715	0.2715	49053	1411006	0.0335965875351613	A	G	FALSE	0	6.49237419905725e-08	0	0	0	0	0	1.95435e-69
rs12521839	5	135100344	0.621	0.005	0.0102	0.4871	0.4871	49053	1411006	0.0335965875351613	T	C	FALSE	0	1.06231350871479e-08	0	0	0	0	0	1.97361e-72
rs12522259	5	135185877	0.8851	-0.0018	0.0126	0.198	0.198	49053	1411006	0.0335965875351613	A	G	FALSE	0	1.17516169598064e-08	0	0	0	0	0	2.0443e-72
rs12522445	5	135170123	0.615	0.0078	0.0155	0.2165	0.2165	35345	1315724	0.0261607660304544	T	C	FALSE	0	1.62130891711087e-08	0	0	0	0	0	3.49978e-72
rs12522532	5	134450121	0.6154	-0.0053	0.0106	0.6711	0.3289	50455	1411925	0.0345019762305283	C	G	FALSE	0	1.10918675847042e-08	0	0	0	0	0	2.41363e-67
rs12522691	5	134355607	0.1226	0.0242	0.0157	0.1151	0.1151	49053	1411006	0.0335965875351613	A	G	FALSE	0	4.71523185166129e-08	0	0	0	0	0	2.35305e-64
rs12522746	5	134350026	0.1234	0.0241	0.0156	0.1159	0.1159	49053	1411006	0.0335965875351613	T	C	FALSE	0	4.71082055626767e-08	0	0	0	0	0	2.93607e-64
rs12522845	5	134975748	0.2452	0.0393	0.0338	0.0247	0.0247	49053	1411006	0.0335965875351613	A	G	FALSE	0	5.94825124764533e-08	0	0	0	0	0	2.59181e-71
rs12523211	5	133250691	0.1188	0.0168	0.0108	0.656	0.344	49053	1411006	0.0335965875351613	T	C	FALSE	0	3.3333400685741e-08	0	0	0	0	0	9.9765e-70
rs12523223	5	135076315	0.5398	0.0061	0.01	0.4837	0.4837	50092	1411760	0.0342661226991515	C	G	FALSE	0	1.11232059150056e-08	0	0	0	0	0	1.94001e-72
rs12523411	5	134986986	0.1838	0.0418	0.0315	0.0263	0.0263	49053	1411006	0.0335965875351613	T	C	FALSE	0	6.79640048875896e-08	0	0	0	0	0	2.92319e-71
rs12523450	5	135194223	0.8013	0.0032	0.0126	0.801	0.199	49053	1411006	0.0335965875351613	A	G	FALSE	0	1.20125212828075e-08	0	0	0	0	0	2.59532e-72
rs12652061	5	133820856	0.675	0.0064	0.0152	0.2316	0.2316	35857	1316006	0.0265241374310858	A	G	FALSE	0	1.5312357730611e-08	0	0	0	0	0	4.0399e-70
rs12652317	5	133891073	0.03036	-0.0248	0.0114	0.7681	0.2319	56306	1417791	0.0381969436203995	C	G	FALSE	0	1.11353050713376e-07	0	0	0	0	0	1.60639e-70
rs12652626	5	134483588	0.6474	0.0129	0.0283	0.0379	0.0379	49053	1411006	0.0335965875351613	T	C	FALSE	0	2.87004219086562e-08	0	0	0	0	0	1.93709e-72
rs12653438	5	135125523	0.4376	0.0096	0.0124	0.2274	0.2274	49053	1411006	0.0335965875351613	C	G	FALSE	0	1.54317836346633e-08	0	0	0	0	0	1.93585e-72
rs12653449	5	135125439	0.4503	-0.0094	0.0124	0.7731	0.2269	49053	1411006	0.0335965875351613	A	G	FALSE	0	1.52429889015139e-08	0	0	0	0	0	5.98277e-72
rs12653452	5	135125474	0.4401	-0.0096	0.0124	0.7731	0.2269	49053	1411006	0.0335965875351613	A	G	FALSE	0	1.54317836346633e-08	0	0	0	0	0	6.20723e-72
rs12654006	5	134825448	0.522	0.0116	0.0181	0.9172	0.0828	49053	1411006	0.0335965875351613	C	G	FALSE	0	2.04430332921758e-08	0	0	0	0	0	2.20021e-72
rs12654022	5	135147315	0.8025	-0.0026	0.0105	0.6579	0.3421	49053	1411006	0.0335965875351613	T	C	FALSE	0	1.00009812953767e-08	0	0	0	0	0	2.0928e-72
rs12654034	5	134825485	0.4864	-0.0117	0.0168	0.1013	0.1013	49053	1411006	0.0335965875351613	T	G	FALSE	0	1.97032062789759e-08	0	0	0	0	0	2.65482e-72
rs12654063	5	135147536	0.8288	-0.0023	0.0105	0.6585	0.3415	49053	1411006	0.0335965875351613	T	C	FALSE	0	9.93471188460765e-09	0	0	0	0	0	2.11667e-72
rs12654290	5	135121825	0.7938	0.003	0.0114	0.2943	0.2943	49053	1411006	0.0335965875351613	A	C	FALSE	0	1.08984028718584e-08	0	0	0	0	0	2.19167e-72
rs12654326	5	134780133	0.387	-0.0138	0.016	0.1093	0.1093	49053	1411006	0.0335965875351613	T	G	FALSE	0	2.13509779286381e-08	0	0	0	0	0	9.48513e-71
rs12654633	5	135127366	0.4436	-0.0095	0.0124	0.7762	0.2238	49053	1411006	0.0335965875351613	A	G	FALSE	0	1.53365989534466e-08	0	0	0	0	0	6.04296e-72
rs12654915	5	135113953	0.6328	0.0068	0.0142	0.7045	0.2955	35345	1315724	0.0261607660304544	T	C	FALSE	0	1.4686421306402e-08	0	0	0	0	0	2.66802e-72
rs12654944	5	134036784	1.506e-08	-0.0916	0.0162	0.0993	0.0993	56306	1417791	0.0381969436203995	A	G	FALSE	0	0.117897584709014	0	0	0	0	0	0
rs12654962	5	134307612	3.539e-06	-0.0668	0.0144	0.1259	0.1259	56306	1417791	0.0381969436203995	C	G	FALSE	0	0.000591790808105229	0	0	0	0	0	0
rs12654977	5	134307718	0.007168	-0.0474	0.0176	0.1268	0.1268	42598	1322509	0.0312048799105125	A	G	FALSE	0	5.92824348369266e-07	0	0	0	0	0	0
rs12655053	5	133216012	0.3761	0.0166	0.0187	0.0813	0.0813	49053	1411006	0.0335965875351613	T	C	FALSE	0	2.54540210245156e-08	0	0	0	0	0	3.63385e-72
rs12655131	5	133216371	0.3583	0.0182	0.0198	0.0767	0.0767	49053	1411006	0.0335965875351613	A	G	FALSE	0	2.76955773315524e-08	0	0	0	0	0	3.60981e-72
rs12655433	5	133979933	3.079e-08	0.087	0.0157	0.8975	0.1025	56306	1417791	0.0381969436203995	A	G	FALSE	0	0.0613576795470075	0	0	0	0	0	0
rs12655589	5	135125310	0.4279	0.0099	0.0124	0.23	0.23	49053	1411006	0.0335965875351613	T	C	FALSE	0	1.57270091596399e-08	0	0	0	0	0	1.93729e-72
rs12655593	5	135125344	0.4313	-0.0098	0.0124	0.7718	0.2282	49053	1411006	0.0335965875351613	A	T	FALSE	0	1.56269659142252e-08	0	0	0	0	0	6.53218e-72
rs12655863	5	133923910	2.513e-08	0.0871	0.0156	0.8971	0.1029	56306	1417791	0.0381969436203995	T	G	FALSE	0	0.0769678130393199	0	0	0	0	0	0
rs12655967	5	134038185	0.006191	-0.0304	0.0111	0.2685	0.2685	56306	1417791	0.0381969436203995	A	G	FALSE	0	4.31102820773144e-07	0	0	0	0	0	2.64926e-72
rs12656013	5	134309116	2.952e-06	-0.0673	0.0144	0.1257	0.1257	56306	1417791	0.0381969436203995	A	G	FALSE	0	0.000695057622641599	0	0	0	0	1	1
rs12656039	5	134427397	0.2488	0.0134	0.0116	0.7352	0.2648	31837	975506	0.0316049250354646	A	G	FALSE	0	2.08303583787614e-08	0	0	0	0	0	2.73711e-68
rs12656341	5	135121144	0.8211	0.0033	0.0145	0.7184	0.2816	35345	1315724	0.0261607660304544	T	C	FALSE	0	1.37274928055835e-08	0	0	0	0	0	2.05745e-72
rs12656771	5	135127385	0.4321	-0.0097	0.0124	0.7758	0.2242	49053	1411006	0.0335965875351613	A	T	FALSE	0	1.55285650901093e-08	0	0	0	0	0	6.19241e-72
rs12656794	5	135113868	0.9187	-0.0012	0.0113	0.7028	0.2972	49053	1411006	0.0335965875351613	A	G	FALSE	0	1.04954383246733e-08	0	0	0	0	0	1.98117e-72
rs12657038	5	134036566	0.002482	0.0348	0.0115	0.7435	0.2565	56306	1417791	0.0381969436203995	T	G	FALSE	0	1.01873864415514e-06	0	0	0	0	0	2.35089e-64
rs12657299	5	133255622	0.03572	-0.0225	0.0107	0.3471	0.3471	49053	1411006	0.0335965875351613	C	G	FALSE	0	8.96136129586118e-08	0	0	0	0	0	1.9958e-72
rs12657484	5	134503751	0.3833	0.0095	0.0109	0.7139	0.2861	56306	1417791	0.0381969436203995	T	C	FALSE	0	1.47033305992422e-08	0	0	0	0	0	3.79721e-72
rs12657663	5	134076812	1.942e-08	-0.0922	0.0164	0.0974	0.0974	56306	1417791	0.0381969436203995	A	G	FALSE	0	0.0993002284227633	0	0	0	0	0	0
rs12657792	5	134606802	0.3327	-0.0108	0.0112	0.3026	0.3026	49053	1411006	0.0335965875351613	T	C	FALSE	0	1.64434812216291e-08	0	0	0	0	0	5.84562e-72
rs12657812	5	134539285	0.4585	0.0078	0.0105	0.6878	0.3122	56306	1417791	0.0381969436203995	T	C	FALSE	0	1.27721861142178e-08	0	0	0	0	0	4.9635e-72
rs12657870	5	133203745	0.6922	0.0056	0.0142	0.8545	0.1455	49053	1411006	0.0335965875351613	A	G	FALSE	0	1.41570250709297e-08	0	0	0	0	0	7.18951e-72
rs12658395	5	133616495	0.0505	-0.5974	0.3054	0.023	0.023	3238	2710	0.544384667114997	A	G	FALSE	0	2.74850300720111e-07	0	0	0	0	0	2.72885e-71
rs12658795	5	133872704	0.02903	0.027	0.0124	0.186	0.186	56306	1417791	0.0381969436203995	A	G	FALSE	0	1.21436189577479e-07	0	0	0	0	0	9.61991e-69
rs12658868	5	134160995	2.324e-08	0.0872	0.0156	0.8976	0.1024	56306	1417791	0.0381969436203995	A	G	FALSE	0	0.0797567923447777	0	0	2	1	1	1
rs12659030	5	134490348	0.9591	-6e-04	0.0109	0.2607	0.2607	56306	1417791	0.0381969436203995	T	C	FALSE	0	1.00835084637245e-08	0	0	0	0	0	1.96346e-72
rs12659478	5	134815119	0.5935	-0.0088	0.0165	0.1024	0.1024	49053	1411006	0.0335965875351613	T	C	FALSE	0	1.75199531635095e-08	0	0	0	0	0	2.43304e-72
rs12659489	5	133424635	0.08814	-0.1417	0.0831	0.01	0.01	29266	973619	0.0291818104767745	C	G	FALSE	0	2.45255765578029e-07	0	0	0	0	0	1.27193e-70
rs12659621	5	134581461	0.3379	-0.0099	0.0103	0.439	0.439	49053	1411006	0.0335965875351613	A	G	FALSE	0	1.50838951443958e-08	0	0	0	0	0	6.1804e-70
rs12659998	5	133235165	0.2386	0.0227	0.0192	0.0776	0.0776	49053	1411006	0.0335965875351613	T	C	FALSE	0	3.5337995016484e-08	0	0	0	0	0	3.58271e-72
rs12719469	5	133318669	0.5573	-0.006	0.0102	0.4143	0.4143	49053	1411006	0.0335965875351613	A	G	FALSE	0	1.11982925733667e-08	0	0	0	0	0	7.52624e-72
rs12719470	5	133412596	0.3688	0.0085	0.0095	0.5228	0.4772	56306	1417791	0.0381969436203995	A	G	FALSE	0	1.30874233825546e-08	0	0	0	0	0	2.62224e-72
rs12719478	5	135155907	0.7937	-0.0039	0.0148	0.8693	0.1307	49053	1411006	0.0335965875351613	T	C	FALSE	0	1.41333620822307e-08	0	0	0	0	0	1.93493e-72
rs13153737	5	133980769	0.07925	-0.0243	0.0139	0.8456	0.1544	49053	1411006	0.0335965875351613	A	C	FALSE	0	5.86946676572536e-08	0	0	0	0	0	7.77913e-72
rs13153899	5	134515035	0.001653	0.038	0.0121	0.2222	0.2222	49928	1411453	0.03416494398107	T	C	FALSE	0	1.52060339321508e-06	0	0	0	0	0	5.34833e-71
rs13154651	5	133369519	0.5471	0.0099	0.0164	0.8671	0.1329	49053	1411006	0.0335965875351613	T	C	FALSE	0	1.81201815657541e-08	0	0	0	0	0	2.51706e-62
rs13154718	5	134126803	0.8029	0.0123	0.0492	0.0232	0.0232	35345	1315724	0.0261607660304544	T	C	FALSE	0	4.55173458814218e-08	0	0	0	0	0	1.94479e-72
rs13155224	5	133348962	0.174	-0.015	0.011	0.6901	0.3099	49053	1411006	0.0335965875351613	C	G	FALSE	0	2.56731054982938e-08	0	0	0	0	0	2.30006e-72
rs13156291	5	133343674	0.5969	-0.0054	0.0102	0.4367	0.4367	49053	1411006	0.0335965875351613	C	G	FALSE	0	1.08370912349763e-08	0	0	0	0	0	5.35595e-72
rs13156456	5	134924160	0.6943	0.0044	0.0112	0.2902	0.2902	49053	1411006	0.0335965875351613	A	G	FALSE	0	1.11717270576726e-08	0	0	0	0	0	3.41706e-72
rs13156642	5	134924405	0.1655	-0.0154	0.0111	0.6989	0.3011	49053	1411006	0.0335965875351613	C	G	FALSE	0	2.67620461761392e-08	0	0	0	0	0	1.01229e-71
rs13157092	5	133646354	0.9507	-0.0019	0.0302	0.9452	0.0548	49416	1411171	0.0338329726336055	T	G	FALSE	0	2.76773745258418e-08	0	0	0	0	0	2.07419e-71
rs13157171	5	133947256	0.4422	0.0158	0.0205	0.1185	0.1185	35708	1315889	0.0264191175328149	A	T	FALSE	0	2.53109131388133e-08	0	0	0	0	0	2.00565e-72
rs13157627	5	134954976	0.1735	0.0141	0.0104	0.3735	0.3735	49053	1411006	0.0335965875351613	A	G	FALSE	0	2.40261584482415e-08	0	0	0	0	0	2.51349e-72
rs13158124	5	135065979	0.7415	-0.0044	0.0133	0.8282	0.1718	49053	1411006	0.0335965875351613	A	G	FALSE	0	1.29636720234161e-08	0	0	0	0	0	2.4711e-72
rs13158375	5	134759527	0.008435	0.0363	0.0138	0.1599	0.1599	49053	1411006	0.0335965875351613	A	T	FALSE	0	3.98459195364461e-07	0	0	0	0	0	5.91042e-70
rs13158422	5	134489505	0.6802	0.004	0.0097	0.6448	0.3552	56306	1417791	0.0381969436203995	T	C	FALSE	0	9.75604846662226e-09	0	0	0	0	0	2.41811e-72
rs13158916	5	135060683	0.6405	0.0053	0.0113	0.2991	0.2991	49053	1411006	0.0335965875351613	T	C	FALSE	0	1.16460020342605e-08	0	0	0	0	0	3.40572e-72
rs13159752	5	135078116	0.7559	-0.0034	0.011	0.7084	0.2916	49053	1411006	0.0335965875351613	A	G	FALSE	0	1.06559715918056e-08	0	0	0	0	0	1.93502e-72
rs13160606	5	135106193	0.9047	0.0013	0.0112	0.2969	0.2969	49053	1411006	0.0335965875351613	T	C	FALSE	0	1.04142423109344e-08	0	0	0	0	0	2.1341e-72
rs13161445	5	135018695	0.6885	-0.0107	0.0268	0.0546	0.0546	49053	1411006	0.0335965875351613	A	G	FALSE	0	2.65733887232012e-08	0	0	0	0	0	1.95186e-72
rs13162964	5	133325014	0.2194	-0.0193	0.0157	0.1168	0.1168	49053	1411006	0.0335965875351613	T	C	FALSE	0	3.06815272892102e-08	0	0	0	0	0	1.41365e-71
rs13163398	5	134110769	0.7999	-0.0137	0.054	0.9805	0.0195	35345	1315724	0.0261607660304544	C	G	FALSE	0	4.96951999255553e-08	0	0	0	0	0	2.42224e-72
rs13163460	5	134665082	0.3485	-0.012	0.0128	0.1942	0.1942	49053	1411006	0.0335965875351613	T	G	FALSE	0	1.83049713735016e-08	0	0	0	0	0	9.52042e-72
rs13163585	5	135092977	0.8496	-0.0021	0.011	0.7044	0.2956	49053	1411006	0.0335965875351613	T	C	FALSE	0	1.03466634811763e-08	0	0	0	0	0	1.95333e-72
rs13163612	5	135085700	0.8323	-0.0023	0.011	0.7057	0.2943	49053	1411006	0.0335965875351613	T	C	FALSE	0	1.03842423199068e-08	0	0	0	0	0	1.94696e-72
rs13163866	5	135089064	0.9019	0.0014	0.0114	0.2818	0.2818	49053	1411006	0.0335965875351613	T	C	FALSE	0	1.06081090248093e-08	0	0	0	0	0	2.12612e-72
rs13165759	5	134834401	0.4179	-0.0084	0.0104	0.3648	0.3648	50455	1411925	0.0345019762305283	T	G	FALSE	0	1.33014134282945e-08	0	0	0	0	0	1.96403e-72
rs13166195	5	133350922	0.6103	-0.0077	0.0152	0.1263	0.1263	49053	1411006	0.0335965875351613	A	G	FALSE	0	1.59283548310877e-08	0	0	0	0	0	4.11587e-72
rs13166234	5	133270999	0.03302	-0.0256	0.012	0.765	0.235	49053	1411006	0.0335965875351613	T	C	FALSE	0	1.06976981395526e-07	0	0	0	0	0	1.42831e-71
rs13167496	5	134822283	0.3282	0.0189	0.0193	0.0714	0.0714	49053	1411006	0.0335965875351613	T	C	FALSE	0	2.85782755181591e-08	0	0	0	0	0	8.09291e-72
rs13167664	5	135162467	0.7005	-0.0054	0.0139	0.8448	0.1552	49053	1411006	0.0335965875351613	C	G	FALSE	0	1.38279177670532e-08	0	0	0	0	0	1.93571e-72
rs13168015	5	133840309	0.1409	0.0235	0.016	0.1038	0.1038	56306	1417791	0.0381969436203995	A	G	FALSE	0	4.30888315701338e-08	0	0	0	0	0	1.68832e-71
rs13168241	5	133333249	0.05272	-0.0211	0.0109	0.7044	0.2956	49053	1411006	0.0335965875351613	A	T	FALSE	0	6.52002844411902e-08	0	0	0	0	0	1.99726e-72
rs13168399	5	135014936	0.2783	0.0176	0.0162	0.1745	0.1745	42598	1322509	0.0312048799105125	A	G	FALSE	0	2.68471453482108e-08	0	0	0	0	0	1.94319e-72
rs13168444	5	135086328	0.8463	-0.0021	0.011	0.704	0.296	49053	1411006	0.0335965875351613	T	C	FALSE	0	1.03466634811763e-08	0	0	0	0	0	1.95301e-72
rs13168459	5	134465141	0.2094	-0.021	0.0167	0.2914	0.2914	18129	880224	0.0201802632150168	A	G	FALSE	0	3.37575981090503e-08	0	0	0	0	0	9.02175e-72
rs13169435	5	133303819	0.5413	0.0072	0.0117	0.3931	0.3931	30435	974587	0.0302829191798786	T	C	FALSE	0	1.30487823348805e-08	0	0	0	0	0	2.09925e-72
rs13169968	5	135090544	0.8426	-0.0022	0.011	0.7045	0.2955	49053	1411006	0.0335965875351613	A	G	FALSE	0	1.03650088475428e-08	0	0	0	0	0	1.95028e-72
rs13170007	5	135076582	0.6394	0.006	0.0128	0.1947	0.1947	49053	1411006	0.0335965875351613	T	C	FALSE	0	1.31829896004594e-08	0	0	0	0	0	1.93688e-72
rs13170246	5	135023781	0.4963	0.0065	0.0096	0.4076	0.4076	56306	1417791	0.0381969436203995	T	G	FALSE	0	1.11497524276102e-08	0	0	0	0	0	2.35223e-72
rs13170582	5	134372821	0.9505	0.0016	0.0265	0.0478	0.0478	49053	1411006	0.0335965875351613	A	C	FALSE	0	2.43454481874425e-08	0	0	0	0	0	1.45012e-67
rs13170738	5	135090968	0.8498	-0.0021	0.011	0.7035	0.2965	49053	1411006	0.0335965875351613	C	G	FALSE	0	1.03466634811763e-08	0	0	0	0	0	1.9526e-72
rs13170954	5	134837194	0.4214	0.0084	0.0104	0.633	0.367	49928	1411453	0.03416494398107	A	C	FALSE	0	1.33014134282945e-08	0	0	0	0	0	8.92934e-72
rs13171268	5	134955385	0.1784	-0.0139	0.0103	0.626	0.374	49053	1411006	0.0335965875351613	C	G	FALSE	0	2.35969255090026e-08	0	0	0	0	0	1.39935e-71
rs13171441	5	135080655	0.6021	-0.0074	0.0141	0.2935	0.2935	35345	1315724	0.0261607660304544	T	C	FALSE	0	1.49221249109277e-08	0	0	0	0	0	1.96481e-72
rs13172196	5	134689862	0.04103	-0.1003	0.0491	0.0208	0.0208	49053	1411006	0.0335965875351613	A	G	FALSE	0	3.15626460806362e-07	0	0	0	0	0	4.23068e-72
rs13172210	5	133816705	0.905	-0.0014	0.0119	0.2318	0.2318	49565	1411288	0.0339288073474881	T	C	FALSE	0	1.10649036288013e-08	0	0	0	0	0	7.60707e-71
rs13172363	5	134589142	0.01349	-0.137	0.0555	0.9853	0.0147	35345	1315724	0.0261607660304544	A	G	FALSE	0	8.3734144884245e-07	0	0	0	0	0	4.80339e-71
rs13172520	5	134448701	0.6848	0.0043	0.0106	0.3273	0.3273	50455	1411925	0.0345019762305283	A	C	FALSE	0	1.06292754005807e-08	0	0	0	0	0	3.66453e-69
rs13172962	5	135103120	0.8735	0.0018	0.0111	0.2966	0.2966	49053	1411006	0.0335965875351613	A	G	FALSE	0	1.03877384916441e-08	0	0	0	0	0	2.18297e-72
