SNP	CHR	POS	P	Effect	StdErr	Freq	MAF	N_cases	N_controls	proportion_cases	A1	A2	leadSNP	ABF.Credible_Set	ABF.PP	SUSIE.Credible_Set	SUSIE.PP	POLYFUN_SUSIE.Credible_Set	POLYFUN_SUSIE.PP	FINEMAP.Credible_Set	FINEMAP.PP
rs4621278	3	123018342	0.89	0.0014	0.0103	0.3904	0.3904	49053	1411006	0.0335965875351613	C	G	FALSE	0	1.68550712327937e-11	0	0	0	0	0	3.68043e-245
rs4629377	3	121536106	0.1756	-0.025	0.0185	0.0794	0.0794	56306	1417791	0.0381969436203995	C	G	FALSE	0	7.39551527924855e-11	0	0	0	0	0	1.07388e-242
rs4630884	3	123068743	0.7265	-0.0034	0.0097	0.5462	0.4538	56306	1417791	0.0381969436203995	A	G	FALSE	0	1.67241966231462e-11	0	0	0	0	0	3.90039e-246
rs4634051	3	122180728	0.002868	-0.0319	0.0107	0.2992	0.2992	56306	1417791	0.0381969436203995	A	G	FALSE	0	1.45804212690243e-09	0	0	0	0	0	2.38375e-222
rs4638910	3	122011957	0.553	-0.0082	0.0138	0.8576	0.1424	56306	1417791	0.0381969436203995	T	G	FALSE	0	2.66453542392468e-11	0	0	0	0	0	8.07127e-245
rs4642169	3	121560223	0.000231	0.0356	0.0097	0.3829	0.3829	56306	1417791	0.0381969436203995	A	G	FALSE	0	1.3024581280959e-08	0	0	0	0	0	2.66963e-244
rs4645167	3	121521978	0.000196	-0.0358	0.0096	0.6138	0.3862	56306	1417791	0.0381969436203995	T	C	FALSE	0	1.6035973291814e-08	0	0	0	0	0	3.41898e-241
rs4676680	3	121270638	0.2998	-0.0103	0.01	0.6306	0.3694	55137	1416823	0.0374582189733417	T	C	FALSE	0	2.75246751177889e-11	0	0	0	0	0	1.08183e-243
rs4676681	3	121280139	0.9539	6e-04	0.0099	0.4794	0.4794	56306	1417791	0.0381969436203995	T	C	FALSE	0	1.60829906691656e-11	0	0	0	0	0	1.91322e-245
rs4676682	3	121282541	0.8666	-0.0019	0.0113	0.2877	0.2877	37688	981372	0.0369831020744608	A	G	FALSE	0	1.85769024184897e-11	0	0	0	0	0	2.31367e-244
rs4676683	3	121339020	0.3026	-0.0128	0.0124	0.7249	0.2751	56306	1417791	0.0381969436203995	A	G	FALSE	0	3.41627339687485e-11	0	0	0	0	0	8.89071e-245
rs4676684	3	121340536	0.8586	-0.002	0.0111	0.7558	0.2442	56306	1417791	0.0381969436203995	T	C	FALSE	0	1.82873396327303e-11	0	0	0	0	0	4.72969e-244
rs4676685	3	121347101	0.8892	0.0015	0.0109	0.2378	0.2378	56306	1417791	0.0381969436203995	A	G	FALSE	0	1.7838156170157e-11	0	0	0	0	0	2.4172e-244
rs4676686	3	121347408	0.867	-0.0018	0.0109	0.7616	0.2384	56306	1417791	0.0381969436203995	A	G	FALSE	0	1.79124095883196e-11	0	0	0	0	0	6.84038e-244
rs4676690	3	121475560	0.6975	0.0043	0.011	0.2408	0.2408	56306	1417791	0.0381969436203995	C	G	FALSE	0	1.9243601791255e-11	0	0	0	0	0	6.62694e-245
rs4676693	3	121496344	0.0001876	-0.0358	0.0096	0.6141	0.3859	56306	1417791	0.0381969436203995	A	C	FALSE	0	1.6035973291814e-08	0	0	0	0	0	3.28314e-241
rs4676694	3	121532982	0.0001548	0.0363	0.0096	0.3855	0.3855	56306	1417791	0.0381969436203995	T	C	FALSE	0	1.94913096542742e-08	0	0	0	0	0	3.47135e-244
rs4676727	3	121232501	0.8183	0.0035	0.0153	0.142	0.142	56306	1417791	0.0381969436203995	A	G	FALSE	0	2.5420786178631e-11	0	0	0	0	0	1.17025e-243
rs4676728	3	121270770	0.2817	-0.0105	0.0098	0.6301	0.3699	56306	1417791	0.0381969436203995	T	G	FALSE	0	2.81742132767531e-11	0	0	0	0	0	1.26596e-243
rs4676729	3	121304571	0.4071	-0.0094	0.0113	0.2385	0.2385	56306	1417791	0.0381969436203995	T	C	FALSE	0	2.58606215098195e-11	0	0	0	0	0	7.87442e-246
rs4676730	3	121304661	0.4034	-0.009	0.0107	0.2807	0.2807	56306	1417791	0.0381969436203995	A	G	FALSE	0	2.46842843456828e-11	0	0	0	0	0	2.52271e-245
rs4676732	3	121314320	0.6595	-0.0042	0.0096	0.5083	0.4917	56306	1417791	0.0381969436203995	A	T	FALSE	0	1.71280008315763e-11	0	0	0	0	0	4.24279e-246
rs4676734	3	121316569	0.6954	0.0042	0.0106	0.3581	0.3581	56306	1417791	0.0381969436203995	T	C	FALSE	0	1.85848794653762e-11	0	0	0	0	0	4.01429e-246
rs4676736	3	121320486	0.7341	-0.0033	0.0098	0.5847	0.4153	56306	1417791	0.0381969436203995	A	G	FALSE	0	1.68165193357757e-11	0	0	0	0	0	4.69316e-246
rs4676737	3	121328245	0.3247	0.0126	0.0128	0.8298	0.1702	56306	1417791	0.0381969436203995	T	G	FALSE	0	3.36005039009345e-11	0	0	0	0	0	7.64355e-245
rs4676738	3	121328800	0.2986	0.0135	0.013	0.8331	0.1669	56306	1417791	0.0381969436203995	C	G	FALSE	0	3.60314797923558e-11	0	0	0	0	0	7.37042e-245
rs4676743	3	121481716	0.0001741	-0.0361	0.0096	0.6145	0.3855	56306	1417791	0.0381969436203995	A	G	FALSE	0	1.80219464715522e-08	0	0	0	0	0	3.8464e-241
rs4676744	3	121481801	0.0001733	0.0361	0.0096	0.3855	0.3855	56306	1417791	0.0381969436203995	A	G	FALSE	0	1.80219464715522e-08	0	0	0	0	0	3.21256e-244
rs4676745	3	121492749	0.000173	-0.0361	0.0096	0.6143	0.3857	56306	1417791	0.0381969436203995	T	C	FALSE	0	1.80219464715522e-08	0	0	0	0	0	3.83655e-241
rs4676746	3	121492767	0.0001832	0.0359	0.0096	0.3862	0.3862	56306	1417791	0.0381969436203995	T	C	FALSE	0	1.66705693420095e-08	0	0	0	0	0	3.04756e-244
rs4676747	3	121492781	0.0001833	-0.0359	0.0096	0.6138	0.3862	56306	1417791	0.0381969436203995	T	C	FALSE	0	1.66705693420095e-08	0	0	0	0	0	3.46274e-241
rs4676748	3	121494332	0.0001745	0.036	0.0096	0.3857	0.3857	56306	1417791	0.0381969436203995	A	G	FALSE	0	1.73321546734588e-08	0	0	0	0	0	3.1474e-244
rs4676749	3	121496313	0.000185	-0.0358	0.0096	0.6141	0.3859	56306	1417791	0.0381969436203995	A	G	FALSE	0	1.6035973291814e-08	0	0	0	0	0	3.28314e-241
rs4676750	3	121496551	0.0001587	0.0363	0.0096	0.3835	0.3835	56306	1417791	0.0381969436203995	A	C	FALSE	0	1.94913096542742e-08	0	0	0	0	0	3.46682e-244
rs4676751	3	121505464	0.8397	0.0022	0.0109	0.2396	0.2396	56306	1417791	0.0381969436203995	A	T	FALSE	0	1.80330691059153e-11	0	0	0	0	0	6.96104e-246
rs4676752	3	121523908	0.00017	0.036	0.0096	0.3857	0.3857	56306	1417791	0.0381969436203995	T	G	FALSE	0	1.73321546734588e-08	0	0	0	0	0	3.05881e-244
rs4676753	3	121528611	0.0001594	0.0362	0.0096	0.3855	0.3855	56306	1417791	0.0381969436203995	T	C	FALSE	0	1.87412196386568e-08	0	0	0	0	0	3.27777e-244
rs4676754	3	121532559	0.8859	-0.0016	0.011	0.763	0.237	56306	1417791	0.0381969436203995	A	G	FALSE	0	1.8021233637495e-11	0	0	0	0	0	1.61719e-245
rs4676755	3	121532635	7.73e-05	-0.0382	0.0097	0.6052	0.3948	56306	1417791	0.0381969436203995	T	C	FALSE	0	3.60211978430952e-08	0	0	0	0	0	9.39055e-241
rs4676756	3	121532639	8.808e-05	0.038	0.0097	0.3972	0.3972	56306	1417791	0.0381969436203995	A	G	FALSE	0	3.32252908118985e-08	0	0	0	0	0	3.7613e-244
rs4676757	3	121532666	0.9598	5e-04	0.0099	0.6621	0.3379	56306	1417791	0.0381969436203995	T	C	FALSE	0	1.60739900014381e-11	0	0	0	0	0	1.06251e-245
rs4676758	3	121583415	0.06403	0.0198	0.0107	0.2611	0.2611	56306	1417791	0.0381969436203995	T	C	FALSE	0	9.56467566415617e-11	0	0	0	0	0	2.47734e-245
rs4676760	3	121598314	0.9861	-3e-04	0.0157	0.1007	0.1007	56306	1417791	0.0381969436203995	T	G	FALSE	0	2.54162702854927e-11	0	0	0	0	0	3.90829e-246
rs4676761	3	121600111	0.8962	0.002	0.0155	0.8976	0.1024	56306	1417791	0.0381969436203995	T	C	FALSE	0	2.52983679689172e-11	0	0	0	0	0	4.0166e-246
rs4676762	3	121600994	0.876	-0.0024	0.0155	0.103	0.103	56306	1417791	0.0381969436203995	A	G	FALSE	0	2.53906467759352e-11	0	0	0	0	0	3.88765e-246
rs4676766	3	121684858	0.2253	-0.046	0.0379	0.9821	0.0179	55920	1417298	0.0379577224823482	A	G	FALSE	0	1.23094863441974e-10	0	0	0	0	0	1.71146e-245
rs4677868	3	122664852	0.7872	-0.0027	0.0098	0.5146	0.4854	37688	981372	0.0369831020744608	A	G	FALSE	0	1.65050170536927e-11	0	0	0	0	0	4.2185e-246
rs4677869	3	122664907	0.8626	0.0026	0.0153	0.1153	0.1153	56306	1417791	0.0381969436203995	T	C	FALSE	0	2.51261505769993e-11	0	0	0	0	0	1.03892e-245
rs4677870	3	122669854	0.368	0.0143	0.0159	0.1033	0.1033	56306	1417791	0.0381969436203995	C	G	FALSE	0	3.84624354386499e-11	0	0	0	0	0	6.73693e-246
rs4677871	3	122683916	0.4749	-0.0077	0.0108	0.4846	0.4846	37688	981372	0.0369831020744608	A	C	FALSE	0	2.25588719534692e-11	0	0	0	0	0	1.15933e-245
rs4677872	3	122684039	0.9353	-0.001	0.0118	0.2254	0.2254	56306	1417791	0.0381969436203995	A	G	FALSE	0	1.91932674470616e-11	0	0	0	0	0	8.28367e-244
rs4677875	3	122841062	0.03307	-0.0216	0.0101	0.5874	0.4126	49053	1411006	0.0335965875351613	A	G	FALSE	0	1.60276175760957e-10	0	0	0	0	0	1.0128e-245
rs4677878	3	121879501	0.1557	0.0158	0.0112	0.7662	0.2338	56306	1417791	0.0381969436203995	T	C	FALSE	0	4.89556080579934e-11	0	0	0	0	0	1.07804e-245
rs4677880	3	123008086	0.7997	-0.0026	0.0101	0.4413	0.4413	49053	1411006	0.0335965875351613	T	G	FALSE	0	1.69273505224242e-11	0	0	0	0	0	7.31944e-245
rs4677882	3	123043054	0.3953	-0.0108	0.0127	0.8004	0.1996	49053	1411006	0.0335965875351613	C	G	FALSE	0	2.94985628538733e-11	0	0	0	0	0	2.03542e-245
rs4677883	3	123052018	0.0566	0.0248	0.013	0.1931	0.1931	49053	1411006	0.0335965875351613	A	C	FALSE	0	1.28953215440228e-10	0	0	0	0	0	5.1691e-246
rs4677884	3	123062970	0.7848	0.0027	0.0098	0.4539	0.4539	56306	1417791	0.0381969436203995	C	G	FALSE	0	1.65050170536927e-11	0	0	0	0	0	3.86619e-246
rs4677886	3	123100196	0.3379	-0.0097	0.0102	0.6213	0.3787	56306	1417791	0.0381969436203995	A	G	FALSE	0	2.59641497925046e-11	0	0	0	0	0	5.09968e-246
rs4677887	3	123100223	0.327	-0.0099	0.0101	0.616	0.384	56306	1417791	0.0381969436203995	T	G	FALSE	0	2.6444627984516e-11	0	0	0	0	0	5.23972e-246
rs4677888	3	123101253	0.309	0.0102	0.01	0.3848	0.3848	56306	1417791	0.0381969436203995	T	G	FALSE	0	2.72446845710089e-11	0	0	0	0	0	8.23092e-246
rs4677889	3	123143272	0.002146	0.0369	0.012	0.776	0.224	56306	1417791	0.0381969436203995	A	G	FALSE	0	2.16155328166771e-09	0	0	0	0	0	1.21699e-242
rs4677893	3	123191674	0.07991	-0.0803	0.0459	0.9857	0.0143	37688	981372	0.0369831020744608	T	C	FALSE	0	3.10799459476086e-10	0	0	0	0	0	5.60337e-246
rs4677894	3	123192512	0.2227	0.0264	0.0216	0.8881	0.1119	30435	974587	0.0302829191798786	A	T	FALSE	0	7.29530537226043e-11	0	0	0	0	0	5.28274e-246
rs4677895	3	123194291	0.5956	-0.0057	0.0108	0.353	0.353	56306	1417791	0.0381969436203995	T	C	FALSE	0	2.01172779913114e-11	0	0	0	0	0	3.87218e-246
rs4677896	3	123195946	0.5509	0.0063	0.0106	0.5891	0.4109	37688	981372	0.0369831020744608	A	G	FALSE	0	2.04952996136541e-11	0	0	0	0	0	7.0157e-246
rs4677900	3	121953794	0.5412	-0.0077	0.0126	0.1727	0.1727	56306	1417791	0.0381969436203995	T	C	FALSE	0	2.45896466434769e-11	0	0	0	0	0	8.87048e-246
rs4677907	3	121966370	0.5727	-0.0072	0.0127	0.1732	0.1732	56306	1417791	0.0381969436203995	T	C	FALSE	0	2.4149601781285e-11	0	0	0	0	0	9.42652e-246
rs4677948	3	122004098	0.7442	-0.0079	0.0241	0.0406	0.0406	56306	1417791	0.0381969436203995	A	T	FALSE	0	4.09593739879621e-11	0	0	0	0	0	2.21411e-231
rs4677949	3	122116891	0.749	0.0082	0.0255	0.9446	0.0554	56306	1417791	0.0381969436203995	A	G	FALSE	0	4.32116816184235e-11	0	0	0	0	0	2.03507e-245
rs4677951	3	122159240	0.1023	0.0177	0.0108	0.7353	0.2647	56306	1417791	0.0381969436203995	C	G	FALSE	0	6.68053359258373e-11	0	0	0	0	0	8.69659e-246
rs4677954	3	122189180	0.02657	-0.0212	0.0096	0.4096	0.4096	56306	1417791	0.0381969436203995	A	C	FALSE	0	1.77326814143184e-10	0	0	0	0	1	1
rs4677957	3	122257767	0.00903	0.0246	0.0094	0.5707	0.4293	56306	1417791	0.0381969436203995	A	G	FALSE	0	4.64554000244854e-10	0	0	0	0	1	1
rs4677960	3	122299349	0.6386	-0.0047	0.01	0.3323	0.3323	56306	1417791	0.0381969436203995	A	G	FALSE	0	1.81039520712723e-11	0	0	0	0	0	6.1509e-244
rs4677961	3	122302029	0.6579	0.0045	0.0101	0.6723	0.3277	56306	1417791	0.0381969436203995	A	G	FALSE	0	1.80813941192203e-11	0	0	0	0	0	4.51757e-245
rs4677962	3	122309710	0.4365	0.0087	0.0112	0.7568	0.2432	56306	1417791	0.0381969436203995	T	C	FALSE	0	2.45257143380147e-11	0	0	0	0	0	5.16784e-246
rs4677963	3	122310171	0.4821	0.0097	0.0138	0.1419	0.1419	56306	1417791	0.0381969436203995	C	G	FALSE	0	2.85819505730731e-11	0	0	0	0	0	1.01483e-244
rs4677964	3	122310203	0.542	0.0069	0.0113	0.7585	0.2415	56306	1417791	0.0381969436203995	A	G	FALSE	0	2.20577281630996e-11	0	0	0	0	0	8.89603e-246
rs4677965	3	122343439	0.931	0.001	0.0111	0.3518	0.3518	56306	1417791	0.0381969436203995	A	C	FALSE	0	1.80667285568182e-11	0	0	0	0	0	7.29079e-246
rs4677966	3	122343712	0.3803	0.0119	0.0135	0.5091	0.4909	56306	1417791	0.0381969436203995	A	G	FALSE	0	3.21939479707938e-11	0	0	0	0	0	8.68461e-246
rs4677967	3	122346908	0.09736	-0.0187	0.0113	0.7624	0.2376	56306	1417791	0.0381969436203995	T	G	FALSE	0	7.17195798285517e-11	0	0	0	0	0	4.52659e-245
rs4677968	3	122352713	0.089	0.019	0.0111	0.2381	0.2381	56306	1417791	0.0381969436203995	T	C	FALSE	0	7.75176958485966e-11	0	0	0	0	0	9.1597e-246
rs4677971	3	122433976	0.07428	0.0169	0.0095	0.4619	0.4619	56306	1417791	0.0381969436203995	T	C	FALSE	0	7.47051304542152e-11	0	0	0	0	0	8.98319e-238
rs4677975	3	122655619	0.9127	-0.0012	0.0108	0.7447	0.2553	56306	1417791	0.0381969436203995	A	G	FALSE	0	1.76169973063306e-11	0	0	0	0	0	6.45824e-246
rs4677976	3	122656016	0.933	9e-04	0.0108	0.2543	0.2543	56306	1417791	0.0381969436203995	A	C	FALSE	0	1.75696226823908e-11	0	0	0	0	0	8.06005e-246
rs4677977	3	122656386	0.9351	9e-04	0.0108	0.2543	0.2543	56306	1417791	0.0381969436203995	T	G	FALSE	0	1.75696226823908e-11	0	0	0	0	0	8.05639e-246
rs4677978	3	122657853	0.9375	9e-04	0.0109	0.2539	0.2539	56306	1417791	0.0381969436203995	T	C	FALSE	0	1.77307003271285e-11	0	0	0	0	0	8.01431e-246
rs4677981	3	122665555	0.6268	-0.0048	0.0098	0.6094	0.3906	56306	1417791	0.0381969436203995	C	G	FALSE	0	1.79118961172383e-11	0	0	0	0	0	5.89389e-246
rs4677982	3	122668294	0.3881	-0.0137	0.0159	0.8972	0.1028	56306	1417791	0.0381969436203995	T	C	FALSE	0	3.72132250209751e-11	0	0	0	0	0	2.20699e-244
rs4677983	3	122669157	0.3534	0.0147	0.0158	0.1031	0.1031	56306	1417791	0.0381969436203995	A	G	FALSE	0	3.93162156794916e-11	0	0	0	0	0	6.52821e-246
rs4677984	3	122669629	0.3551	0.0148	0.016	0.1024	0.1024	56306	1417791	0.0381969436203995	T	C	FALSE	0	3.96111195259118e-11	0	0	0	0	0	6.56443e-246
rs4677985	3	122680171	0.4207	-0.0078	0.0097	0.5236	0.4764	56306	1417791	0.0381969436203995	A	G	FALSE	0	2.17175120564926e-11	0	0	0	0	0	1.19366e-245
rs4677986	3	122680330	0.3822	0.0085	0.0097	0.4695	0.4695	56306	1417791	0.0381969436203995	A	G	FALSE	0	2.30717768250346e-11	0	0	0	0	0	3.92394e-246
rs4677987	3	122693533	0.5613	0.0091	0.0157	0.8401	0.1599	37688	981372	0.0369831020744608	A	C	FALSE	0	3.00288239253298e-11	0	0	0	0	0	1.23249e-245
rs4677990	3	122735788	0.5443	-0.0187	0.0309	0.0506	0.0506	49053	1411006	0.0335965875351613	A	G	FALSE	0	5.92894456429903e-11	0	0	0	0	0	9.27619e-246
rs4677992	3	122766354	0.6683	0.0062	0.0144	0.1932	0.1932	30435	974587	0.0302829191798786	A	G	FALSE	0	2.55713598058066e-11	0	0	0	0	0	4.12167e-246
rs4677994	3	122814053	0.08359	0.03	0.0173	0.0992	0.0992	49053	1411006	0.0335965875351613	T	C	FALSE	0	1.24460739313507e-10	0	0	0	0	0	2.01999e-244
rs4677996	3	122893965	0.9479	-0.0089	0.1357	0.9752	0.0248	10231	305398	0.0324146387055689	A	G	FALSE	0	1.82581400356201e-10	0	0	0	0	0	4.54911e-246
rs4677998	3	122986429	0.1158	0.0609	0.0387	0.0202	0.0202	56306	1417791	0.0381969436203995	A	C	FALSE	0	2.03480329044858e-10	0	0	0	0	0	1.28891e-245
rs4678000	3	121890735	0.193	-0.0128	0.0098	0.3881	0.3881	56306	1417791	0.0381969436203995	A	G	FALSE	0	3.72159413477408e-11	0	0	0	0	0	8.09552e-240
rs4678001	3	123007207	0.7495	0.0033	0.0103	0.3859	0.3859	49053	1411006	0.0335965875351613	T	C	FALSE	0	1.75776314347436e-11	0	0	0	0	0	1.54822e-245
rs4678003	3	123013637	0.04907	0.0269	0.0137	0.16	0.16	49053	1411006	0.0335965875351613	T	G	FALSE	0	1.51160872311023e-10	0	0	0	0	0	4.58816e-246
rs4678005	3	123021298	0.8917	-0.0014	0.0106	0.6617	0.3383	49053	1411006	0.0335965875351613	T	C	FALSE	0	1.73357015457986e-11	0	0	0	0	0	5.18327e-245
rs4678006	3	123023373	0.2313	0.0383	0.032	0.0311	0.0311	56306	1417791	0.0381969436203995	T	C	FALSE	0	1.03140536413536e-10	0	0	0	0	0	3.89992e-246
rs4678009	3	123049678	0.8556	-0.0023	0.0127	0.1988	0.1988	49053	1411006	0.0335965875351613	T	C	FALSE	0	2.09165798789479e-11	0	0	0	0	0	6.04709e-246
rs4678010	3	123056153	0.9043	0.0015	0.0122	0.222	0.222	49053	1411006	0.0335965875351613	T	C	FALSE	0	1.99200822340201e-11	0	0	0	0	0	4.38405e-246
rs4678012	3	121900306	0.7961	-0.0031	0.012	0.1891	0.1891	56306	1417791	0.0381969436203995	A	G	FALSE	0	2.01051758706442e-11	0	0	0	0	0	6.88812e-244
rs4678013	3	121900462	0.9565	-7e-04	0.012	0.1961	0.1961	56306	1417791	0.0381969436203995	T	G	FALSE	0	1.94806996194127e-11	0	0	0	0	0	1.53864e-244
rs4678014	3	123100170	0.3491	-0.0096	0.0102	0.6233	0.3767	56306	1417791	0.0381969436203995	A	G	FALSE	0	2.57250574786545e-11	0	0	0	0	0	5.05706e-246
rs4678015	3	123100463	0.3241	-0.0099	0.01	0.6154	0.3846	56306	1417791	0.0381969436203995	A	G	FALSE	0	2.64375045127185e-11	0	0	0	0	0	5.27537e-246
rs4678016	3	123101981	0.3056	0.0103	0.0101	0.3844	0.3844	56306	1417791	0.0381969436203995	T	C	FALSE	0	2.75101837476533e-11	0	0	0	0	0	7.94503e-246
rs4678017	3	123102023	0.3011	-0.0104	0.0101	0.6156	0.3844	56306	1417791	0.0381969436203995	A	C	FALSE	0	2.7790007375328e-11	0	0	0	0	0	5.6312e-246
rs4678018	3	123102044	0.3013	0.0104	0.0101	0.3844	0.3844	56306	1417791	0.0381969436203995	A	G	FALSE	0	2.7790007375328e-11	0	0	0	0	0	7.95702e-246
rs4678020	3	123102353	0.3151	0.0102	0.0101	0.385	0.385	56306	1417791	0.0381969436203995	T	C	FALSE	0	2.72358407218082e-11	0	0	0	0	0	8.13002e-246
rs4678021	3	123102376	0.3263	-0.0099	0.0101	0.6151	0.3849	56306	1417791	0.0381969436203995	A	G	FALSE	0	2.6444627984516e-11	0	0	0	0	0	5.2524e-246
rs4678022	3	123106924	0.2067	-0.0129	0.0102	0.6152	0.3848	56306	1417791	0.0381969436203995	A	C	FALSE	0	3.67219147460363e-11	0	0	0	0	0	6.7245e-246
rs4678023	3	123107245	0.2746	-0.011	0.0101	0.6164	0.3836	56306	1417791	0.0381969436203995	T	C	FALSE	0	2.95904425922771e-11	0	0	0	0	0	5.68115e-246
rs4678025	3	123108230	0.3114	0.0104	0.0103	0.3843	0.3843	50455	1411925	0.0345019762305283	A	G	FALSE	0	2.77669374952308e-11	0	0	0	0	0	8.34047e-246
rs4678029	3	121908434	0.6551	0.005	0.0113	0.7802	0.2198	56306	1417791	0.0381969436203995	T	C	FALSE	0	2.0194494488431e-11	0	0	0	0	0	3.92835e-246
rs4678030	3	123176747	0.2572	0.0111	0.0098	0.6284	0.3716	56306	1417791	0.0381969436203995	A	G	FALSE	0	3.01359078186006e-11	0	0	0	0	0	1.53388e-245
rs4678031	3	121909291	0.3844	-0.011	0.0127	0.1722	0.1722	56306	1417791	0.0381969436203995	T	C	FALSE	0	2.98983498900003e-11	0	0	0	0	0	6.23002e-246
rs4678032	3	123186052	0.6967	0.022	0.0564	0.9835	0.0165	42598	1322509	0.0312048799105125	T	C	FALSE	0	9.4566325125827e-11	0	0	0	0	0	4.09313e-246
rs4678035	3	121911070	0.4907	0.0087	0.0127	0.8295	0.1705	56306	1417791	0.0381969436203995	A	C	FALSE	0	2.59950493618544e-11	0	0	0	0	0	9.60238e-245
rs4678038	3	121913374	0.5159	-0.0082	0.0127	0.1704	0.1704	56306	1417791	0.0381969436203995	C	G	FALSE	0	2.53256131006279e-11	0	0	0	0	0	7.77017e-246
rs4678042	3	121921530	0.566	-0.0073	0.0127	0.1713	0.1713	56306	1417791	0.0381969436203995	A	T	FALSE	0	2.42579608832592e-11	0	0	0	0	0	6.75033e-246
rs4678043	3	121921700	0.3284	-0.0101	0.0103	0.2946	0.2946	56306	1417791	0.0381969436203995	T	C	FALSE	0	2.69757377894084e-11	0	0	0	0	0	5.45265e-246
rs4678044	3	121922795	0.5633	-0.0074	0.0127	0.1701	0.1701	56306	1417791	0.0381969436203995	T	C	FALSE	0	2.43683109160279e-11	0	0	0	0	0	7.15148e-246
rs4678045	3	121922863	0.3326	-0.01	0.0103	0.2946	0.2946	56306	1417791	0.0381969436203995	A	G	FALSE	0	2.67220704156005e-11	0	0	0	0	0	5.39426e-246
rs4678059	3	121963025	0.5588	-0.0082	0.0141	0.1323	0.1323	56306	1417791	0.0381969436203995	A	T	FALSE	0	2.70201993639652e-11	0	0	0	0	0	8.56465e-245
rs4678065	3	121967297	0.5697	0.008	0.0141	0.8696	0.1304	56306	1417791	0.0381969436203995	A	G	FALSE	0	2.68020004158495e-11	0	0	0	0	0	7.52393e-246
rs4678071	3	121978149	0.8424	-0.006	0.0299	0.0405	0.0405	42598	1322509	0.0312048799105125	A	T	FALSE	0	4.89656628263623e-11	0	0	0	0	0	1.09306e-231
rs4678072	3	121978310	0.8146	0.0057	0.0241	0.9569	0.0431	56306	1417791	0.0381969436203995	A	G	FALSE	0	3.9932567218669e-11	0	0	0	0	0	2.39813e-233
rs4678119	3	121929112	0.5232	0.0083	0.013	0.8356	0.1644	56306	1417791	0.0381969436203995	A	G	FALSE	0	2.58011591190204e-11	0	0	0	0	0	6.52562e-245
rs4678120	3	121929441	0.36	-0.0166	0.0181	0.0757	0.0757	56306	1417791	0.0381969436203995	A	C	FALSE	0	4.44158794964331e-11	0	0	0	0	0	7.42669e-246
rs4678122	3	121930974	0.3527	0.0168	0.0181	0.9247	0.0753	56306	1417791	0.0381969436203995	T	C	FALSE	0	4.48673015610926e-11	0	0	0	0	0	5.0394e-246
rs4678123	3	121930999	0.2099	0.014	0.0111	0.7573	0.2427	56306	1417791	0.0381969436203995	T	C	FALSE	0	3.97644740908007e-11	0	0	0	0	0	3.99097e-246
rs4678124	3	121931395	0.2122	-0.0139	0.0111	0.2425	0.2425	56306	1417791	0.0381969436203995	A	C	FALSE	0	3.93181615410575e-11	0	0	0	0	0	1.80236e-244
rs4678126	3	121934161	0.5062	0.0085	0.0128	0.8326	0.1674	56306	1417791	0.0381969436203995	A	G	FALSE	0	2.58319076727075e-11	0	0	0	0	0	6.9061e-245
rs4678172	3	121947525	0.2028	-0.0142	0.0111	0.2462	0.2462	56306	1417791	0.0381969436203995	T	G	FALSE	0	4.06822293584491e-11	0	0	0	0	0	2.88262e-244
rs4678173	3	121991139	0.2619	-0.0113	0.01	0.3488	0.3488	56306	1417791	0.0381969436203995	A	C	FALSE	0	3.06555447893367e-11	0	0	0	0	0	7.20649e-246
rs4678174	3	122000871	0.9709	-4e-04	0.0103	0.6842	0.3158	56306	1417791	0.0381969436203995	T	C	FALSE	0	1.67130633838679e-11	0	0	0	0	0	8.13135e-245
rs4678176	3	122009175	0.4827	0.0127	0.018	0.9229	0.0771	56306	1417791	0.0381969436203995	A	G	FALSE	0	3.72578072017425e-11	0	0	0	0	0	3.4116e-244
rs4678177	3	122031395	0.003421	-0.0303	0.0104	0.7172	0.2828	56306	1417791	0.0381969436203995	A	G	FALSE	0	1.16183806170506e-09	0	0	0	0	0	3.42676e-224
rs4678179	3	122034854	0.3325	-0.0102	0.0105	0.2914	0.2914	56306	1417791	0.0381969436203995	A	G	FALSE	0	2.72528439740787e-11	0	0	0	0	0	7.12116e-244
rs4678180	3	122037797	0.001091	0.0336	0.0103	0.2905	0.2905	56306	1417791	0.0381969436203995	T	C	FALSE	0	3.36818494947362e-09	0	0	0	0	0	6.07117e-246
rs4678181	3	122039030	0.3208	-0.017	0.0171	0.084	0.084	56306	1417791	0.0381969436203995	A	G	FALSE	0	4.51792784709426e-11	0	0	0	0	0	2.27876e-240
rs4678182	3	122045943	0.2529	0.0197	0.0172	0.9164	0.0836	56306	1417791	0.0381969436203995	A	G	FALSE	0	5.33535494192589e-11	0	0	0	0	0	2.57098e-244
rs4678186	3	121793462	0.2233	0.0202	0.0166	0.9084	0.0916	56306	1417791	0.0381969436203995	A	G	FALSE	0	5.60310872811861e-11	0	0	0	0	0	3.96099e-246
rs4678187	3	121946376	0.2232	-0.0135	0.0111	0.2475	0.2475	56306	1417791	0.0381969436203995	T	C	FALSE	0	3.76128673201402e-11	0	0	0	0	0	2.39274e-244
rs4678188	3	121946355	0.2215	-0.0135	0.0111	0.2475	0.2475	56306	1417791	0.0381969436203995	T	C	FALSE	0	3.76128673201402e-11	0	0	0	0	0	2.393e-244
rs4678189	3	122078323	0.03979	-0.0197	0.0096	0.4203	0.4203	56306	1417791	0.0381969436203995	A	C	FALSE	0	1.272195708234e-10	0	0	0	0	1	1
rs4678190	3	122117038	0.00407	0.0277	0.0097	0.5925	0.4075	56306	1417791	0.0381969436203995	T	C	FALSE	0	9.1912987795399e-10	0	0	0	0	1	1
rs4678191	3	122121238	0.1635	0.0133	0.0095	0.5513	0.4487	56306	1417791	0.0381969436203995	T	G	FALSE	0	4.09592570202412e-11	0	0	0	0	0	4.86021e-177
rs4678196	3	122273337	0.1535	-0.0154	0.0108	0.266	0.266	56306	1417791	0.0381969436203995	A	G	FALSE	0	4.82495158078201e-11	0	0	0	0	0	5.73502e-243
rs4678198	3	122291012	0.106	-0.0518	0.0321	0.0446	0.0446	56306	1417791	0.0381969436203995	A	G	FALSE	0	1.83109671820671e-10	0	0	0	0	0	3.82613e-244
rs4678199	3	122305233	0.5666	-0.007	0.0123	0.3303	0.3303	42598	1322509	0.0312048799105125	T	C	FALSE	0	2.3421659194735e-11	0	0	0	0	0	9.17653e-244
rs4678200	3	122310266	0.4636	0.0101	0.0138	0.1418	0.1418	56306	1417791	0.0381969436203995	T	G	FALSE	0	2.9179629317642e-11	0	0	0	0	0	1.09892e-244
rs4678202	3	122314374	0.9788	3e-04	0.0121	0.1953	0.1953	56306	1417791	0.0381969436203995	T	G	FALSE	0	1.96151837686323e-11	0	0	0	0	0	5.21591e-246
rs4678203	3	122314712	0.993	-1e-04	0.0121	0.8044	0.1956	56306	1417791	0.0381969436203995	T	C	FALSE	0	1.96098450651587e-11	0	0	0	0	0	5.10336e-246
rs4678205	3	122393829	0.05601	-0.0227	0.0119	0.7998	0.2002	55137	1416823	0.0374582189733417	A	G	FALSE	0	1.18199088192909e-10	0	0	0	0	0	2.79114e-245
rs4678207	3	122403480	0.2927	0.0121	0.0115	0.2211	0.2211	56306	1417791	0.0381969436203995	T	C	FALSE	0	3.2363348364666e-11	0	0	0	0	0	1.56314e-243
rs4678209	3	122460194	0.003516	-0.044	0.0151	0.8821	0.1179	56306	1417791	0.0381969436203995	A	T	FALSE	0	1.66542687680346e-09	0	0	0	0	0	7.61061e-245
rs4678210	3	122476515	0.06971	-0.0187	0.0103	0.6458	0.3542	56306	1417791	0.0381969436203995	A	G	FALSE	0	8.64149613977785e-11	0	0	0	0	0	5.85451e-245
rs4678213	3	122494077	0.09747	-0.0163	0.0099	0.5397	0.4603	37688	981372	0.0369831020744608	A	C	FALSE	0	6.20561787582805e-11	0	0	0	0	0	2.82374e-244
rs4678214	3	122502093	0.01545	-0.0277	0.0114	0.7732	0.2268	56306	1417791	0.0381969436203995	T	C	FALSE	0	3.50399582784657e-10	0	0	0	0	0	5.52487e-244
rs4678215	3	122508027	0.02129	-0.0229	0.0099	0.6449	0.3551	56306	1417791	0.0381969436203995	A	T	FALSE	0	2.31523020314491e-10	0	0	0	0	0	2.18462e-245
rs4678216	3	122527472	0.3298	0.0095	0.0097	0.384	0.384	56306	1417791	0.0381969436203995	C	G	FALSE	0	2.53819607290213e-11	0	0	0	0	0	9.57885e-236
rs4678217	3	122529408	0.003238	0.0437	0.0149	0.1177	0.1177	56306	1417791	0.0381969436203995	T	C	FALSE	0	1.73781404887804e-09	0	0	0	0	0	1.50518e-243
rs4678218	3	122570898	0.2822	-0.0102	0.0095	0.5344	0.4656	56306	1417791	0.0381969436203995	T	C	FALSE	0	2.73819848083407e-11	0	0	0	0	0	1.29421e-243
rs4678219	3	122571045	0.2722	-0.0113	0.0103	0.684	0.316	56306	1417791	0.0381969436203995	C	G	FALSE	0	3.04366363371975e-11	0	0	0	0	0	1.45868e-244
rs479108	3	121284402	0.9637	5e-04	0.0121	0.7662	0.2338	37688	981372	0.0369831020744608	T	C	FALSE	0	1.96258655362986e-11	0	0	0	0	0	4.57463e-246
rs482256	3	121257335	0.5865	0.0101	0.0187	0.0665	0.0665	56306	1417791	0.0381969436203995	T	C	FALSE	0	3.49313296761601e-11	0	0	0	0	0	4.08408e-246
rs482920	3	121233683	0.2169	0.0488	0.0395	0.0203	0.0203	56306	1417791	0.0381969436203995	C	G	FALSE	0	1.31144090915236e-10	0	0	0	0	0	4.89776e-246
rs483713	3	121298924	0.359	0.0138	0.0151	0.121	0.121	56306	1417791	0.0381969436203995	T	C	FALSE	0	3.70296154791881e-11	0	0	0	0	0	4.28315e-246
rs485275	3	121290666	0.823	-0.0028	0.0124	0.1964	0.1964	56306	1417791	0.0381969436203995	A	G	FALSE	0	2.0610359830011e-11	0	0	0	0	0	5.12126e-246
rs486725	3	121250332	0.2315	0.0414	0.0346	0.0213	0.0213	56306	1417791	0.0381969436203995	T	G	FALSE	0	1.10915653906877e-10	0	0	0	0	0	4.77031e-246
rs487848	3	121228960	0.58	0.0103	0.0185	0.0666	0.0666	56306	1417791	0.0381969436203995	A	G	FALSE	0	3.48761780445947e-11	0	0	0	0	0	4.10541e-246
rs488636	3	121234327	0.6426	-0.005	0.0109	0.7521	0.2479	56306	1417791	0.0381969436203995	T	C	FALSE	0	1.9624864015878e-11	0	0	0	0	0	1.71043e-244
rs488888	3	121234337	0.6506	0.0049	0.0109	0.2486	0.2486	56306	1417791	0.0381969436203995	T	G	FALSE	0	1.9543511854575e-11	0	0	0	0	0	2.07059e-245
rs494140	3	121243499	0.5348	0.0122	0.0196	0.0624	0.0624	56306	1417791	0.0381969436203995	A	G	FALSE	0	3.83689326916285e-11	0	0	0	0	0	4.19835e-246
rs4974394	3	121756249	0.09698	0.0161	0.0097	0.4927	0.4927	56306	1417791	0.0381969436203995	A	G	FALSE	0	6.21652037494343e-11	0	0	0	0	0	1.33622e-245
rs4974395	3	121727736	0.04882	0.019	0.0096	0.5851	0.4149	56306	1417791	0.0381969436203995	A	G	FALSE	0	1.09868004711255e-10	0	0	0	0	0	4.17144e-246
rs4974396	3	121727671	0.04893	0.019	0.0096	0.5847	0.4153	56306	1417791	0.0381969436203995	A	C	FALSE	0	1.09868004711255e-10	0	0	0	0	0	4.1682e-246
rs4974397	3	121727563	0.04733	0.0191	0.0096	0.5852	0.4148	56306	1417791	0.0381969436203995	T	C	FALSE	0	1.1215734432974e-10	0	0	0	0	0	4.19609e-246
rs4974398	3	121715138	0.9015	0.0041	0.0335	0.0322	0.0322	56306	1417791	0.0381969436203995	T	C	FALSE	0	5.40340589779199e-11	0	0	0	0	0	2.62229e-242
rs4974400	3	121755023	0.2119	-0.017	0.0136	0.1502	0.1502	56306	1417791	0.0381969436203995	A	G	FALSE	0	4.79441261051326e-11	0	0	0	0	0	4.22348e-245
rs499355	3	121280651	0.9076	-0.0013	0.0115	0.2338	0.2338	56306	1417791	0.0381969436203995	A	T	FALSE	0	1.8759195150208e-11	0	0	0	0	0	5.09931e-246
rs500100	3	121273529	0.5815	-0.0061	0.0111	0.7379	0.2621	56306	1417791	0.0381969436203995	A	G	FALSE	0	2.0917059120095e-11	0	0	0	0	0	2.74831e-244
rs500103	3	121273524	0.5712	0.0063	0.0111	0.2596	0.2596	56306	1417791	0.0381969436203995	T	C	FALSE	0	2.11279807788824e-11	0	0	0	0	0	1.92852e-245
rs5008830	3	122030462	1.423e-06	0.061	0.0126	0.1648	0.1648	56306	1417791	0.0381969436203995	A	G	FALSE	0	2.39514301859555e-06	0	0	0	0	0	0
rs501099	3	121253898	0.4336	-0.0151	0.0192	0.9357	0.0643	56306	1417791	0.0381969436203995	T	C	FALSE	0	4.21559857266335e-11	0	0	0	0	0	6.43346e-246
rs502643	3	121245041	0.6343	-0.0052	0.0109	0.7523	0.2477	56306	1417791	0.0381969436203995	A	G	FALSE	0	1.97935681885274e-11	0	0	0	0	0	1.77935e-244
rs507353	3	121209627	0.5948	0.0101	0.0189	0.0652	0.0652	56306	1417791	0.0381969436203995	A	G	FALSE	0	3.51934145459947e-11	0	0	0	0	0	4.06222e-246
rs513380	3	121232397	0.8578	-0.0024	0.0134	0.2466	0.2466	42598	1322509	0.0312048799105125	T	C	FALSE	0	2.20563778034315e-11	0	0	0	0	0	8.15472e-245
rs549220	3	121275732	0.8513	0.0022	0.0115	0.7656	0.2344	56306	1417791	0.0381969436203995	A	G	FALSE	0	1.89831939298553e-11	0	0	0	0	0	4.19758e-246
rs550074	3	121275667	0.7844	-0.0051	0.0187	0.928	0.072	56306	1417791	0.0381969436203995	A	G	FALSE	0	3.13639208486602e-11	0	0	0	0	0	3.96214e-246
rs552401	3	121292587	0.1769	0.0226	0.0167	0.1128	0.1128	56306	1417791	0.0381969436203995	T	C	FALSE	0	6.70819477600803e-11	0	0	0	0	0	5.68903e-246
rs555890	3	121272058	0.6606	0.0082	0.0188	0.0663	0.0663	56306	1417791	0.0381969436203995	A	G	FALSE	0	3.33936715551089e-11	0	0	0	0	0	3.972e-246
rs55636509	3	122070663	6.591e-07	0.0641	0.0129	0.1562	0.1562	56306	1417791	0.0381969436203995	T	G	FALSE	0	4.56562140777902e-06	0	0	0	0	1	1
rs55639113	3	121924998	0.2461	-0.0111	0.0095	0.5031	0.4969	56306	1417791	0.0381969436203995	A	G	FALSE	0	3.04428516309943e-11	0	0	0	0	0	7.21427e-244
rs55643643	3	121440197	0.001101	0.0419	0.0128	0.7207	0.2793	42598	1322509	0.0312048799105125	A	C	FALSE	0	4.30641619103755e-09	0	0	0	0	0	7.69722e-241
rs55655344	3	122494764	0.9216	0.0014	0.0145	0.8785	0.1215	56306	1417791	0.0381969436203995	A	G	FALSE	0	2.3589063594483e-11	0	0	0	0	0	8.82351e-246
rs55657471	3	121456225	0.0002622	-0.0382	0.0105	0.2794	0.2794	56306	1417791	0.0381969436203995	T	C	FALSE	0	1.25101574617655e-08	0	0	0	0	0	3.72224e-245
rs55676269	3	122402406	0.0812	0.0206	0.0118	0.1998	0.1998	56306	1417791	0.0381969436203995	T	C	FALSE	0	8.73164365896459e-11	0	0	0	0	0	1.42289e-245
rs55683699	3	122364555	0.2234	-0.026	0.0213	0.9468	0.0532	56306	1417791	0.0381969436203995	T	C	FALSE	0	7.18322668224067e-11	0	0	0	0	0	1.10565e-237
rs55689356	3	123098203	0.3351	-0.0097	0.01	0.616	0.384	56306	1417791	0.0381969436203995	T	C	FALSE	0	2.59256416825477e-11	0	0	0	0	0	5.18275e-246
rs55699789	3	122684680	0.5119	-0.0216	0.0329	0.1156	0.1156	15169	308531	0.0468612913191226	T	C	FALSE	0	6.50126674744942e-11	0	0	0	0	0	4.26536e-246
rs55699792	3	122658093	0.9612	5e-04	0.0108	0.2555	0.2555	56306	1417791	0.0381969436203995	A	G	FALSE	0	1.75276188668972e-11	0	0	0	0	0	7.73067e-246
rs55707924	3	122106734	0.9036	-0.0046	0.0378	0.0157	0.0157	56306	1417791	0.0381969436203995	A	G	FALSE	0	6.07355064050013e-11	0	0	0	0	0	1.11253692999046e-308
rs55708281	3	121946738	0.2064	-0.014	0.0111	0.246	0.246	56306	1417791	0.0381969436203995	A	T	FALSE	0	3.97644740908007e-11	0	0	0	0	0	2.73012e-244
rs55710311	3	122442544	0.1028	-0.0155	0.0095	0.5398	0.4602	56306	1417791	0.0381969436203995	T	C	FALSE	0	5.81375965395759e-11	0	0	0	0	0	1.31435e-244
rs557138	3	121274703	0.8959	-0.0014	0.0109	0.2839	0.2839	56306	1417791	0.0381969436203995	T	G	FALSE	0	1.78164635149099e-11	0	0	0	0	0	8.78193e-245
rs55716378	3	122022958	4.937e-06	0.0598	0.0131	0.1586	0.1586	56306	1417791	0.0381969436203995	T	C	FALSE	0	6.79879592607548e-07	0	0	0	0	0	0
rs55717030	3	122162938	0.7915	-0.01	0.0377	0.9833	0.0167	56306	1417791	0.0381969436203995	A	C	FALSE	0	6.22272848186171e-11	0	0	0	0	0	2.44748e-245
rs55717707	3	122694025	0.1173	0.0231	0.0147	0.1427	0.1427	49053	1411006	0.0335965875351613	A	G	FALSE	0	8.12744968725699e-11	0	0	0	0	0	9.73021e-246
rs55740225	3	122268628	4.918e-11	-0.0817	0.0124	0.8276	0.1724	56306	1417791	0.0381969436203995	T	C	FALSE	0	0.0493808326914983	0	0	0	0	1	1
rs55744726	3	122087754	3.605e-06	-0.0603	0.013	0.8432	0.1568	55137	1416823	0.0374582189733417	A	G	FALSE	0	9.45872605048417e-07	0	0	0	0	0	0
rs55756817	3	123106759	0.2867	-0.0107	0.0101	0.6137	0.3863	56306	1417791	0.0381969436203995	A	G	FALSE	0	2.86634833471124e-11	0	0	0	0	0	5.5263e-246
rs55762403	3	123081938	0.07083	-0.0217	0.012	0.7762	0.2238	49053	1411006	0.0335965875351613	C	G	FALSE	0	9.91762566866398e-11	0	0	0	0	0	4.9528e-246
rs55762403	3	123081938	0.07083	-0.0217	0.012	0.7762	0.2238	49053	1411006	0.0335965875351613	C	G	FALSE	0	9.91762566866398e-11	0	0	0	0	0	4.9528e-246
rs55762403	3	123081938	0.07083	-0.0217	0.012	0.7762	0.2238	49053	1411006	0.0335965875351613	C	G	FALSE	0	9.91762566866398e-11	0	0	0	0	0	4.9528e-246
rs55762403	3	123081938	0.07083	-0.0217	0.012	0.7762	0.2238	49053	1411006	0.0335965875351613	C	G	FALSE	0	9.91762566866398e-11	0	0	0	0	0	4.9528e-246
rs55762427	3	123098421	0.3255	-0.0099	0.01	0.6161	0.3839	56306	1417791	0.0381969436203995	A	G	FALSE	0	2.64375045127185e-11	0	0	0	0	0	5.26398e-246
rs55764682	3	122676396	0.286	0.0151	0.0142	0.1439	0.1439	56306	1417791	0.0381969436203995	T	C	FALSE	0	4.03624469945894e-11	0	0	0	0	0	1.1742e-245
rs55776828	3	122236448	4.397e-08	0.0854	0.0156	0.1629	0.1629	42598	1322509	0.0312048799105125	C	G	FALSE	0	7.42202109579018e-05	0	0	0	0	0	0
rs55779801	3	122187501	2.366e-11	0.085	0.0127	0.1617	0.1617	56306	1417791	0.0381969436203995	T	C	FALSE	0	0.100337361687657	0	1.22124532708767e-15	2	1	0	0
rs55780469	3	122107437	1.242e-09	-0.0764	0.0126	0.8326	0.1674	56306	1417791	0.0381969436203995	A	C	FALSE	0	0.00182825853336503	0	0	0	0	0	0
rs55781608	3	122140919	3.603e-11	-0.0842	0.0127	0.8379	0.1621	56306	1417791	0.0381969436203995	T	C	FALSE	0	0.0660628453065728	1	1	0	1.00884949660873e-06	0	0
rs55784797	3	122054635	5.105e-07	0.0631	0.0126	0.1652	0.1652	56306	1417791	0.0381969436203995	T	C	FALSE	0	5.42471516410231e-06	0	0	0	0	0	0
rs55793255	3	122177865	3.63e-11	-0.0846	0.0128	0.8387	0.1613	56306	1417791	0.0381969436203995	A	G	FALSE	0	0.0580656320793108	0	0	0	0	0	0
rs55797836	3	122289005	1.187e-09	-0.0834	0.0137	0.8323	0.1677	56306	1417791	0.0381969436203995	A	G	FALSE	0	0.00226880558828177	0	0	0	0	0	0
rs55807707	3	122669333	0.7479	0.0035	0.011	0.2636	0.2636	56306	1417791	0.0381969436203995	A	G	FALSE	0	1.87552042105349e-11	0	0	0	0	0	4.96767e-246
rs55838400	3	122032293	1.272e-06	-0.0617	0.0127	0.8371	0.1629	56306	1417791	0.0381969436203995	T	C	FALSE	0	2.61872090697367e-06	0	0	0	0	1	1
rs55843800	3	122726013	0.6768	0.0055	0.0133	0.1475	0.1475	56306	1417791	0.0381969436203995	A	G	FALSE	0	2.3460202744917e-11	0	0	0	0	0	7.07679e-246
rs55848018	3	123064975	0.4733	-0.0196	0.0273	0.9599	0.0401	56306	1417791	0.0381969436203995	C	G	FALSE	0	5.65591144635303e-11	0	0	0	0	0	1.04903e-245
rs55848097	3	121916686	0.712	-0.0042	0.0113	0.219	0.219	56306	1417791	0.0381969436203995	A	C	FALSE	0	1.96225992795347e-11	0	0	0	0	0	5.0092e-246
rs55853448	3	122884295	0.4905	0.0223	0.0323	0.9718	0.0282	49053	1411006	0.0335965875351613	T	C	FALSE	0	6.53058745232006e-11	0	0	0	0	0	4.04024e-246
rs55853677	3	122140616	0.282	-0.0147	0.0136	0.1452	0.1452	56306	1417791	0.0381969436203995	A	G	FALSE	0	3.94031910468033e-11	0	0	0	0	0	5.3158e-244
rs55853918	3	122123633	0.8677	-0.0063	0.0375	0.9832	0.0168	56306	1417791	0.0381969436203995	C	G	FALSE	0	6.06619416922782e-11	0	0	0	0	0	1.1125580680036e-308
rs55857899	3	122109552	1.189e-09	-0.0765	0.0126	0.8326	0.1674	56306	1417791	0.0381969436203995	A	G	FALSE	0	0.00191808629993758	0	0	0	0	1	1
rs55880208	3	122136935	3.038e-11	0.0847	0.0127	0.1617	0.1617	56306	1417791	0.0381969436203995	T	C	FALSE	0	0.0857426723392696	0	0	3	1	0	0
rs55888778	3	122026171	0.1254	-0.0157	0.0102	0.3315	0.3315	56306	1417791	0.0381969436203995	T	C	FALSE	0	5.39052181947245e-11	0	0	0	0	0	2.42471e-245
rs55889467	3	122606755	0.407	-0.0082	0.0099	0.3475	0.3475	56306	1417791	0.0381969436203995	A	G	FALSE	0	2.26037981359557e-11	0	0	0	0	0	2.65282e-243
rs55894800	3	122683508	0.5511	0.0073	0.0122	0.2737	0.2737	37688	981372	0.0369831020744608	A	C	FALSE	0	2.36308256347727e-11	0	0	0	0	0	9.04806e-245
rs55896793	3	122785295	0.8753	0.0024	0.0154	0.8616	0.1384	49053	1411006	0.0335965875351613	A	T	FALSE	0	2.52317452119345e-11	0	0	0	0	0	6.53817e-246
rs55911744	3	122135255	2.702e-11	-0.0848	0.0127	0.8378	0.1622	56306	1417791	0.0381969436203995	T	G	FALSE	0	0.09034943012632	0	0	0	0	0	0
rs55925662	3	123118699	0.1228	-0.0178	0.0115	0.7313	0.2687	49053	1411006	0.0335965875351613	A	G	FALSE	0	6.15131535372255e-11	0	0	0	0	0	7.80256e-246
rs55927301	3	122036143	0.0003827	0.11	0.031	0.0295	0.0295	56306	1417791	0.0381969436203995	A	G	FALSE	0	2.32616137137615e-08	0	0	0	0	0	3.20788e-240
rs55930520	3	121411644	0.2858	0.0166	0.0156	0.9009	0.0991	56306	1417791	0.0381969436203995	A	G	FALSE	0	4.432685221214e-11	0	0	0	0	0	4.11603e-246
rs55931002	3	123177642	0.7229	-0.0109	0.0308	0.9358	0.0642	35345	1315724	0.0261607660304544	A	T	FALSE	0	5.25405193288628e-11	0	0	0	0	0	4.32166e-246
rs55931951	3	123060758	0.04834	0.024	0.0121	0.2271	0.2271	49053	1411006	0.0335965875351613	C	G	FALSE	0	1.39198743653559e-10	0	0	0	0	0	6.15197e-244
rs55942221	3	123092958	0.06018	0.0225	0.012	0.2244	0.2244	49053	1411006	0.0335965875351613	T	C	FALSE	0	1.12082588962106e-10	0	0	0	0	0	3.43315e-244
rs55947827	3	123058073	0.6788	-0.0057	0.0137	0.171	0.171	49053	1411006	0.0335965875351613	T	C	FALSE	0	2.41871694567393e-11	0	0	0	0	0	9.94177e-246
rs55955745	3	121636404	0.7354	-0.0072	0.0212	0.0552	0.0552	56306	1417791	0.0381969436203995	A	G	FALSE	0	3.62364139306148e-11	0	0	0	0	0	7.12919e-245
rs55961674	3	122196892	9.976e-12	0.0861	0.0126	0.1722	0.1722	56306	1417791	0.0381969436203995	T	C	TRUE	0	0.25672176716775	0	0	0	0	1	1
rs55964420	3	122106730	0.9027	0.0046	0.0378	0.9843	0.0157	56306	1417791	0.0381969436203995	A	C	FALSE	0	6.07355064050013e-11	0	0	0	0	0	1.1125369292536e-308
rs55964762	3	121433906	0.2748	0.0171	0.0156	0.9014	0.0986	56306	1417791	0.0381969436203995	T	C	FALSE	0	4.58786919041196e-11	0	0	0	0	0	3.97639e-246
rs55964830	3	121360227	0.008177	0.038	0.0144	0.8572	0.1428	56306	1417791	0.0381969436203995	T	C	FALSE	0	7.44842151632431e-10	0	0	0	0	0	5.83731e-237
rs55968914	3	123110581	0.03991	-0.0247	0.012	0.7604	0.2396	49053	1411006	0.0335965875351613	C	G	FALSE	0	1.60532788686866e-10	0	0	0	0	0	1.57202e-245
rs55973834	3	122079848	0.9063	0.0047	0.0402	0.0144	0.0144	56306	1417791	0.0381969436203995	T	G	FALSE	0	6.44089203168739e-11	0	0	0	0	0	0
rs55982078	3	122023903	0.5702	-0.008	0.0141	0.1366	0.1366	56306	1417791	0.0381969436203995	A	G	FALSE	0	2.68020004158495e-11	0	0	0	0	0	9.68683e-246
rs55987998	3	122668807	0.8363	-0.0023	0.0109	0.7333	0.2667	56306	1417791	0.0381969436203995	T	C	FALSE	0	1.80671508015577e-11	0	0	0	0	0	7.05882e-246
rs56012903	3	122162858	0.7927	0.0099	0.0377	0.0167	0.0167	56306	1417791	0.0381969436203995	T	C	FALSE	0	6.21852304797594e-11	0	0	0	0	0	2.17553e-259
rs56019325	3	122919687	0.4713	0.0093	0.0128	0.1896	0.1896	49053	1411006	0.0335965875351613	T	C	FALSE	0	2.69744525620932e-11	0	0	0	0	0	6.10066e-246
rs56023528	3	122228931	0.8167	-0.0087	0.0375	0.983	0.017	56306	1417791	0.0381969436203995	T	C	FALSE	0	6.14167005563846e-11	0	0	0	0	0	2.54921e-247
rs56024300	3	122058516	0.0002327	-0.1151	0.0313	0.9705	0.0295	55137	1416823	0.0374582189733417	A	G	FALSE	0	3.68947658727167e-08	0	0	0	0	0	6.07703e-244
rs56027687	3	121898518	0.8307	-0.0024	0.0111	0.2469	0.2469	56306	1417791	0.0381969436203995	T	C	FALSE	0	1.84180164795106e-11	0	0	0	0	0	1.0403e-244
rs56029517	3	122222250	1.408e-10	-0.0823	0.0128	0.8376	0.1624	55137	1416823	0.0374582189733417	A	C	FALSE	0	0.018081231885533	0	0	0	0	0	0
rs56031028	3	122651156	0.3348	-0.0106	0.011	0.7662	0.2338	56306	1417791	0.0381969436203995	A	G	FALSE	0	2.83294346210151e-11	0	0	0	0	0	2.79444e-245
rs56032645	3	122591782	0.5188	-0.0128	0.0198	0.922	0.078	56306	1417791	0.0381969436203995	A	C	FALSE	0	3.93444329036549e-11	0	0	0	0	0	4.30953e-246
rs56042705	3	122311451	0.519	-0.0103	0.0159	0.898	0.102	56306	1417791	0.0381969436203995	A	G	FALSE	0	3.16992107192678e-11	0	0	0	0	0	2.5371e-242
rs56048447	3	123019419	0.9338	0.001	0.0124	0.7862	0.2138	49053	1411006	0.0335965875351613	A	G	FALSE	0	2.0158712368884e-11	0	0	0	0	0	3.95688e-246
rs56066738	3	123010363	0.5546	0.0076	0.0129	0.1851	0.1851	49053	1411006	0.0335965875351613	T	C	FALSE	0	2.48435658573529e-11	0	0	0	0	0	5.56489e-246
rs56074178	3	122180011	0.2887	0.0145	0.0136	0.8543	0.1457	56306	1417791	0.0381969436203995	C	G	FALSE	0	3.87888281476684e-11	0	0	0	0	0	3.45855e-239
rs56076046	3	123008228	0.7947	0.0027	0.0103	0.3881	0.3881	49053	1411006	0.0335965875351613	T	C	FALSE	0	1.7282688004696e-11	0	0	0	0	0	6.86137e-245
rs56085624	3	122054667	5.235e-07	0.0631	0.0126	0.1652	0.1652	56306	1417791	0.0381969436203995	T	C	FALSE	0	5.42471516410231e-06	0	0	0	0	0	0
rs56103318	3	121987328	0.7329	-0.0049	0.0143	0.1321	0.1321	56306	1417791	0.0381969436203995	C	G	FALSE	0	2.45506270836705e-11	0	0	0	0	0	6.45299e-246
rs56109033	3	121387060	0.2683	0.0172	0.0156	0.9007	0.0993000000000001	56306	1417791	0.0381969436203995	T	C	FALSE	0	4.62011799496481e-11	0	0	0	0	0	3.99254e-246
rs56118506	3	122177846	3.33e-11	0.0842	0.0127	0.1621	0.1621	56306	1417791	0.0381969436203995	T	C	FALSE	0	0.0660628453065728	0	0	0	0	0	0
rs56139151	3	122106363	0.9055	-0.0045	0.0378	0.0157	0.0157	56306	1417791	0.0381969436203995	A	G	FALSE	0	6.07168356917027e-11	0	0	0	0	0	1.1125369298456e-308
rs56139876	3	122031453	1.365e-06	0.0608	0.0126	0.1655	0.1655	56306	1417791	0.0381969436203995	A	G	FALSE	0	2.21893347563463e-06	0	0	0	0	0	0
rs56139997	3	122050472	0.5259	-0.0088	0.0139	0.1388	0.1388	56306	1417791	0.0381969436203995	A	G	FALSE	0	2.74822112766598e-11	0	0	0	0	0	8.78882e-246
rs56156664	3	123118720	0.1252	-0.0177	0.0115	0.7323	0.2677	49053	1411006	0.0335965875351613	T	C	FALSE	0	6.06957518288943e-11	0	0	0	0	0	7.79809e-246
rs56160927	3	121748556	0.7563	-0.0038	0.0123	0.2072	0.2072	56306	1417791	0.0381969436203995	A	G	FALSE	0	2.09026061119374e-11	0	0	0	0	0	7.74997e-246
rs56162367	3	121412702	0.3371	0.0501	0.0522	0.0156	0.0156	42598	1322509	0.0312048799105125	A	G	FALSE	0	1.26211141564498e-10	0	0	0	0	0	1.55559e-245
rs56165727	3	122780955	0.5469	-0.01	0.0166	0.8815	0.1185	49053	1411006	0.0335965875351613	A	G	FALSE	0	3.21623427643644e-11	0	0	0	0	0	4.1992e-246
rs56185423	3	122704188	0.2065	-0.0168	0.0133	0.8208	0.1792	56306	1417791	0.0381969436203995	T	G	FALSE	0	4.76769615998617e-11	0	0	0	0	0	5.00529e-246
rs56194151	3	123166640	0.5676	0.0308	0.0539	0.018	0.018	35345	1315724	0.0261607660304544	A	G	FALSE	0	9.83864268436808e-11	0	0	0	0	0	4.55243e-246
rs56200000	3	122794236	0.2631	0.0146	0.013	0.8191	0.1809	49053	1411006	0.0335965875351613	T	C	FALSE	0	3.94667264966184e-11	0	0	0	0	0	4.11054e-246
rs56205278	3	122781213	0.6746	0.0064	0.0153	0.8578	0.1422	49053	1411006	0.0335965875351613	T	C	FALSE	0	2.70188014616116e-11	0	0	0	0	0	8.33307e-246
rs56207632	3	123057397	0.1249	0.0471	0.0307	0.0311	0.0311	56306	1417791	0.0381969436203995	A	G	FALSE	0	1.55560272854987e-10	0	0	0	0	0	6.00656e-246
rs562134	3	121295240	0.28	0.0426	0.0394	0.0193	0.0193	56306	1417791	0.0381969436203995	T	C	FALSE	0	1.10170248145822e-10	0	0	0	0	0	5.72916e-246
rs56227115	3	121824225	0.1967	-0.0375	0.0291	0.0314	0.0314	56306	1417791	0.0381969436203995	A	G	FALSE	0	1.05424062539726e-10	0	0	0	0	0	9.24253e-246
rs56232236	3	121675990	0.0005198	-0.0482	0.0139	0.1634	0.1634	56306	1417791	0.0381969436203995	A	G	FALSE	0	8.93214959422129e-09	0	0	0	0	0	1.10151e-241
rs56236741	3	122097983	1.883e-05	-0.061	0.0143	0.8537	0.1463	56306	1417791	0.0381969436203995	A	G	FALSE	0	1.97658773205362e-07	0	0	0	0	0	0
rs56242285	3	121946765	0.211	-0.0139	0.0111	0.2461	0.2461	56306	1417791	0.0381969436203995	A	C	FALSE	0	3.93181615410575e-11	0	0	0	0	0	2.6549e-244
rs56253863	3	122703803	0.1712	-0.0217	0.0158	0.8755	0.1245	49053	1411006	0.0335965875351613	A	T	FALSE	0	6.52878975531282e-11	0	0	0	0	0	4.92099e-246
rs56261565	3	122572081	0.2652	0.0107	0.0096	0.465	0.465	55137	1416823	0.0374582189733417	A	G	FALSE	0	2.89320979983914e-11	0	0	0	0	0	2.04171e-239
rs56265325	3	122994927	0.5244	0.0227	0.0357	0.0231	0.0231	49053	1411006	0.0335965875351613	A	G	FALSE	0	6.94078714142951e-11	0	0	0	0	0	4.78056e-246
rs56276445	3	123098242	0.3363	0.0097	0.01	0.384	0.384	56306	1417791	0.0381969436203995	A	C	FALSE	0	2.59256416825477e-11	0	0	0	0	0	7.77007e-246
rs56278044	3	122760686	0.02161	-0.0346	0.0151	0.8672	0.1328	49053	1411006	0.0335965875351613	A	C	FALSE	0	3.32562498853402e-10	0	0	0	0	0	1.19897e-244
rs56286202	3	121437097	0.2687	-0.0172	0.0156	0.0994	0.0994	56306	1417791	0.0381969436203995	T	C	FALSE	0	4.62011799496481e-11	0	0	0	0	0	3.01857e-245
rs56298514	3	122359589	0.1171	-0.0175	0.0112	0.7629	0.2371	56306	1417791	0.0381969436203995	A	C	FALSE	0	6.13045609359963e-11	0	0	0	0	0	2.17937e-245
rs56300267	3	122159792	0.8337	0.0079	0.0377	0.0167	0.0167	56306	1417791	0.0381969436203995	T	C	FALSE	0	6.14376854350659e-11	0	0	0	0	0	1.1125370089401e-308
rs56303024	3	122283735	2.367e-10	0.0794	0.0125	0.1713	0.1713	56306	1417791	0.0381969436203995	A	T	FALSE	0	0.0108112435699259	0	0	0	0	0	0
rs56310107	3	122660445	0.985	2e-04	0.0126	0.8298	0.1702	56306	1417791	0.0381969436203995	A	C	FALSE	0	2.04188963654913e-11	0	0	0	0	0	1.11914e-245
rs56314138	3	121356656	0.0002899	-0.0378	0.0104	0.2786	0.2786	56306	1417791	0.0381969436203995	A	G	FALSE	0	1.22401503169855e-08	0	0	0	0	0	3.41495e-245
rs56320877	3	122138061	2.854e-11	-0.085	0.0128	0.8383	0.1617	56306	1417791	0.0381969436203995	A	G	FALSE	0	0.0713616540958252	0	0	1	1	0	0
rs56325125	3	122230495	2.945e-11	-0.0845	0.0127	0.8381	0.1619	56306	1417791	0.0381969436203995	A	T	FALSE	0	0.0772361583683103	2	1	0	0	0	0
rs56343603	3	122561421	0.2797	-0.0103	0.0095	0.5353	0.4647	56306	1417791	0.0381969436203995	A	C	FALSE	0	2.76940359629193e-11	0	0	0	0	0	9.22809e-244
rs56343977	3	121330241	0.7675	-0.0037	0.0126	0.3025	0.3025	37688	981372	0.0369831020744608	T	G	FALSE	0	2.13122117932501e-11	0	0	0	0	0	1.49646e-244
rs56347468	3	121771512	0.1538	0.0189	0.0132	0.8482	0.1518	56306	1417791	0.0381969436203995	C	G	FALSE	0	5.93391029482038e-11	0	0	0	0	0	4.43978e-246
rs56358766	3	122719962	0.07418	-0.0273	0.0153	0.1531	0.1531	49053	1411006	0.0335965875351613	A	G	FALSE	0	1.20563922607354e-10	0	0	0	0	0	3.88517e-246
rs56368292	3	121925572	0.2416	0.0112	0.0095	0.4969	0.4969	56306	1417791	0.0381969436203995	A	G	FALSE	0	3.08204357205139e-11	0	0	0	0	0	5.60218e-246
rs56368534	3	122319788	0.3463	-0.0374	0.0398	0.0211	0.0211	56306	1417791	0.0381969436203995	T	C	FALSE	0	9.69083436084914e-11	0	0	0	0	0	2.28019e-239
rs56371916	3	123095543	0.1221	0.0208	0.0135	0.7608	0.2392	42598	1322509	0.0312048799105125	T	C	FALSE	0	7.12783990255057e-11	0	0	0	0	0	5.47393e-246
rs56380082	3	122156456	5.438e-11	-0.0834	0.0127	0.8368	0.1632	56306	1417791	0.0381969436203995	A	G	FALSE	0	0.0436684960694992	0	0	0	0	0	0
rs56382357	3	121452339	0.1958	0.0123	0.0095	0.5862	0.4138	56306	1417791	0.0381969436203995	T	C	FALSE	0	3.55545759328773e-11	0	0	0	0	0	8.01902e-244
rs56384012	3	123098176	0.3442	0.0096	0.0101	0.3817	0.3817	56306	1417791	0.0381969436203995	A	G	FALSE	0	2.56990060599791e-11	0	0	0	0	0	7.635e-246
rs56387854	3	121867962	0.2205	-0.0171	0.0139	0.8656	0.1344	56306	1417791	0.0381969436203995	T	C	FALSE	0	4.78072121491234e-11	0	0	0	0	0	3.83185e-241
rs56400345	3	122443946	0.09675	0.022	0.0133	0.8502	0.1498	56306	1417791	0.0381969436203995	T	C	FALSE	0	8.41192407474044e-11	0	0	0	0	0	4.53876e-246
rs56401848	3	123037433	0.7403	0.0183	0.0552	0.0152	0.0152	49053	1411006	0.0335965875351613	A	G	FALSE	0	9.0916227573616e-11	0	0	0	0	0	4.85057e-246
rs56403232	3	122356700	0.09405	-0.02	0.0119	0.7731	0.2269	56306	1417791	0.0381969436203995	T	G	FALSE	0	7.87861895555715e-11	0	0	0	0	0	5.65293e-245
rs56403667	3	122318853	0.02032	0.0807	0.0348	0.0209	0.0209	55920	1417298	0.0379577224823482	C	G	FALSE	0	7.56808086176141e-10	0	0	0	0	0	7.61251e-243
rs56404875	3	121355492	0.0378	-0.1014	0.0488	0.9812	0.0188	56306	1417791	0.0381969436203995	A	G	FALSE	0	5.90459280897091e-10	0	0	0	0	0	1.79147e-245
rs56407630	3	123014904	0.3199	0.02	0.0201	0.0986	0.0986	49053	1411006	0.0335965875351613	T	C	FALSE	0	5.30057986282522e-11	0	0	0	0	0	1.09958e-245
rs56408673	3	121696961	0.7049	-0.0079	0.0208	0.056	0.056	56306	1417791	0.0381969436203995	T	C	FALSE	0	3.60731287612583e-11	0	0	0	0	0	7.99138e-245
rs56712020	3	123099368	0.3272	0.0098	0.01	0.3843	0.3843	56306	1417791	0.0381969436203995	A	G	FALSE	0	2.61790164518351e-11	0	0	0	0	0	7.88601e-246
rs56725593	3	122721985	0.9846	4e-04	0.022	0.9458	0.0542	56306	1417791	0.0381969436203995	A	G	FALSE	0	3.55098854411905e-11	0	0	0	0	0	4.08438e-246
rs56739610	3	122935517	0.4923	-0.0088	0.0128	0.8104	0.1896	49053	1411006	0.0335965875351613	A	G	FALSE	0	2.62426112177479e-11	0	0	0	0	0	4.30911e-246
rs56740873	3	122712787	0.8735	-0.0036	0.0224	0.0494	0.0494	56306	1417791	0.0381969436203995	T	G	FALSE	0	3.66056120421907e-11	0	0	0	0	0	4.82799e-246
rs56768921	3	123105074	0.2775	0.0109	0.0101	0.3848	0.3848	56306	1417791	0.0381969436203995	A	T	FALSE	0	2.9275309670684e-11	0	0	0	0	0	9.10062e-246
rs56777297	3	121952452	0.523	-0.0081	0.0126	0.1726	0.1726	56306	1417791	0.0381969436203995	C	G	FALSE	0	2.50820150267859e-11	0	0	0	0	0	8.51432e-246
rs56819107	3	122080087	0.8306	-0.0083	0.039	0.0152	0.0152	56306	1417791	0.0381969436203995	T	C	FALSE	0	6.35188975648249e-11	0	0	0	0	0	1.52146e-239
rs56820651	3	121925198	0.5723	-0.0074	0.0131	0.1618	0.1618	56306	1417791	0.0381969436203995	C	G	FALSE	0	2.48773306744378e-11	0	0	0	0	0	7.80026e-246
rs56975164	3	123070421	0.06182	-0.0225	0.012	0.7761	0.2239	49053	1411006	0.0335965875351613	T	C	FALSE	0	1.12082588962106e-10	0	0	0	0	0	5.2334e-246
rs56997978	3	122619301	0.392	0.0084	0.0098	0.6434	0.3566	56306	1417791	0.0381969436203995	T	C	FALSE	0	2.29259491661758e-11	0	0	0	0	0	5.80834e-240
rs57029202	3	122567363	0.283	0.0102	0.0095	0.4653	0.4653	56306	1417791	0.0381969436203995	A	C	FALSE	0	2.73819848083407e-11	0	0	0	0	0	1.72459e-239
rs57050334	3	123104237	0.2768	0.011	0.0101	0.3823	0.3823	56306	1417791	0.0381969436203995	A	G	FALSE	0	2.95904425922771e-11	0	0	0	0	0	9.33267e-246
rs57086078	3	122104982	0.4478	0.0127	0.0168	0.9047	0.0953	56306	1417791	0.0381969436203995	T	C	FALSE	0	3.6097092488866e-11	0	0	0	0	0	7.75597e-243
rs571217	3	121278783	0.8978	0.0015	0.0115	0.7665	0.2335	56306	1417791	0.0381969436203995	T	C	FALSE	0	1.87988230763168e-11	0	0	0	0	0	4.35115e-246
rs57130685	3	121735358	0.3532	0.0328	0.0353	0.9723	0.0276999999999999	56306	1417791	0.0381969436203995	T	C	FALSE	0	8.57819120472997e-11	0	0	0	0	0	4.257e-246
rs57177489	3	122692039	0.05153	-0.03	0.0154	0.1377	0.1377	49943	1411643	0.0341704148780845	T	G	FALSE	0	1.64399643115795e-10	0	0	0	0	0	3.76391e-242
rs57215152	3	122794055	0.2603	-0.0147	0.013	0.1812	0.1812	49053	1411006	0.0335965875351613	T	C	FALSE	0	3.98088845741764e-11	0	0	0	0	0	1.18036e-244
rs57256780	3	122758128	0.7148	-0.0082	0.0225	0.9501	0.0499000000000001	56306	1417791	0.0381969436203995	C	G	FALSE	0	3.87614354353864e-11	0	0	0	0	0	6.12946e-246
rs57339232	3	121870586	0.8023	0.0029	0.0114	0.7795	0.2205	56306	1417791	0.0381969436203995	A	C	FALSE	0	1.90842208125631e-11	0	0	0	0	0	2.87499e-243
rs57347971	3	122683013	0.4716	-0.0085	0.0118	0.7245	0.2755	56306	1417791	0.0381969436203995	A	C	FALSE	0	2.47673246836237e-11	0	0	0	0	0	7.86764e-246
rs57365001	3	121572252	0.7973	0.004	0.0155	0.8979	0.1021	56306	1417791	0.0381969436203995	T	C	FALSE	0	2.59342572239998e-11	0	0	0	0	0	5.29462e-246
rs57406788	3	122174056	0.6859	-0.0166	0.0411	0.9849	0.0151	56306	1417791	0.0381969436203995	A	C	FALSE	0	7.06830320673184e-11	0	0	0	0	1	1
rs57517313	3	121946769	0.511	-0.0084	0.0127	0.1715	0.1715	56306	1417791	0.0381969436203995	A	C	FALSE	0	2.55865531625423e-11	0	0	0	0	0	7.54463e-246
rs57542866	3	122238453	0.005578	-0.0264	0.0095	0.4356	0.4356	56306	1417791	0.0381969436203995	T	C	FALSE	0	7.25866300823044e-10	0	0	0	0	0	9.79796e-242
rs57572875	3	123126268	0.1334	-0.0171	0.0114	0.7294	0.2706	49053	1411006	0.0335965875351613	T	C	FALSE	0	5.67109461091105e-11	0	0	0	0	0	7.51111e-246
rs575913	3	121202758	0.6542	-0.0049	0.0108	0.7534	0.2466	56306	1417791	0.0381969436203995	A	G	FALSE	0	1.94011738738279e-11	0	0	0	0	0	1.68755e-244
rs57636696	3	121619464	6.447e-06	0.0473	0.0105	0.7064	0.2936	56306	1417791	0.0381969436203995	A	T	FALSE	0	4.22172267437602e-07	0	0	0	0	0	2.72536e-237
rs57705896	3	122479724	0.3405	0.0168	0.0176	0.0767	0.0767	56306	1417791	0.0381969436203995	T	C	FALSE	0	4.4734207848028e-11	0	0	0	0	0	1.87905e-243
rs57706068	3	122147542	0.8407	-0.0097	0.0481	0.0153	0.0153	42598	1322509	0.0312048799105125	A	G	FALSE	0	7.74017014554298e-11	0	0	0	0	0	1.11543e-247
rs57791671	3	121608433	0.09471	-0.0162	0.0097	0.4114	0.4114	56306	1417791	0.0381969436203995	A	T	FALSE	0	6.32388959918759e-11	0	0	0	0	0	3.95173e-246
rs58011825	3	123104279	0.1798	0.0199	0.0148	0.8569	0.1431	49053	1411006	0.0335965875351613	A	C	FALSE	0	5.88834367098458e-11	0	0	0	0	0	8.28677e-246
rs58027666	3	122725706	0.9472	0.0014	0.0217	0.9463	0.0537	56306	1417791	0.0381969436203995	T	C	FALSE	0	3.50977318044859e-11	0	0	0	0	0	4.15017e-246
rs58088236	3	121561765	0.0001052	-0.0376	0.0097	0.3772	0.3772	56306	1417791	0.0381969436203995	T	C	FALSE	0	2.83036639791518e-08	0	0	0	0	0	2.7538e-243
rs58099761	3	122722925	0.8944	-0.0029	0.0219	0.0519	0.0519	56306	1417791	0.0381969436203995	A	G	FALSE	0	3.56521649836864e-11	0	0	0	0	0	4.3731e-246
rs58184682	3	122635622	0.9427	-7e-04	0.01	0.6654	0.3346	56306	1417791	0.0381969436203995	C	G	FALSE	0	1.62549842951453e-11	0	0	0	0	0	8.63272e-242
rs58191316	3	121966240	0.5614	0.0074	0.0127	0.8272	0.1728	56306	1417791	0.0381969436203995	T	C	FALSE	0	2.43683109160279e-11	0	0	0	0	0	8.83617e-245
rs58208399	3	122962546	0.4291	0.0101	0.0128	0.1888	0.1888	49053	1411006	0.0335965875351613	T	C	FALSE	0	2.8277326203579e-11	0	0	0	0	0	6.66119e-246
rs58230307	3	122804305	0.164	0.0418	0.0301	0.972	0.028	56306	1417791	0.0381969436203995	A	G	FALSE	0	1.24069082076262e-10	0	0	0	0	0	4.71801e-246
rs58230490	3	122014923	0.8326	-0.0051	0.0241	0.041	0.041	56306	1417791	0.0381969436203995	T	C	FALSE	0	3.97135975390375e-11	0	0	0	0	0	1.20974e-238
rs58323965	3	123111687	0.4237	0.0126	0.0158	0.8658	0.1342	49053	1411006	0.0335965875351613	A	C	FALSE	0	3.50762364953823e-11	0	0	0	0	0	4.23337e-246
rs58336582	3	122429867	0.4082	0.0093	0.0112	0.7739	0.2261	56306	1417791	0.0381969436203995	A	G	FALSE	0	2.56011180250089e-11	0	0	0	0	0	1.39642e-245
rs58367397	3	121451700	0.05962	-0.0204	0.0108	0.7529	0.2471	56306	1417791	0.0381969436203995	A	G	FALSE	0	1.03696985192173e-10	0	0	0	0	0	4.37255e-246
rs58376358	3	122082665	0.9545	-0.0022	0.0378	0.0157	0.0157	56306	1417791	0.0381969436203995	T	C	FALSE	0	6.04015347239901e-11	0	0	0	0	0	0
rs58386327	3	123152906	0.1775	-0.0184	0.0137	0.1902	0.1902	56306	1417791	0.0381969436203995	A	G	FALSE	0	5.44550032769634e-11	0	0	0	0	0	4.03458e-245
rs58392925	3	122657922	0.9488	-7e-04	0.0108	0.7451	0.2549	56306	1417791	0.0381969436203995	C	G	FALSE	0	1.75456081919099e-11	0	0	0	0	0	6.77599e-246
rs58485759	3	121532129	0.8038	0.0039	0.0156	0.8988	0.1012	56306	1417791	0.0381969436203995	T	C	FALSE	0	2.60474063726647e-11	0	0	0	0	0	3.91484e-246
rs58529372	3	121925798	0.2399	0.0112	0.0095	0.497	0.497	56306	1417791	0.0381969436203995	T	G	FALSE	0	3.08204357205139e-11	0	0	0	0	0	5.60023e-246
rs58531872	3	123105640	0.2882	-0.0109	0.0103	0.6166	0.3834	50455	1411925	0.0345019762305283	C	G	FALSE	0	2.91923437191684e-11	0	0	0	0	0	5.51154e-246
rs58535028	3	122719046	0.6111	0.0141	0.0278	0.0334	0.0334	56306	1417791	0.0381969436203995	T	C	FALSE	0	5.07175338601167e-11	0	0	0	0	0	5.96946e-246
rs58537451	3	122675411	0.902	-0.0014	0.0113	0.7606	0.2394	56306	1417791	0.0381969436203995	C	G	FALSE	0	1.84576441695601e-11	0	0	0	0	0	5.0656e-245
rs58575446	3	122636185	0.04225	-0.0203	0.01	0.3735	0.3735	56306	1417791	0.0381969436203995	A	G	FALSE	0	1.26629742885834e-10	0	0	0	0	0	3.26095e-245
rs58586329	3	122791087	0.1552	0.0189	0.0133	0.8249	0.1751	49053	1411006	0.0335965875351613	A	T	FALSE	0	5.88755947494599e-11	0	0	0	0	0	4.32534e-246
rs58693865	3	123105356	0.2915	-0.0106	0.0101	0.6129	0.3871	56306	1417791	0.0381969436203995	T	C	FALSE	0	2.83665422173601e-11	0	0	0	0	0	5.46398e-246
rs58740854	3	122700994	0.8806	0.0039	0.0262	0.9583	0.0417	56306	1417791	0.0381969436203995	A	G	FALSE	0	4.26387187390747e-11	0	0	0	0	0	3.91201e-246
rs587553	3	121265913	0.6399	0.0051	0.0109	0.248	0.248	56306	1417791	0.0381969436203995	T	C	FALSE	0	1.97082086337342e-11	0	0	0	0	0	2.00396e-245
rs58776000	3	123140136	0.007501	-0.0336	0.0126	0.2564	0.2564	56306	1417791	0.0381969436203995	A	G	FALSE	0	7.04744010285722e-10	0	0	0	0	0	1.28002e-243
rs58845693	3	122804247	0.164	0.0418	0.0301	0.972	0.028	56306	1417791	0.0381969436203995	A	G	FALSE	0	1.24069082076262e-10	0	0	0	0	0	4.71736e-246
rs58879727	3	122283875	0.8197	0.0086	0.0379	0.983	0.017	56306	1417791	0.0381969436203995	A	G	FALSE	0	6.19781676839664e-11	0	0	0	0	0	1.11253692925361e-308
rs58903251	3	122768033	0.9659	0.001	0.0238	0.0463	0.0463	56306	1417791	0.0381969436203995	T	C	FALSE	0	3.84033298558431e-11	0	0	0	0	0	5.23753e-246
rs58929398	3	122429820	0.4584	0.0083	0.0112	0.7748	0.2252	56306	1417791	0.0381969436203995	A	T	FALSE	0	2.3871905714733e-11	0	0	0	0	0	1.2112e-245
rs58976058	3	122233129	0.7329	-0.0122	0.0358	0.019	0.019	56306	1417791	0.0381969436203995	A	G	FALSE	0	6.0525286085772e-11	0	0	0	0	0	3.737e-258
rs59002131	3	121490108	0.1019	0.0221	0.0135	0.1485	0.1485	56306	1417791	0.0381969436203995	T	C	FALSE	0	8.30052181124966e-11	0	0	0	0	0	2.00227e-245
rs59005457	3	122367798	0.848	-0.0179	0.0936	0.9778	0.0222	27823	443190	0.0590705564389943	T	C	FALSE	0	1.39717828623894e-10	0	0	0	0	0	4.71605e-246
rs59064186	3	121531798	0.8008	-0.0039	0.0155	0.1019	0.1019	56306	1417791	0.0381969436203995	T	C	FALSE	0	2.58919073621448e-11	0	0	0	0	0	4.18478e-246
rs59107033	3	123105643	0.02369	0.0271	0.012	0.2346	0.2346	49053	1411006	0.0335965875351613	T	C	FALSE	0	2.46809418452044e-10	0	0	0	0	0	1.37919e-244
rs59138438	3	122970893	0.5124	0.0083	0.0127	0.189	0.189	49053	1411006	0.0335965875351613	A	G	FALSE	0	2.54549628319788e-11	0	0	0	0	0	5.82883e-246
rs59164036	3	122362199	0.2477	-0.0245	0.0212	0.9459	0.0541	56306	1417791	0.0381969436203995	C	G	FALSE	0	6.62469383935672e-11	0	0	0	0	0	1.07418e-237
rs59181464	3	121303144	0.3264	-0.0106	0.0108	0.2806	0.2806	56306	1417791	0.0381969436203995	A	C	FALSE	0	2.83028309456517e-11	0	0	0	0	0	3.38741e-245
rs59228534	3	121495164	0.7017	0.006	0.0156	0.8988	0.1012	56306	1417791	0.0381969436203995	A	G	FALSE	0	2.71770914784189e-11	0	0	0	0	0	3.8878e-246
rs59275099	3	122777560	0.4849	0.0103	0.0147	0.1585	0.1585	49053	1411006	0.0335965875351613	T	C	FALSE	0	3.03844239046397e-11	0	0	0	0	0	6.66005e-246
rs59280051	3	122140426	0.2623	-0.0153	0.0137	0.1446	0.1446	56306	1417791	0.0381969436203995	A	G	FALSE	0	4.12796588787867e-11	0	0	0	0	0	4.87583e-244
rs59320605	3	123143081	0.003538	-0.035	0.012	0.2271	0.2271	56306	1417791	0.0381969436203995	A	G	FALSE	0	1.34741547824056e-09	0	0	0	0	0	6.12353e-243
rs59321546	3	121925212	0.5539	-0.0077	0.0131	0.162	0.162	56306	1417791	0.0381969436203995	C	G	FALSE	0	2.52064300469324e-11	0	0	0	0	0	7.65978e-246
rs59336402	3	122041761	0.4676	-0.0101	0.0139	0.1393	0.1393	56306	1417791	0.0381969436203995	A	T	FALSE	0	2.92774310974354e-11	0	0	0	0	0	7.80041e-246
rs59344080	3	122099058	0.881	-0.0057	0.0378	0.0157	0.0157	56306	1417791	0.0381969436203995	T	C	FALSE	0	6.09684483499852e-11	0	0	0	0	0	0
rs59504846	3	121769526	0.6011	-0.0063	0.012	0.1963	0.1963	56306	1417791	0.0381969436203995	T	C	FALSE	0	2.23102693427322e-11	0	0	0	0	0	1.71474e-245
rs59528352	3	122276830	0.9602	0.0019	0.0384	0.9836	0.0164	56306	1417791	0.0381969436203995	T	C	FALSE	0	6.12985807891454e-11	0	0	0	0	0	6.70942e-263
rs59544157	3	122944811	0.5625	-0.0075	0.013	0.8142	0.1858	49053	1411006	0.0335965875351613	T	C	FALSE	0	2.48580166857706e-11	0	0	0	0	0	4.10044e-246
rs59569049	3	122238788	0.2759	0.0152	0.014	0.8587	0.1413	56306	1417791	0.0381969436203995	A	T	FALSE	0	4.0761833668755e-11	0	0	0	0	0	3.55101e-239
rs59610103	3	122652182	0.1704	-0.018	0.0131	0.8497	0.1503	56306	1417791	0.0381969436203995	T	C	FALSE	0	5.43290444061388e-11	0	0	0	0	0	6.72007e-245
rs59740137	3	121490006	0.7492	0.0035	0.011	0.2381	0.2381	56306	1417791	0.0381969436203995	A	C	FALSE	0	1.87552042105349e-11	0	0	0	0	0	6.11736e-246
rs59845827	3	123098523	0.3182	-0.0141	0.0141	0.1519	0.1519	49053	1411006	0.0335965875351613	A	G	FALSE	0	3.75563337046654e-11	0	0	0	0	0	2.65217e-245
rs59866500	3	122308071	0.1046	0.0156	0.0096	0.5295	0.4705	56306	1417791	0.0381969436203995	A	G	FALSE	0	5.81199489665198e-11	0	0	0	0	0	4.91108e-246
rs59873306	3	123107562	0.2806	-0.0111	0.0103	0.6169	0.3831	50455	1411925	0.0345019762305283	A	G	FALSE	0	2.98023940932463e-11	0	0	0	0	0	5.63129e-246
rs59877871	3	121294591	0.4284	-0.0086	0.0108	0.2782	0.2782	56306	1417791	0.0381969436203995	A	T	FALSE	0	2.40186685434797e-11	0	0	0	0	0	2.3093e-245
rs59887682	3	122402774	0.6065	0.0082	0.016	0.8982	0.1018	56306	1417791	0.0381969436203995	A	T	FALSE	0	2.95035599749202e-11	0	0	0	0	0	4.5375e-246
rs59930643	3	123109371	0.3781	-0.0118	0.0134	0.6218	0.3782	36747	1316643	0.0271518187662093	A	C	FALSE	0	3.19325895306636e-11	0	0	0	0	0	4.80722e-246
rs59949553	3	121290866	0.3945	0.0092	0.0108	0.7229	0.2771	56306	1417791	0.0381969436203995	A	C	FALSE	0	2.51405018484132e-11	0	0	0	0	0	3.97751e-246
rs60054445	3	123174832	0.257	0.0645	0.0569	0.0101	0.0101	30668	974538	0.0305091692648074	T	C	FALSE	0	1.60995661675903e-10	0	0	0	0	0	3.88805e-246
rs60087488	3	122485766	0.3403	-0.0168	0.0176	0.9234	0.0766	56306	1417791	0.0381969436203995	A	T	FALSE	0	4.4734207848028e-11	0	0	0	0	0	1.3243e-245
rs60088212	3	123105548	0.2857	0.0108	0.0101	0.3842	0.3842	56306	1417791	0.0381969436203995	A	G	FALSE	0	2.89663650580308e-11	0	0	0	0	0	8.96884e-246
rs60147719	3	123104427	0.1782	-0.02	0.0148	0.1431	0.1431	49053	1411006	0.0335965875351613	T	C	FALSE	0	5.94192449452316e-11	0	0	0	0	0	1.15086e-245
rs60154494	3	121523252	0.004288	-0.0379	0.0133	0.855	0.145	56306	1417791	0.0381969436203995	T	G	FALSE	0	1.22718646198354e-09	0	0	0	0	0	6.99788e-245
rs60184004	3	121298004	0.4088	-0.0088	0.0107	0.2808	0.2808	56306	1417791	0.0381969436203995	T	C	FALSE	0	2.43045589401495e-11	0	0	0	0	0	2.483e-245
rs60222267	3	122179632	0.2754	-0.0149	0.0137	0.145	0.145	56306	1417791	0.0381969436203995	T	G	FALSE	0	3.99784048185285e-11	0	0	0	0	0	5.63943e-244
rs60226894	3	122384152	0.09514	0.032	0.0192	0.0642	0.0642	56306	1417791	0.0381969436203995	T	C	FALSE	0	1.2287261938752e-10	0	0	0	0	0	6.98467e-245
rs60228067	3	122884385	0.4882	-0.0224	0.0323	0.0282	0.0282	49053	1411006	0.0335965875351613	A	G	FALSE	0	6.54423630033688e-11	0	0	0	0	0	7.04768e-246
rs60248467	3	123149221	0.004393	-0.035	0.0123	0.2262	0.2262	56306	1417791	0.0381969436203995	T	C	FALSE	0	1.12506044441574e-09	0	0	0	0	0	4.58e-243
rs60250573	3	122784045	0.434	0.0131	0.0167	0.1145	0.1145	49053	1411006	0.0335965875351613	A	T	FALSE	0	3.66747889140793e-11	0	0	0	0	0	2.86843e-245
rs60329938	3	122397466	0.008326	0.0472	0.0179	0.0732	0.0732	56306	1417791	0.0381969436203995	A	G	FALSE	0	9.10823887515204e-10	0	0	0	0	0	8.21048e-246
rs60335943	3	122726885	0.9718	8e-04	0.0219	0.9468	0.0532	56306	1417791	0.0381969436203995	A	C	FALSE	0	3.53679313887302e-11	0	0	0	0	0	4.18144e-246
rs60414302	3	123095547	0.2014	0.0195	0.0153	0.2249	0.2249	35345	1315724	0.0261607660304544	C	G	FALSE	0	5.55351651579123e-11	0	0	0	0	0	6.71397e-245
rs604231	3	121233568	0.5785	0.0104	0.0186	0.0668	0.0668	56306	1417791	0.0381969436203995	T	C	FALSE	0	3.51088404013827e-11	0	0	0	0	0	4.10418e-246
rs60426479	3	122719124	0.8687	0.0037	0.0226	0.9485	0.0515	56306	1417791	0.0381969436203995	A	G	FALSE	0	3.6946004133342e-11	0	0	0	0	0	3.89681e-246
rs60442485	3	121301755	0.3961	0.0091	0.0107	0.7191	0.2809	56306	1417791	0.0381969436203995	A	G	FALSE	0	2.4879616154791e-11	0	0	0	0	0	3.982e-246
rs60507179	3	122439371	0.2863	0.0246	0.0231	0.9545	0.0455	56306	1417791	0.0381969436203995	T	C	FALSE	0	6.51963878209207e-11	0	0	0	0	0	4.03487e-246
rs60541901	3	122309282	0.147	-0.0144	0.0099	0.4881	0.4881	56306	1417791	0.0381969436203995	A	G	FALSE	0	4.61176504694613e-11	0	0	0	0	0	1.26959e-244
rs60583064	3	122760192	0.6282	-0.0104	0.0215	0.9461	0.0539	56306	1417791	0.0381969436203995	A	C	FALSE	0	3.89618670952317e-11	0	0	0	0	0	6.92667e-246
rs60615758	3	121963312	0.9261	0.0036	0.0389	0.0173	0.0173	56306	1417791	0.0381969436203995	C	G	FALSE	0	6.22509234407739e-11	0	0	0	0	0	6.24622e-246
rs60704873	3	122781935	0.9509	-0.001	0.0165	0.8959	0.1041	50092	1411760	0.0342661226991515	A	G	FALSE	0	2.67467229984861e-11	0	0	0	0	0	1.10827e-245
rs60712162	3	121498336	0.318	0.0504	0.0505	0.9835	0.0165	42598	1322509	0.0312048799105125	A	T	FALSE	0	1.26958728577359e-10	0	0	0	0	0	6.12023e-246
rs60724995	3	122720998	0.7895	0.0058	0.0216	0.9462	0.0538	56306	1417791	0.0381969436203995	A	G	FALSE	0	3.61309397374617e-11	0	0	0	0	0	3.86684e-246
rs60776642	3	122687018	0.4346	0.0214	0.0274	0.0378	0.0378	56306	1417791	0.0381969436203995	A	G	FALSE	0	5.94563902052272e-11	0	0	0	0	0	4.29646e-246
rs60870039	3	123101990	0.3023	-0.0104	0.0101	0.6156	0.3844	56306	1417791	0.0381969436203995	A	G	FALSE	0	2.7790007375328e-11	0	0	0	0	0	5.63657e-246
rs60957616	3	123105187	0.2916	-0.0106	0.0101	0.6129	0.3871	56306	1417791	0.0381969436203995	A	G	FALSE	0	2.83665422173601e-11	0	0	0	0	0	5.46697e-246
rs60975103	3	122983064	0.532	-0.0239	0.0382	0.0243	0.0243	49053	1411006	0.0335965875351613	T	C	FALSE	0	7.35798955798028e-11	0	0	0	0	0	7.94028e-246
rs60977163	3	122430285	0.284	-0.0248	0.0231	0.0454	0.0454	56306	1417791	0.0381969436203995	T	C	FALSE	0	6.57947395626811e-11	0	0	0	0	0	7.53698e-245
rs60992117	3	121988738	0.6394	-0.0066	0.014	0.1349	0.1349	56306	1417791	0.0381969436203995	A	G	FALSE	0	2.53255295739533e-11	0	0	0	0	0	5.71179e-246
rs61029975	3	122328482	0.5702	0.0111	0.0196	0.0653	0.0653	56306	1417791	0.0381969436203995	C	G	FALSE	0	3.71218935640571e-11	0	0	0	0	0	1.24129e-245
rs61080279	3	122685349	0.7531	-0.0183	0.058	0.9485	0.0515	26421	442271	0.056371775067635	T	C	FALSE	0	9.46893148473695e-11	0	0	0	0	0	4.97827e-246
rs61187404	3	121297820	0.4075	-0.0089	0.0108	0.2797	0.2797	56306	1417791	0.0381969436203995	A	G	FALSE	0	2.45637331707e-11	0	0	0	0	0	2.4851e-245
rs61203229	3	121943859	0.217	-0.0136	0.011	0.2475	0.2475	56306	1417791	0.0381969436203995	A	G	FALSE	0	3.82061536766809e-11	0	0	0	0	0	2.50026e-244
rs61271105	3	121291324	0.4084	-0.0089	0.0107	0.2805	0.2805	56306	1417791	0.0381969436203995	T	C	FALSE	0	2.44926191835051e-11	0	0	0	0	0	2.45607e-245
rs61304318	3	121964084	0.5873	0.0069	0.0128	0.8294	0.1706	56306	1417791	0.0381969436203995	A	G	FALSE	0	2.39680547201786e-11	0	0	0	0	0	7.8915e-245
rs61416729	3	122409345	0.3222	0.0176	0.0178	0.0762	0.0762	56306	1417791	0.0381969436203995	T	C	FALSE	0	4.67520545479197e-11	0	0	0	0	0	3.17928e-243
rs61420529	3	121753775	0.8129	-0.0029	0.0122	0.2093	0.2093	56306	1417791	0.0381969436203995	T	C	FALSE	0	2.03350302677933e-11	0	0	0	0	0	8.59581e-246
rs61427766	3	121286548	0.4645	-0.0341	0.0466	0.9862	0.0138	56306	1417791	0.0381969436203995	A	T	FALSE	0	9.49865895600063e-11	0	0	0	0	0	4.79129e-246
rs61451277	3	122721077	0.8272	0.0047	0.0216	0.9462	0.0538	56306	1417791	0.0381969436203995	A	G	FALSE	0	3.5691566769016e-11	0	0	0	0	0	3.87624e-246
rs61472976	3	121904699	0.9352	-0.002	0.0252	0.9551	0.0449000000000001	56306	1417791	0.0381969436203995	T	G	FALSE	0	4.07187054821027e-11	0	0	0	0	0	5.08421e-246
rs61562301	3	122930158	0.475	-0.0091	0.0128	0.8107	0.1893	49053	1411006	0.0335965875351613	A	T	FALSE	0	2.66744335112818e-11	0	0	0	0	0	4.3532e-246
rs61567016	3	121572133	0.7937	-0.0041	0.0155	0.1021	0.1021	56306	1417791	0.0381969436203995	T	G	FALSE	0	2.59777511570864e-11	0	0	0	0	0	9.23222e-246
rs61575306	3	122716304	0.4943	0.0111	0.0162	0.0946	0.0946	56306	1417791	0.0381969436203995	T	C	FALSE	0	3.31012082388793e-11	0	0	0	0	0	5.30127e-246
rs61657685	3	122147541	0.8407	-0.0097	0.0481	0.0153	0.0153	42598	1322509	0.0312048799105125	A	T	FALSE	0	7.74017014554298e-11	0	0	0	0	0	1.11543e-247
rs616966	3	121280791	0.9344	9e-04	0.0115	0.7669	0.2331	56306	1417791	0.0381969436203995	A	G	FALSE	0	1.86970914032874e-11	0	0	0	0	0	4.49501e-246
rs61730221	3	121415370	0.1165	-0.071	0.0452	0.9831	0.0169	56306	1417791	0.0381969436203995	T	C	FALSE	0	2.31495218858767e-10	0	0	0	0	0	3.31794e-244
rs61732313	3	122459477	0.2628	0.0174	0.0155	0.8925	0.1075	56306	1417791	0.0381969436203995	A	G	FALSE	0	4.69365492449676e-11	0	0	0	0	0	5.15111e-246
rs61732765	3	122420050	0.1664	-0.0895	0.0647	0.0453	0.0453	27296	442718	0.0580748658550596	T	C	FALSE	0	2.37636611416999e-10	0	0	0	0	0	3.91943e-246
rs61736421	3	122134032	0.1573	0.1253	0.0886	0.013	0.013	34071	408993	0.0768985970424137	T	C	FALSE	0	3.03417851137052e-10	0	0	0	0	0	2.0624e-245
rs61750349	3	122152573	0.1349	-0.0928	0.062	0.0132	0.0132	42598	1322509	0.0312048799105125	T	C	FALSE	0	2.67155448407381e-10	0	0	0	0	0	1.03849e-243
rs61753287	3	121345562	0.4384	-0.0433	0.0559	0.0111	0.0111	55137	1416823	0.0374582189733417	T	C	FALSE	0	1.15449892662676e-10	0	0	0	0	0	1.51718e-244
rs61754895	3	122354716	0.09356	0.0187	0.0111	0.2384	0.2384	56306	1417791	0.0381969436203995	T	C	FALSE	0	7.40506957310526e-11	0	0	0	0	0	8.90043e-246
rs61756481	3	122474121	0.3459	0.0167	0.0177	0.0759	0.0759	56306	1417791	0.0381969436203995	C	G	FALSE	0	4.451928974686e-11	0	0	0	0	0	2.9624e-243
rs61796946	3	121209925	0.9379	0.0012	0.0156	0.1028	0.1028	56306	1417791	0.0381969436203995	A	C	FALSE	0	2.53251472319835e-11	0	0	0	0	0	9.04913e-246
rs61796954	3	121288896	0.9298	-0.0013	0.0144	0.8687	0.1313	56306	1417791	0.0381969436203995	A	G	FALSE	0	2.34135746842875e-11	0	0	0	0	0	4.0121e-246
rs61796956	3	121291202	0.8213	0.0033	0.0145	0.1293	0.1293	56306	1417791	0.0381969436203995	T	C	FALSE	0	2.40926973327766e-11	0	0	0	0	0	4.49366e-246
rs61796958	3	121296326	0.888	0.002	0.0144	0.1304	0.1304	56306	1417791	0.0381969436203995	T	C	FALSE	0	2.35436763901394e-11	0	0	0	0	0	4.28186e-246
rs61798092	3	121329509	0.9337	-0.0014	0.0163	0.1036	0.1036	56306	1417791	0.0381969436203995	T	C	FALSE	0	2.64733397479832e-11	0	0	0	0	0	3.9292e-246
rs61798093	3	121329711	0.1845	-0.0236	0.0178	0.0909	0.0909	56306	1417791	0.0381969436203995	A	C	FALSE	0	6.88475572797042e-11	0	0	0	0	0	2.73134e-243
rs61996303	3	122630372	0.2682	0.0731	0.066	0.9886	0.0114	36133	979911	0.0355624362724449	T	C	FALSE	0	1.76923258055345e-10	0	0	0	0	0	1.53292e-242
rs62261386	3	122916696	0.4792	0.0091	0.0129	0.1908	0.1908	49053	1411006	0.0335965875351613	T	C	FALSE	0	2.67772562969742e-11	0	0	0	0	0	6.53915e-246
rs62261387	3	122917024	0.4634	0.0094	0.0128	0.1925	0.1925	49053	1411006	0.0335965875351613	T	G	FALSE	0	2.71281985589334e-11	0	0	0	0	0	6.65208e-246
rs62261389	3	122929861	0.5055	-0.0086	0.0129	0.8134	0.1866	49053	1411006	0.0335965875351613	A	G	FALSE	0	2.60774797801908e-11	0	0	0	0	0	4.23943e-246
rs62261392	3	122935901	0.4835	0.009	0.0128	0.1892	0.1892	49053	1411006	0.0335965875351613	A	C	FALSE	0	2.65280963600677e-11	0	0	0	0	0	5.98446e-246
rs62261544	3	122767701	0.05863	-0.0274	0.0145	0.1699	0.1699	49053	1411006	0.0335965875351613	T	C	FALSE	0	1.38685579991607e-10	0	0	0	0	0	4.10659e-246
rs62261546	3	122771983	0.2837	0.0293	0.0273	0.0735	0.0735	35345	1315724	0.0261607660304544	T	C	FALSE	0	7.72992384551438e-11	0	0	0	0	0	2.31214e-244
rs62261548	3	122776352	0.1022	0.0376	0.023	0.0721	0.0721	49053	1411006	0.0335965875351613	A	G	FALSE	0	1.38706453447132e-10	0	0	0	0	0	8.138e-244
rs62261552	3	122782023	0.4545	0.0125	0.0167	0.1143	0.1143	49053	1411006	0.0335965875351613	T	C	FALSE	0	3.56854306389102e-11	0	0	0	0	0	2.73394e-245
rs62261554	3	122783831	0.4234	-0.0134	0.0167	0.8857	0.1143	49053	1411006	0.0335965875351613	A	G	FALSE	0	3.7197583993734e-11	0	0	0	0	0	4.17427e-246
rs62261679	3	122503168	0.7151	0.0202	0.0554	0.0177	0.0177	42598	1322509	0.0312048799105125	A	G	FALSE	0	9.22010897181188e-11	0	0	0	0	0	3.88273e-246
rs62261683	3	122517396	0.1683	0.0131	0.0095	0.4598	0.4598	56306	1417791	0.0381969436203995	T	C	FALSE	0	3.97810876735448e-11	0	0	0	0	0	6.37728e-239
rs62261687	3	122566946	0.0606	-0.0185	0.0099	0.3927	0.3927	56306	1417791	0.0381969436203995	A	G	FALSE	0	9.16207535823807e-11	0	0	0	0	0	1.08075e-245
rs62261708	3	122596962	0.09572	0.0164	0.0098	0.6101	0.3899	56306	1417791	0.0381969436203995	T	C	FALSE	0	6.42446413837067e-11	0	0	0	0	0	9.02467e-239
rs62261709	3	122597633	0.709	0.0211	0.0565	0.0174	0.0174	42598	1322509	0.0312048799105125	T	C	FALSE	0	9.41649468313116e-11	0	0	0	0	0	4.15476e-246
rs62261716	3	122633809	0.4782	-0.0111	0.0156	0.2102	0.2102	56306	1417791	0.0381969436203995	A	G	FALSE	0	3.24749770113675e-11	0	0	0	0	0	1.34585e-245
rs62261733	3	122644901	0.667	0.0168	0.0391	0.0448	0.0448	35872	1316196	0.0265312099687294	A	G	FALSE	0	6.80945038249472e-11	0	0	0	0	0	1.12115e-234
rs62261734	3	122651531	0.6116	0.0158	0.0311	0.0676	0.0676	36235	1316361	0.0267892260512378	T	G	FALSE	0	5.65930038356859e-11	0	0	0	0	0	6.14317e-241
rs62261759	3	122675092	0.919	-0.0015	0.0144	0.1342	0.1342	56306	1417791	0.0381969436203995	T	C	FALSE	0	2.34450483219903e-11	0	0	0	0	0	9.38315e-246
rs62262391	3	123105119	0.02816	0.0262	0.012	0.2376	0.2376	49053	1411006	0.0335965875351613	T	C	FALSE	0	2.090663002387e-10	0	0	0	0	0	1.1352e-244
rs62262394	3	123105428	0.2699	0.0111	0.0101	0.3848	0.3848	56306	1417791	0.0381969436203995	T	C	FALSE	0	2.99118923988877e-11	0	0	0	0	0	9.33998e-246
rs62262395	3	123105437	0.2655	0.0112	0.0101	0.3849	0.3849	56306	1417791	0.0381969436203995	A	C	FALSE	0	3.0239790920141e-11	0	0	0	0	0	9.46435e-246
rs62262396	3	123105491	0.2878	-0.0107	0.0101	0.6139	0.3861	56306	1417791	0.0381969436203995	A	G	FALSE	0	2.86634833471124e-11	0	0	0	0	0	5.51535e-246
rs62262399	3	123110776	0.0333	0.0256	0.012	0.2396	0.2396	49053	1411006	0.0335965875351613	T	C	FALSE	0	1.87751985802402e-10	0	0	0	0	0	1.01514e-244
rs62262402	3	123113593	0.1297	0.0177	0.0117	0.2622	0.2622	49053	1411006	0.0335965875351613	A	G	FALSE	0	5.93178258732395e-11	0	0	0	0	0	2.40677e-245
rs62262406	3	123122494	0.2858	-0.0155	0.0145	0.7277	0.2723	35345	1315724	0.0261607660304544	T	C	FALSE	0	4.14506128996998e-11	0	0	0	0	0	4.99866e-246
rs62262407	3	123122637	0.1184	0.0181	0.0116	0.2709	0.2709	47884	1410038	0.032844006743845	A	T	FALSE	0	6.32567322475214e-11	0	0	0	0	0	2.47034e-245
rs62262427	3	123125779	0.1355	-0.0169	0.0113	0.7277	0.2723	49053	1411006	0.0335965875351613	A	G	FALSE	0	5.58484651792209e-11	0	0	0	0	0	7.47531e-246
rs62262433	3	123167579	0.2522	-0.0112	0.0098	0.3829	0.3829	56306	1417791	0.0381969436203995	C	G	FALSE	0	3.04869690862502e-11	0	0	0	0	0	4.20199e-246
rs62262434	3	123170050	0.05003	0.0751	0.0383	0.0413	0.0413	35857	1316006	0.0265241374310858	A	C	FALSE	0	3.90134983473166e-10	0	0	0	0	0	9.64311e-244
