SNP	CHR	POS	P	Effect	StdErr	Freq	MAF	N_cases	N_controls	proportion_cases	A1	A2	leadSNP	ABF.Credible_Set	ABF.PP	SUSIE.Credible_Set	SUSIE.PP	POLYFUN_SUSIE.Credible_Set	POLYFUN_SUSIE.PP	FINEMAP.Credible_Set	FINEMAP.PP
rs2217334	5	103304790	0.7868	0.0027	0.0102	0.4286	0.4286	49053	1411006	0.0335965875351613	C	G	FALSE	0	2.66464473292596e-09	0	0	0	0	0	2.07964e-118
rs2219729	5	101440775	0.4932	0.0075	0.0109	0.7205	0.2795	56306	1417791	0.0381969436203995	T	C	FALSE	0	3.4810690294113e-09	0	0	0	0	0	2.12675e-118
rs2230458	5	102203032	0.5785	0.0332	0.0598	0.0128	0.0128	42598	1322509	0.0312048799105125	C	G	FALSE	0	1.66714398565129e-08	0	0	0	0	0	2.81711e-118
rs2241564	5	102302251	3.736e-07	0.0518	0.0102	0.6863	0.3137	56306	1417791	0.0381969436203995	A	G	FALSE	0	0.000991432496226271	0	0	0	0	0	6.43922e-114
rs2241565	5	102301937	3.964e-07	0.0514	0.0101	0.6835	0.3165	56306	1417791	0.0381969436203995	A	T	FALSE	0	0.00103703299049103	0	0	0	0	0	4.64886e-114
rs2263376	5	101605180	0.1454	-0.0165	0.0113	0.2451	0.2451	56306	1417791	0.0381969436203995	A	G	FALSE	0	8.24752691760138e-09	0	0	0	0	0	1.16068e-114
rs2271170	5	102887795	0.9006	0.0014	0.0116	0.2506	0.2506	49053	1411006	0.0335965875351613	T	C	FALSE	0	2.9465135312613e-09	0	0	0	0	0	2.01558e-118
rs2288389	5	102353808	4.719e-09	0.0601	0.0103	0.7061	0.2939	56306	1417791	0.0381969436203995	C	G	FALSE	0	0.061414480266051	0	0	0	0	0	0
rs2288782	5	102522531	0.1948	-0.0175	0.0135	0.7989	0.2011	49053	1411006	0.0335965875351613	A	G	FALSE	0	7.85253283889276e-09	0	0	0	0	0	4.06707e-117
rs2288786	5	102600754	6.677e-07	-0.0527	0.0106	0.3122	0.3122	55137	1416823	0.0374582189733417	A	G	FALSE	0	0.000601848945701389	0	0	0	0	0	0
rs2288787	5	102600706	7.639e-07	0.0525	0.0106	0.6875	0.3125	55137	1416823	0.0374582189733417	A	G	FALSE	0	0.000548200519148565	0	0	0	0	0	0
rs2288788	5	102600569	6.385e-07	0.0527	0.0106	0.6871	0.3129	55137	1416823	0.0374582189733417	T	G	FALSE	0	0.000601848945701389	0	0	0	0	0	0
rs2288789	5	102600524	1.22e-06	-0.0509	0.0105	0.3225	0.3225	55137	1416823	0.0374582189733417	A	G	FALSE	0	0.000324956385095106	0	0	0	0	0	0
rs2303653	5	102312538	5.429e-07	-0.0516	0.0103	0.3208	0.3208	56306	1417791	0.0381969436203995	T	G	FALSE	0	0.000708039032396363	0	0	0	0	0	0
rs2400568	5	101406331	0.1252	-0.0281	0.0183	0.0843	0.0843	49053	1411006	0.0335965875351613	A	G	FALSE	0	1.48187281468868e-08	0	0	0	0	0	2.01595e-112
rs2400571	5	101377600	0.8999	0.0012	0.0096	0.4893	0.4893	56306	1417791	0.0381969436203995	A	G	FALSE	0	2.44109103056316e-09	0	0	0	0	0	1.04543e-117
rs2400800	5	101678730	0.3256	0.0108	0.011	0.7368	0.2632	56306	1417791	0.0381969436203995	T	C	FALSE	0	4.48596234510769e-09	0	0	0	0	0	2.85035e-115
rs2400872	5	102218906	0.1896	-0.0411	0.0313	0.9754	0.0246	56306	1417791	0.0381969436203995	T	C	FALSE	0	1.81208257088435e-08	0	0	0	0	0	1.20105e-73
rs2401042	5	102703729	0.2733	0.0148	0.0135	0.6473	0.3527	35345	1315724	0.0261607660304544	A	G	FALSE	0	6.18831016929409e-09	0	0	0	0	0	1.07458e-110
rs2403428	5	103310970	0.486	0.0132	0.0189	0.0795	0.0795	49053	1411006	0.0335965875351613	T	G	FALSE	0	6.05258928331973e-09	0	0	0	0	0	1.98382e-118
rs2403442	5	103080445	0.9983	0	0.0102	0.4704	0.4704	49053	1411006	0.0335965875351613	T	G	FALSE	0	2.57314021555448e-09	0	0	0	0	0	8.63853e-117
rs2403444	5	103113841	0.8987	-0.0015	0.0117	0.2614	0.2614	47884	1410038	0.032844006743845	T	C	FALSE	0	2.97459829973312e-09	0	0	0	0	0	1.07081e-117
rs2403446	5	103188122	0.8766	0.0022	0.0141	0.1576	0.1576	49053	1411006	0.0335965875351613	C	G	FALSE	0	3.59608650102468e-09	0	0	0	0	0	2.05567e-118
rs2431319	5	102118080	0.03609	-0.0292	0.0139	0.3175	0.3175	42598	1322509	0.0312048799105125	T	C	FALSE	0	3.14821881661242e-08	0	0	0	0	0	7.50059e-115
rs2431320	5	102118385	0.002365	-0.0317	0.0104	0.35	0.35	56306	1417791	0.0381969436203995	T	C	FALSE	0	2.69711525045566e-07	0	0	0	0	0	8.04757e-112
rs2431321	5	102118794	0.002978	0.0309	0.0104	0.6492	0.3508	56306	1417791	0.0381969436203995	T	C	FALSE	0	2.14105395943154e-07	0	0	0	0	0	3.02016e-116
rs2431322	5	102125747	0.005089	0.0286	0.0102	0.6255	0.3745	56306	1417791	0.0381969436203995	C	G	FALSE	0	1.29789918689719e-07	0	0	0	0	0	3.09766e-118
rs2431323	5	102073607	0.1593	0.0139	0.0099	0.572	0.428	56306	1417791	0.0381969436203995	C	G	FALSE	0	6.6765724864022e-09	0	0	0	0	0	1.72164e-114
rs2431324	5	102073660	0.1151	0.0155	0.0098	0.5416	0.4584	56306	1417791	0.0381969436203995	T	C	FALSE	0	8.610707057273e-09	0	0	0	0	0	7.58744e-109
rs2431325	5	102073735	0.1532	-0.0142	0.0099	0.4284	0.4284	56306	1417791	0.0381969436203995	T	C	FALSE	0	6.96923493501282e-09	0	0	0	0	0	1.62963e-105
rs2431326	5	102073976	0.1596	-0.0139	0.0099	0.428	0.428	56306	1417791	0.0381969436203995	T	C	FALSE	0	6.6765724864022e-09	0	0	0	0	0	1.21748e-105
rs2431327	5	102088205	0.2909	-0.0107	0.0101	0.4279	0.4279	50455	1411925	0.0345019762305283	T	C	FALSE	0	4.45952843811384e-09	0	0	0	0	0	8.63647e-107
rs2431328	5	102088347	0.2769	-0.011	0.0101	0.4285	0.4285	50455	1411925	0.0345019762305283	T	G	FALSE	0	4.60374681746168e-09	0	0	0	0	0	1.20865e-106
rs2431329	5	102094138	0.289	-0.0107	0.0101	0.429	0.429	50455	1411925	0.0345019762305283	A	G	FALSE	0	4.45952843811384e-09	0	0	0	0	0	8.1916e-107
rs2431337	5	103287479	0.4361	-0.0123	0.0158	0.8869	0.1131	49053	1411006	0.0335965875351613	T	C	FALSE	0	5.37669677458704e-09	0	0	0	0	0	1.98131e-118
rs2431529	5	102125564	0.003954	0.0299	0.0104	0.6523	0.3477	56306	1417791	0.0381969436203995	A	G	FALSE	0	1.61767684536473e-07	0	0	0	0	0	1.51299e-116
rs2431530	5	102118007	0.003358	-0.0306	0.0104	0.3511	0.3511	56306	1417791	0.0381969436203995	T	C	FALSE	0	1.96646576693819e-07	0	0	0	0	0	2.1819e-112
rs2431531	5	102108099	0.007807	-0.0268	0.0101	0.3949	0.3949	56306	1417791	0.0381969436203995	A	G	FALSE	0	8.53520144069953e-08	0	0	0	0	0	8.30518e-105
rs2431532	5	102106533	0.08716	0.0169	0.0099	0.5426	0.4574	56306	1417791	0.0381969436203995	T	G	FALSE	0	1.06849162380493e-08	0	0	0	0	0	9.34534e-108
rs2432162	5	102118633	0.003023	0.0309	0.0104	0.6493	0.3507	56306	1417791	0.0381969436203995	T	C	FALSE	0	2.14105395943154e-07	0	0	0	0	0	2.94723e-116
rs2432164	5	102116820	0.003828	-0.0297	0.0103	0.3797	0.3797	56306	1417791	0.0381969436203995	C	G	FALSE	0	1.64207818727297e-07	0	0	0	0	0	2.5912e-103
rs2432167	5	102074326	0.1418	-0.0146	0.0099	0.4277	0.4277	56306	1417791	0.0381969436203995	A	G	FALSE	0	7.39002648325642e-09	0	0	0	0	0	2.58201e-105
rs2432168	5	102074063	0.1598	-0.0139	0.0099	0.4282	0.4282	56306	1417791	0.0381969436203995	T	C	FALSE	0	6.6765724864022e-09	0	0	0	0	0	1.90265e-105
rs2432169	5	102514757	3.025e-06	-0.0467	0.01	0.3406	0.3406	56306	1417791	0.0381969436203995	T	C	FALSE	0	0.000133603485507207	0	0	0	0	0	0
rs2432177	5	102571873	2.811e-06	0.0493	0.0105	0.6967	0.3033	55137	1416823	0.0374582189733417	T	C	FALSE	0	0.000157372347148471	0	0	0	0	0	0
rs2458657	5	102117290	0.00255	-0.031	0.0103	0.3775	0.3775	56306	1417791	0.0381969436203995	A	G	FALSE	0	2.37947548070171e-07	0	0	0	0	0	2.54337e-102
rs2458659	5	102085269	0.01749	-0.0239	0.0101	0.403	0.403	56306	1417791	0.0381969436203995	A	T	FALSE	0	4.15938620640834e-08	0	0	0	0	0	1.76156e-97
rs2458660	5	102073929	0.1374	0.0148	0.0099	0.575	0.425	56306	1417791	0.0381969436203995	A	G	FALSE	0	7.61450466804272e-09	0	0	0	0	0	1.07893e-114
rs246368	5	103269084	0.1868	0.0135	0.0102	0.5882	0.4118	49053	1411006	0.0335965875351613	T	C	FALSE	0	6.16396268485894e-09	0	0	0	0	0	2.02049e-117
rs246369	5	103267882	0.6051	-0.0082	0.0159	0.8876	0.1124	49053	1411006	0.0335965875351613	T	C	FALSE	0	4.56928652603674e-09	0	0	0	0	0	1.97689e-118
rs246370	5	103267845	0.2246	0.017	0.014	0.8483	0.1517	49053	1411006	0.0335965875351613	A	G	FALSE	0	7.3470688928244e-09	0	0	0	0	0	5.14958e-117
rs246371	5	103267111	0.5993	-0.0083	0.0158	0.8874	0.1126	49053	1411006	0.0335965875351613	A	G	FALSE	0	4.56336440962947e-09	0	0	0	0	0	1.97217e-118
rs246372	5	103257847	0.464	0.0074	0.0101	0.5252	0.4748	49053	1411006	0.0335965875351613	T	C	FALSE	0	3.33016662302554e-09	0	0	0	0	0	3.33005e-118
rs246373	5	103258936	0.5929	0.0066	0.0124	0.2062	0.2062	49053	1411006	0.0335965875351613	T	C	FALSE	0	3.5999616190847e-09	0	0	0	0	0	2.75379e-118
rs246374	5	103259468	0.6998	0.0043	0.0112	0.7177	0.2823	49053	1411006	0.0335965875351613	A	G	FALSE	0	3.03999697830397e-09	0	0	0	0	0	8.46169e-118
rs246375	5	103259758	0.5065	-0.0089	0.0134	0.8316	0.1684	49053	1411006	0.0335965875351613	T	C	FALSE	0	4.20651531607576e-09	0	0	0	0	0	2.04973e-118
rs246376	5	103259977	0.542	0.0082	0.0134	0.1679	0.1679	49053	1411006	0.0335965875351613	A	T	FALSE	0	4.06922298496457e-09	0	0	0	0	0	3.19953e-118
rs246377	5	103254708	0.5875	0.0073	0.0134	0.1685	0.1685	49053	1411006	0.0335965875351613	A	T	FALSE	0	3.91486446659804e-09	0	0	0	0	0	2.70733e-118
rs246378	5	103255909	0.6472	0.011	0.0241	0.9543	0.0457	49053	1411006	0.0335965875351613	A	G	FALSE	0	6.69737768197219e-09	0	0	0	0	0	2.09926e-118
rs246379	5	103255942	0.6781	-0.0044	0.0106	0.3318	0.3318	49053	1411006	0.0335965875351613	C	G	FALSE	0	2.91363056804336e-09	0	0	0	0	0	2.02705e-118
rs246380	5	103256230	0.6327	-0.0116	0.0243	0.0453	0.0453	49053	1411006	0.0335965875351613	C	G	FALSE	0	6.81733773241825e-09	0	0	0	0	0	2.3208e-118
rs246381	5	103257497	0.4055	0.0084	0.01	0.5236	0.4764	49053	1411006	0.0335965875351613	T	C	FALSE	0	3.58692385584991e-09	0	0	0	0	0	3.68371e-118
rs246382	5	103272635	0.4434	-0.0091	0.0118	0.2336	0.2336	49053	1411006	0.0335965875351613	T	G	FALSE	0	4.00175454354499e-09	0	0	0	0	0	5.7671e-118
rs246383	5	103272650	0.401	-0.0099	0.0118	0.2345	0.2345	49053	1411006	0.0335965875351613	A	C	FALSE	0	4.22544920805735e-09	0	0	0	0	0	6.68216e-118
rs246384	5	103275411	0.5024	0.0114	0.017	0.0956	0.0956	49053	1411006	0.0335965875351613	T	C	FALSE	0	5.34885967479517e-09	0	0	0	0	0	4.94327e-118
rs246385	5	103279409	0.4625	-0.0116	0.0158	0.8869	0.1131	49053	1411006	0.0335965875351613	A	G	FALSE	0	5.20059883354268e-09	0	0	0	0	0	1.97243e-118
rs246386	5	103223700	0.4573	-0.0075	0.0101	0.5726	0.4274	49053	1411006	0.0335965875351613	T	G	FALSE	0	3.35451422180193e-09	0	0	0	0	0	3.68866e-117
rs246899	5	102577139	2.694e-06	-0.0493	0.0105	0.3038	0.3038	55137	1416823	0.0374582189733417	A	T	FALSE	0	0.000157372347148471	0	0	0	0	0	0
rs246900	5	102534629	8.612e-09	-0.0596	0.0104	0.2932	0.2932	56306	1417791	0.0381969436203995	A	T	FALSE	0	0.0339727563066615	0	0	0	0	0	0
rs246901	5	102584178	1.152e-06	-0.0528	0.0109	0.282	0.282	55137	1416823	0.0374582189733417	A	G	FALSE	0	0.000330684142490114	0	0	0	0	0	2.28831e-98
rs246902	5	102589254	3.451e-06	-0.0484	0.0104	0.3169	0.3169	55137	1416823	0.0374582189733417	A	G	FALSE	0	0.000128596223708503	0	0	0	0	1	1
rs246903	5	102589454	3.643e-06	0.0483	0.0104	0.6831	0.3169	55137	1416823	0.0374582189733417	A	G	FALSE	0	0.000122989096226487	0	0	0	0	0	0
rs246904	5	102589628	0.1109	0.0449	0.0282	0.046	0.046	47884	1410038	0.032844006743845	T	C	FALSE	0	2.44433059487631e-08	0	0	0	0	0	4.89462e-118
rs246905	5	102590943	8.898e-07	-0.0526	0.0107	0.2959	0.2959	55137	1416823	0.0374582189733417	T	C	FALSE	0	0.000461087756463208	0	0	0	0	0	1.74318e-116
rs246906	5	102566471	1.093e-06	0.0518	0.0106	0.7097	0.2903	55137	1416823	0.0374582189733417	A	G	FALSE	0	0.000396492846407235	0	0	0	0	0	0
rs246907	5	102566278	3.055e-06	0.0489	0.0105	0.6964	0.3036	55137	1416823	0.0374582189733417	A	T	FALSE	0	0.000131757576996029	0	0	0	0	0	0
rs246908	5	102564177	3.414e-06	-0.0486	0.0105	0.3035	0.3035	55137	1416823	0.0374582189733417	A	G	FALSE	0	0.000115431266197731	0	0	0	0	0	0
rs246909	5	102563677	1.107e-06	0.0517	0.0106	0.7091	0.2909	55137	1416823	0.0374582189733417	A	G	FALSE	0	0.000378694456247179	0	0	0	0	0	0
rs246910	5	102563307	1.234e-06	-0.0515	0.0106	0.2905	0.2905	55137	1416823	0.0374582189733417	A	G	FALSE	0	0.000345550687665258	0	0	0	0	0	0
rs246911	5	102563203	3.529e-06	-0.0486	0.0105	0.303	0.303	55137	1416823	0.0374582189733417	T	C	FALSE	0	0.000115431266197731	0	0	0	0	0	0
rs246912	5	102560841	3.382e-06	0.0486	0.0105	0.6964	0.3036	55137	1416823	0.0374582189733417	A	C	FALSE	0	0.000115431266197731	0	0	0	0	0	0
rs246913	5	102560370	0.0008572	-0.0441	0.0132	0.2899	0.2899	41429	1321541	0.0303961202374227	C	G	FALSE	0	8.61533348607446e-07	0	0	0	0	0	0
rs246914	5	102559407	1.366e-06	0.0564	0.0117	0.7692	0.2308	55137	1416823	0.0374582189733417	T	C	FALSE	0	0.000315200522291951	0	0	0	0	0	4.06467e-70
rs246915	5	102558044	2.31e-07	-0.0547	0.0106	0.2926	0.2926	55137	1416823	0.0374582189733417	A	G	FALSE	0	0.00156116121304291	0	0	0	0	0	0
rs246916	5	102557515	1.415e-07	0.0556	0.0106	0.7079	0.2921	55137	1416823	0.0374582189733417	T	C	FALSE	0	0.00242526851367417	0	0	0	0	0	0
rs249494	5	102141765	0.261	0.0144	0.0128	0.6378	0.3622	42598	1322509	0.0312048799105125	A	C	FALSE	0	6.05976212162971e-09	0	0	0	0	0	1.22403e-112
rs249495	5	102205753	0.06073	-0.0377	0.0201	0.0701	0.0701	50092	1411760	0.0342661226991515	A	G	FALSE	0	2.88215509065024e-08	0	0	0	0	0	1.81739e-117
rs251159	5	102869509	0.784	-0.0029	0.0105	0.3588	0.3588	49053	1411006	0.0335965875351613	A	G	FALSE	0	2.75129827301516e-09	0	0	0	0	0	2.19303e-117
rs251160	5	102869123	0.8493	-0.002	0.0106	0.3546	0.3546	49053	1411006	0.0335965875351613	A	G	FALSE	0	2.7216536551567e-09	0	0	0	0	0	1.79618e-117
rs251161	5	102868864	0.3688	0.0114	0.0127	0.8038	0.1962	49053	1411006	0.0335965875351613	A	G	FALSE	0	4.78213390386014e-09	0	0	0	0	0	2.56095e-118
rs251162	5	102867875	0.7808	0.0029	0.0105	0.64	0.36	49053	1411006	0.0335965875351613	A	G	FALSE	0	2.75129827301516e-09	0	0	0	0	0	6.59125e-118
rs251163	5	102866217	0.3069	-0.0102	0.01	0.4718	0.4718	49053	1411006	0.0335965875351613	T	G	FALSE	0	4.23878857152565e-09	0	0	0	0	0	3.68467e-116
rs253753	5	102657821	9.008e-05	0.0411	0.0105	0.6208	0.3792	48923	1410792	0.0335154465083938	T	C	FALSE	0	5.50711618180944e-06	0	0	0	0	0	5.03478e-118
rs253754	5	102631962	3.201e-07	0.0581	0.0114	0.7461	0.2539	55137	1416823	0.0374582189733417	T	C	FALSE	0	0.00120390686680678	0	0	0	0	0	6.04902e-118
rs253755	5	102630933	5.715e-05	0.0422	0.0105	0.631	0.369	49286	1410957	0.0337519166330535	A	T	FALSE	0	8.33492431677265e-06	0	0	0	0	0	3.52756e-127
rs253756	5	102620472	0.0002384	-0.0379	0.0103	0.3555	0.3555	55137	1416823	0.0374582189733417	A	G	FALSE	0	2.22324020723776e-06	0	0	0	0	1	1
rs253757	5	102616010	0.0001921	0.0385	0.0103	0.6453	0.3547	55137	1416823	0.0374582189733417	T	C	FALSE	0	2.7578108168001e-06	0	0	0	0	0	0
rs253758	5	102615978	0.0001939	0.0385	0.0103	0.6453	0.3547	55137	1416823	0.0374582189733417	T	C	FALSE	0	2.7578108168001e-06	0	0	0	0	0	0
rs253759	5	102615675	2.223e-06	-0.0559	0.0118	0.2276	0.2276	55137	1416823	0.0374582189733417	A	G	FALSE	0	0.000213720632034215	0	0	0	0	0	3.70786e-75
rs2545545	5	102023904	0.01297	-0.024	0.0097	0.4373	0.4373	56306	1417791	0.0381969436203995	C	G	FALSE	0	5.1868169381703e-08	0	0	0	0	0	6.49337e-112
rs2545546	5	102024594	0.0781	-0.113	0.0641	0.9871	0.0129	42212	1322016	0.0309420419460677	A	G	FALSE	0	6.30989633455414e-08	0	0	0	0	0	0
rs2545547	5	102025440	0.2607	-0.0455	0.0404	0.9846	0.0154	55920	1417298	0.0379577224823482	T	G	FALSE	0	1.83974700695508e-08	0	0	0	0	0	0
rs2545549	5	102027547	0.2576	0.0463	0.0409	0.0152	0.0152	55920	1417298	0.0379577224823482	T	G	FALSE	0	1.87221664723885e-08	0	7.75862707413921e-11	0	0	0	0
rs2545551	5	102028669	0.2523	0.0466	0.0407	0.0153	0.0153	55920	1417298	0.0379577224823482	C	G	FALSE	0	1.89041705879115e-08	0	0	0	0	0	0
rs2545552	5	102029351	0.2456	0.0474	0.0408	0.0152	0.0152	55920	1417298	0.0379577224823482	A	C	FALSE	0	1.93022121270738e-08	0	0	0	0	0	0
rs2545553	5	102030357	0.2457	0.0474	0.0408	0.0152	0.0152	55920	1417298	0.0379577224823482	T	G	FALSE	0	1.93022121270738e-08	0	0	0	0	0	0
rs2545554	5	102030364	0.2461	-0.0474	0.0409	0.9848	0.0152	55920	1417298	0.0379577224823482	T	C	FALSE	0	1.92840625625571e-08	0	0	0	0	0	0
rs2545555	5	102030759	0.002439	-0.0305	0.0101	0.4279	0.4279	56306	1417791	0.0381969436203995	T	C	FALSE	0	2.40640349743022e-07	0	0	0	0	0	3.75708e-112
rs2545556	5	102031839	0.2124	-0.051	0.0409	0.9848	0.0152	55920	1417298	0.0379577224823482	A	G	FALSE	0	2.13469836240711e-08	0	0	0	0	0	0
rs2545558	5	102031920	0.01581	0.025	0.0104	0.5519	0.4481	37688	981372	0.0369831020744608	T	C	FALSE	0	4.68026807654191e-08	0	0	0	0	0	2.02362e-91
rs2545559	5	102031959	0.008785	0.0272	0.0104	0.5581	0.4419	37688	981372	0.0369831020744608	A	G	FALSE	0	7.94707501433325e-08	0	0	0	0	0	2.53773e-90
rs2545575	5	102044340	0.1608	-0.0139	0.0099	0.4566	0.4566	56306	1417791	0.0381969436203995	A	C	FALSE	0	6.6765724864022e-09	0	0	0	0	0	2.4057e-95
rs2545576	5	102045973	0.1511	0.0142	0.0099	0.5424	0.4576	56306	1417791	0.0381969436203995	T	C	FALSE	0	6.96923493501282e-09	0	0	0	0	0	3.34597e-108
rs2545581	5	102047150	0.1587	0.0139	0.0099	0.5424	0.4576	56306	1417791	0.0381969436203995	T	C	FALSE	0	6.6765724864022e-09	0	0	0	0	0	3.23817e-108
rs2545583	5	102048098	0.881	0.002	0.0131	0.4032	0.4032	42598	1322509	0.0312048799105125	A	G	FALSE	0	3.34047949433762e-09	0	0	0	0	0	8.30834e-107
rs2545593	5	102054421	0.00776	0.0264	0.0099	0.5792	0.4208	56306	1417791	0.0381969436203995	A	T	FALSE	0	8.66792131254243e-08	0	0	0	0	0	3.32029e-113
rs2545596	5	102014047	0.01093	-0.0242	0.0095	0.4378	0.4378	56306	1417791	0.0381969436203995	T	C	FALSE	0	6.10346648176732e-08	0	0	0	0	0	3.89319e-112
rs2545599	5	102015061	0.004735	0.027	0.0096	0.5703	0.4297	56306	1417791	0.0381969436203995	C	G	FALSE	0	1.25290759678638e-07	0	0	0	0	0	2.33331e-89
rs2545601	5	102016172	0.01115	0.0243	0.0096	0.5635	0.4365	56306	1417791	0.0381969436203995	T	C	FALSE	0	5.91987048983092e-08	0	0	0	0	0	1.21772e-90
rs2545604	5	102017594	0.2685	-0.0445	0.0402	0.9839	0.0161	55920	1417298	0.0379577224823482	T	C	FALSE	0	1.79393396314542e-08	0	0	0	0	0	0
rs2545605	5	102017630	0.2825	0.0433	0.0403	0.0154	0.0154	55920	1417298	0.0379577224823482	A	C	FALSE	0	1.73775743970979e-08	0	0	0	0	0	0
rs2545618	5	103116239	0.9516	-6e-04	0.01	0.5283	0.4717	49053	1411006	0.0335965875351613	A	G	FALSE	0	2.52734736970327e-09	0	0	0	0	0	2.00382e-118
rs2545625	5	103199121	0.639	0.0047	0.0101	0.4427	0.4427	49053	1411006	0.0335965875351613	A	G	FALSE	0	2.8385640729823e-09	0	0	0	0	0	2.12181e-118
rs2545626	5	103198751	0.8859	0.0019	0.0131	0.1803	0.1803	49053	1411006	0.0335965875351613	A	G	FALSE	0	3.33670206875571e-09	0	0	0	0	0	4.31716e-118
rs2545627	5	103115524	0.8668	-0.0017	0.0102	0.5972	0.4028	49053	1411006	0.0335965875351613	A	G	FALSE	0	2.60903359953193e-09	0	0	0	0	0	2.46962e-118
rs2545656	5	103031154	0.5874	0.0109	0.0201	0.8058	0.1942	35345	1315724	0.0261607660304544	A	G	FALSE	0	5.84333272579984e-09	0	0	0	0	0	7.23055e-118
rs2545657	5	103028736	0.3561	-0.011	0.012	0.7703	0.2297	49053	1411006	0.0335965875351613	A	G	FALSE	0	4.5987283264795e-09	0	0	0	0	0	6.03188e-118
rs2545660	5	102995607	0.817	0.0026	0.0114	0.2617	0.2617	49053	1411006	0.0335965875351613	A	C	FALSE	0	2.95043725951545e-09	0	0	0	0	0	2.6561e-118
rs2545661	5	102995293	0.8108	0.0027	0.0114	0.2615	0.2615	49053	1411006	0.0335965875351613	T	C	FALSE	0	2.95644007843932e-09	0	0	0	0	0	2.63123e-118
rs2545662	5	102993771	0.6862	0.0052	0.0129	0.8112	0.1888	49053	1411006	0.0335965875351613	A	T	FALSE	0	3.52576747956148e-09	0	0	0	0	0	2.1193e-118
rs2545663	5	102993324	0.8289	0.0023	0.0106	0.3511	0.3511	49053	1411006	0.0335965875351613	A	C	FALSE	0	2.73727815950519e-09	0	0	0	0	0	2.789e-118
rs2545664	5	102992086	0.8774	0.0016	0.0106	0.3572	0.3572	49053	1411006	0.0335965875351613	A	C	FALSE	0	2.70431766851594e-09	0	0	0	0	0	2.54234e-118
rs2547533	5	103121968	0.8546	-0.0018	0.01	0.5269	0.4731	49053	1411006	0.0335965875351613	C	G	FALSE	0	2.56391239719034e-09	0	0	0	0	0	2.05583e-118
rs2547536	5	103095936	0.3919	-0.0093	0.0108	0.3292	0.3292	49053	1411006	0.0335965875351613	A	G	FALSE	0	3.94246658851686e-09	0	0	0	0	0	9.85345e-117
rs2548724	5	101620174	0.1578	-0.016	0.0113	0.2447	0.2447	56306	1417791	0.0381969436203995	T	C	FALSE	0	7.74064640101318e-09	0	0	0	0	0	1.43508e-114
rs2561476	5	102608834	8.193e-07	0.0521	0.0106	0.6872	0.3128	55137	1416823	0.0374582189733417	T	C	FALSE	0	0.000455308590813693	0	0	0	0	0	0
rs2561477	5	102608924	1.186e-06	-0.0516	0.0106	0.3114	0.3114	55137	1416823	0.0374582189733417	A	G	FALSE	0	0.000361727130006183	0	0	0	0	0	0
rs2561479	5	102621877	4.936e-05	-0.0421	0.0104	0.3538	0.3538	55137	1416823	0.0374582189733417	A	C	FALSE	0	9.28227324346175e-06	0	0	0	0	0	0
rs2561480	5	102678702	2.977e-06	0.0503	0.0108	0.6731	0.3269	49286	1410957	0.0337519166330535	T	C	FALSE	0	0.000135444342955139	0	0	0	0	0	1.71432e-114
rs2561481	5	102694112	1.186e-05	0.0452	0.0103	0.617	0.383	49053	1411006	0.0335965875351613	A	G	FALSE	0	3.84915081661111e-05	0	0	0	0	0	4.02377e-118
rs2561482	5	102597798	5.083e-07	-0.053	0.0106	0.3122	0.3122	55137	1416823	0.0374582189733417	C	G	FALSE	0	0.000692785317420515	0	0	0	0	0	0
rs2562279	5	103200197	0.6483	0.0046	0.0101	0.4413	0.4413	49053	1411006	0.0335965875351613	A	G	FALSE	0	2.82568703992752e-09	0	0	0	0	0	2.45332e-118
rs2569013	5	102641571	0.0001575	0.0403	0.0107	0.6522	0.3478	49286	1410957	0.0337519166330535	A	G	FALSE	0	3.18219062968409e-06	0	0	0	0	1	1
rs2569014	5	102638099	0.0001331	0.0401	0.0105	0.6285	0.3715	49286	1410957	0.0337519166330535	A	G	FALSE	0	3.8144609186111e-06	0	0	0	0	0	1.95599e-117
rs2569015	5	102608847	9.625e-07	0.052	0.0106	0.6878	0.3122	55137	1416823	0.0374582189733417	A	G	FALSE	0	0.000434754218485278	0	0	0	0	0	0
rs2569016	5	102603132	5.482e-07	0.0534	0.0107	0.6901	0.3099	55137	1416823	0.0374582189733417	A	G	FALSE	0	0.000667052952677093	0	0	0	0	0	0
rs2569018	5	102597743	5.174e-07	0.053	0.0106	0.6878	0.3122	55137	1416823	0.0374582189733417	A	G	FALSE	0	0.000692785317420515	0	0	0	0	0	0
rs257003	5	102388500	0.3488	-0.0406	0.0433	0.0185	0.0185	55943	1417626	0.0379642894224838	A	G	FALSE	0	1.62678992071821e-08	0	0	0	0	1	1
rs257115	5	102531808	5.473e-07	-0.0518	0.0103	0.3054	0.3054	55137	1416823	0.0374582189733417	A	G	FALSE	0	0.000780321351135509	0	0	0	0	0	0
rs257292	5	102494751	2.69e-05	0.0425	0.0101	0.6589	0.3411	55137	1416823	0.0374582189733417	A	G	FALSE	0	1.74322644128037e-05	0	0	0	0	0	0
rs257293	5	102495528	2.61e-06	-0.0472	0.01	0.3388	0.3388	56306	1417791	0.0381969436203995	T	C	FALSE	0	0.000168855097926106	0	0	0	0	0	0
rs257294	5	102467267	3.284e-07	0.0525	0.0103	0.694	0.306	55137	1416823	0.0374582189733417	A	G	FALSE	0	0.00109980728635014	0	0	0	0	0	0
rs257302	5	102416130	5.136e-09	-0.0601	0.0103	0.2943	0.2943	56306	1417791	0.0381969436203995	T	G	FALSE	0	0.061414480266051	0	0	1	1	0	0
rs257303	5	102416727	5.5e-09	0.06	0.0103	0.7061	0.2939	56306	1417791	0.0381969436203995	A	G	FALSE	0	0.0580434858608462	0	0	2	1	0	0
rs257304	5	102416818	3.315e-08	0.0562	0.0102	0.6944	0.3056	56306	1417791	0.0381969436203995	C	G	FALSE	0	0.00967173794025716	0	0	0	0	0	0
rs257305	5	102417237	3.222e-08	-0.0562	0.0102	0.306	0.306	56306	1417791	0.0381969436203995	T	C	FALSE	0	0.00967173794025716	0	0	0	0	0	0
rs257306	5	102417474	3.147e-08	0.0562	0.0102	0.6937	0.3063	56306	1417791	0.0381969436203995	T	C	FALSE	0	0.00967173794025716	0	0	0	0	0	0
rs257307	5	102417509	2.891e-08	0.0563	0.0102	0.6937	0.3063	56306	1417791	0.0381969436203995	A	G	FALSE	0	0.0102076098109916	0	0	0	0	1	1
rs257308	5	102418261	3.11e-08	0.0562	0.0102	0.6937	0.3063	56306	1417791	0.0381969436203995	A	C	FALSE	0	0.00967173794025716	0	0	0	0	0	0
rs257309	5	102418604	1.001e-06	0.0489	0.01	0.6587	0.3413	56306	1417791	0.0381969436203995	A	G	FALSE	0	0.000381401988179091	0	0	0	0	0	0
rs257310	5	102418853	5.198e-09	-0.0601	0.0103	0.2938	0.2938	56306	1417791	0.0381969436203995	T	C	FALSE	0	0.061414480266051	0	0	3	1	0	0
rs257311	5	102419098	2.873e-08	0.0563	0.0102	0.6935	0.3065	56306	1417791	0.0381969436203995	C	G	FALSE	0	0.0102076098109916	0	0	0	0	0	0
rs257312	5	102419627	2.906e-08	-0.0563	0.0101	0.3068	0.3068	56306	1417791	0.0381969436203995	A	T	FALSE	0	0.0136869396531136	0	0	0	0	0	0
rs257313	5	102420647	3.133e-08	0.0563	0.0102	0.694	0.306	56306	1417791	0.0381969436203995	A	G	FALSE	0	0.0102076098109916	0	0	0	0	0	0
rs257314	5	102421095	4.197e-07	0.052	0.0103	0.6943	0.3057	55137	1416823	0.0374582189733417	T	C	FALSE	0	0.000860306279915206	0	0	0	0	0	0
rs257315	5	102421429	2.467e-08	-0.0567	0.0102	0.3064	0.3064	56306	1417791	0.0381969436203995	A	C	FALSE	0	0.0126770606517657	0	0	0	0	0	0
rs257316	5	102422443	4.002e-07	-0.0521	0.0103	0.3057	0.3057	55137	1416823	0.0374582189733417	T	C	FALSE	0	0.000903450030179671	0	0	0	0	0	0
rs257317	5	102422585	2.672e-07	0.0529	0.0103	0.6933	0.3067	55137	1416823	0.0374582189733417	T	C	FALSE	0	0.00134085649065872	0	0	0	0	0	0
rs257318	5	102445470	1.652e-08	-0.0573	0.0101	0.3067	0.3067	56306	1417791	0.0381969436203995	T	C	FALSE	0	0.0238511834431141	0	0	0	0	0	0
rs257319	5	102445827	2.06e-08	-0.0571	0.0102	0.3048	0.3048	56306	1417791	0.0381969436203995	A	T	FALSE	0	0.015768095132231	0	0	0	0	0	0
rs257320	5	102446462	4.716e-09	-0.0603	0.0103	0.2931	0.2931	56306	1417791	0.0381969436203995	A	C	FALSE	0	0.0687745652859422	0	0	0	0	0	0
rs25812	5	102373592	0.7601	-0.0151	0.0495	0.9868	0.0132	49053	1411006	0.0335965875351613	T	C	FALSE	0	1.26812738423944e-08	0	0	0	0	0	1.22125e-114
rs258130	5	102102540	0.05977	0.0186	0.0099	0.5544	0.4456	56306	1417791	0.0381969436203995	C	G	FALSE	0	1.45262486655642e-08	0	0	0	0	0	2.77007e-112
rs258131	5	102102451	0.0583	0.0187	0.0099	0.5544	0.4456	56306	1417791	0.0381969436203995	A	G	FALSE	0	1.48046219390932e-08	0	0	0	0	0	2.91627e-112
rs258132	5	102100856	0.07042	0.0179	0.0099	0.5566	0.4434	56306	1417791	0.0381969436203995	A	T	FALSE	0	1.27551105352645e-08	0	0	0	0	0	4.44516e-112
rs258133	5	102099214	0.04453	0.0199	0.0099	0.5544	0.4456	56306	1417791	0.0381969436203995	A	T	FALSE	0	1.87400746178829e-08	0	0	0	0	0	1.48179e-113
rs258134	5	102105688	0.0448	0.0198	0.0099	0.5549	0.4451	56306	1417791	0.0381969436203995	T	C	FALSE	0	1.83652579855037e-08	0	0	0	0	0	1.22866e-112
rs258135	5	102105405	0.05028	-0.0194	0.0099	0.444	0.444	56306	1417791	0.0381969436203995	A	C	FALSE	0	1.69567233026394e-08	0	0	0	0	0	1.64689e-96
rs258136	5	102104051	0.04811	-0.0195	0.0099	0.4449	0.4449	56306	1417791	0.0381969436203995	A	G	FALSE	0	1.72957501946775e-08	0	0	0	0	0	1.86224e-96
rs258137	5	102103919	0.05517	0.019	0.0099	0.5552	0.4448	56306	1417791	0.0381969436203995	A	G	FALSE	0	1.56817339102253e-08	0	0	0	0	0	2.12448e-112
rs258138	5	102103797	0.05583	0.0189	0.0099	0.5548	0.4452	56306	1417791	0.0381969436203995	A	C	FALSE	0	1.53821706277375e-08	0	0	0	0	0	2.26838e-112
rs258139	5	102103608	0.05745	-0.0187	0.0099	0.4456	0.4456	56306	1417791	0.0381969436203995	T	G	FALSE	0	1.48046219390932e-08	0	0	0	0	0	7.60129e-97
rs258140	5	102103062	0.06078	0.0185	0.0099	0.5543	0.4457	56306	1417791	0.0381969436203995	A	G	FALSE	0	1.42545604515024e-08	0	0	0	0	0	2.95714e-112
rs258141	5	102111300	0.006378	0.0272	0.01	0.5773	0.4227	56306	1417791	0.0381969436203995	T	G	FALSE	0	1.01023163624086e-07	0	0	0	0	0	2.15397e-115
rs258142	5	102110673	0.00795	0.0267	0.0101	0.605	0.395	56306	1417791	0.0381969436203995	A	G	FALSE	0	8.31484725992081e-08	0	0	0	0	0	4.26593e-118
rs258144	5	102110245	0.006844	-0.0273	0.0101	0.3927	0.3927	56306	1417791	0.0381969436203995	A	C	FALSE	0	9.74200290406993e-08	0	0	0	0	0	1.1008e-104
rs258145	5	102137247	0.003386	-0.0296	0.0101	0.3737	0.3737	56306	1417791	0.0381969436203995	A	G	FALSE	0	1.84722894148647e-07	0	0	0	0	0	3.17678e-118
rs258146	5	102136767	0.004059	0.0292	0.0101	0.6298	0.3702	56306	1417791	0.0381969436203995	A	T	FALSE	0	1.64657452323922e-07	0	0	0	0	0	1.01173e-101
rs258148	5	102129189	0.008916	-0.0268	0.0102	0.3596	0.3596	56306	1417791	0.0381969436203995	A	G	FALSE	0	8.04729936205485e-08	0	0	0	0	0	1.95532e-107
rs258149	5	102129125	0.003736	0.0296	0.0102	0.6283	0.3717	56306	1417791	0.0381969436203995	T	C	FALSE	0	1.71552893485884e-07	0	0	0	0	0	3.16747e-118
rs258150	5	102129038	0.008978	-0.0267	0.0102	0.3596	0.3596	56306	1417791	0.0381969436203995	A	G	FALSE	0	7.84355353572541e-08	0	0	0	0	0	1.93394e-107
rs258151	5	102129000	0.003527	-0.0301	0.0103	0.3469	0.3469	56306	1417791	0.0381969436203995	A	G	FALSE	0	1.83748702094903e-07	0	0	0	0	0	9.68281e-112
rs258152	5	102196309	3.544e-07	-0.0603	0.0118	0.2325	0.2325	56306	1417791	0.0381969436203995	A	G	FALSE	0	0.00133177451072262	0	0	0	0	1	1
rs258233	5	102124513	0.002978	-0.0306	0.0103	0.3727	0.3727	56306	1417791	0.0381969436203995	T	C	FALSE	0	2.11924405316226e-07	0	0	0	0	0	2.53752e-102
rs258234	5	102122714	0.00306	-0.0303	0.0102	0.3777	0.3777	56306	1417791	0.0381969436203995	T	C	FALSE	0	2.09741937414119e-07	0	0	0	0	0	3.38802e-102
rs258235	5	102122109	0.002613	0.0308	0.0102	0.6231	0.3769	56306	1417791	0.0381969436203995	T	C	FALSE	0	2.42818816129134e-07	0	0	0	0	0	2.85775e-118
rs258236	5	102113597	0.00804	-0.0267	0.0101	0.3946	0.3946	56306	1417791	0.0381969436203995	T	C	FALSE	0	8.31484725992081e-08	0	0	0	0	0	5.92792e-105
rs258240	5	102168884	0.0003141	-0.0372	0.0103	0.3425	0.3425	56306	1417791	0.0381969436203995	A	G	FALSE	0	1.7364794111618e-06	0	0	0	0	0	7.21685e-115
rs258241	5	102168556	0.0003203	0.0371	0.0103	0.6576	0.3424	56306	1417791	0.0381969436203995	A	G	FALSE	0	1.67688000668429e-06	0	0	0	0	0	1.76212e-106
rs258242	5	102167708	0.000351	-0.0369	0.0103	0.3425	0.3425	56306	1417791	0.0381969436203995	T	C	FALSE	0	1.56418878486186e-06	0	0	0	0	0	5.85644e-115
rs258243	5	102167632	0.0003584	0.0368	0.0103	0.6575	0.3425	56306	1417791	0.0381969436203995	T	C	FALSE	0	1.51092880341439e-06	0	0	0	0	0	1.13208e-106
rs258244	5	102161751	0.003151	-0.0298	0.0101	0.3789	0.3789	56306	1417791	0.0381969436203995	A	C	FALSE	0	1.95769568323456e-07	0	0	0	0	0	3.41393e-118
rs258244	5	102161751	0.003151	-0.0298	0.0101	0.3789	0.3789	56306	1417791	0.0381969436203995	A	C	FALSE	0	1.95769568323456e-07	0	0	0	0	0	3.41393e-118
rs258244	5	102161751	0.003151	-0.0298	0.0101	0.3789	0.3789	56306	1417791	0.0381969436203995	A	C	FALSE	0	1.95769568323456e-07	0	0	0	0	0	3.41393e-118
rs258244	5	102161751	0.003151	-0.0298	0.0101	0.3789	0.3789	56306	1417791	0.0381969436203995	A	C	FALSE	0	1.95769568323456e-07	0	0	0	0	0	3.41393e-118
rs258245	5	102161454	0.07786	0.0205	0.0116	0.4833	0.4833	30435	974587	0.0302829191798786	A	G	FALSE	0	1.38696024684591e-08	0	0	0	0	0	1.23264e-115
rs258247	5	102160785	0.006874	0.0277	0.0103	0.6501	0.3499	56306	1417791	0.0381969436203995	A	C	FALSE	0	9.57282994931734e-08	0	0	0	0	0	3.0766e-112
rs258255	5	102061818	0.9997	0	0.0232	0.0848	0.0848	36384	1316478	0.026894095628379	A	G	FALSE	0	5.82120485900198e-09	0	0	0	0	0	1.3684e-100
rs258256	5	102062243	0.4664	0.0091	0.0125	0.5607	0.4393	42598	1322509	0.0312048799105125	A	T	FALSE	0	4.1032459062481e-09	0	0	0	0	0	1.11922e-111
rs258257	5	102063443	0.03167	0.0217	0.0101	0.5999	0.4001	56306	1417791	0.0381969436203995	T	C	FALSE	0	2.5469634064755e-08	0	0	0	0	0	3.10689e-114
rs2600825	5	101620464	0.1533	-0.0162	0.0113	0.2448	0.2448	56306	1417791	0.0381969436203995	A	C	FALSE	0	7.93768981648167e-09	0	0	0	0	0	1.31487e-114
rs2600827	5	101608346	0.4075	0.0094	0.0114	0.7363	0.2637	56306	1417791	0.0381969436203995	A	G	FALSE	0	4.03448813652769e-09	0	0	0	0	0	9.23894e-110
rs2600828	5	101607603	0.8508	0.0026	0.014	0.7397	0.2603	42598	1322509	0.0312048799105125	A	G	FALSE	0	3.58877974453025e-09	0	0	0	0	0	5.12638e-112
rs2600830	5	101606170	0.1457	0.0165	0.0113	0.755	0.245	56306	1417791	0.0381969436203995	A	T	FALSE	0	8.24752691760138e-09	0	0	0	0	0	4.73989e-107
rs2600832	5	101606002	0.3082	-0.0112	0.011	0.2651	0.2651	56306	1417791	0.0381969436203995	T	C	FALSE	0	4.65158029525029e-09	0	0	0	0	0	1.74465e-114
rs2600833	5	101605942	0.7316	0.0034	0.01	0.377	0.377	56306	1417791	0.0381969436203995	T	C	FALSE	0	2.67254347510537e-09	0	0	0	0	0	2.07204e-115
rs2600834	5	101605641	0.1419	-0.0166	0.0113	0.2451	0.2451	56306	1417791	0.0381969436203995	T	C	FALSE	0	8.35477491987808e-09	0	0	0	0	0	1.04098e-114
rs2600835	5	101605434	0.3048	0.0113	0.011	0.7349	0.2651	56306	1417791	0.0381969436203995	T	G	FALSE	0	4.69489848640494e-09	0	0	0	0	0	2.25245e-109
rs261091	5	101524080	0.9729	4e-04	0.0106	0.299	0.299	56306	1417791	0.0381969436203995	C	G	FALSE	0	2.67566939703862e-09	0	0	0	0	0	2.00183e-118
rs261093	5	101512451	0.9252	-0.001	0.0106	0.6997	0.3003	56306	1417791	0.0381969436203995	A	G	FALSE	0	2.68566160488612e-09	0	0	0	0	0	1.98448e-118
rs261094	5	101510844	0.3102	0.0111	0.0109	0.7242	0.2758	56306	1417791	0.0381969436203995	T	C	FALSE	0	4.61032973026706e-09	0	0	0	0	0	1.5029e-117
rs261096	5	101460693	0.4635	-0.0072	0.0098	0.5457	0.4543	56306	1417791	0.0381969436203995	T	C	FALSE	0	3.23640304454558e-09	0	0	0	0	0	3.09751e-118
rs261097	5	101459687	0.4322	0.0086	0.0109	0.7227	0.2773	56306	1417791	0.0381969436203995	T	G	FALSE	0	3.74960118240376e-09	0	0	0	0	0	2.03817e-118
rs261098	5	101594346	0.4342	-0.0087	0.0112	0.2603	0.2603	56306	1417791	0.0381969436203995	T	G	FALSE	0	3.81576514029832e-09	0	0	0	0	0	3.12768e-114
rs261099	5	101594199	0.426	0.0202	0.0254	0.9446	0.0554	50092	1411760	0.0342661226991515	C	G	FALSE	0	8.68849059718466e-09	0	0	0	0	0	2.11608e-118
rs261100	5	101594186	0.3341	-0.0107	0.011	0.2656	0.2656	56306	1417791	0.0381969436203995	A	G	FALSE	0	4.44640337311248e-09	0	0	0	0	0	2.04166e-114
rs261101	5	101592809	0.3291	0.0108	0.011	0.7344	0.2656	56306	1417791	0.0381969436203995	A	T	FALSE	0	4.48596234510769e-09	0	0	0	0	0	1.48638e-109
rs261102	5	101591901	0.3308	0.0107	0.011	0.7343	0.2657	56306	1417791	0.0381969436203995	A	C	FALSE	0	4.44640337311248e-09	0	0	0	0	0	1.39814e-109
rs261103	5	101589204	0.7277	-0.0035	0.01	0.6225	0.3775	56306	1417791	0.0381969436203995	A	G	FALSE	0	2.68175660080659e-09	0	0	0	0	0	1.94392e-116
rs261109	5	101556543	0.1275	-0.0153	0.01	0.3507	0.3507	56306	1417791	0.0381969436203995	A	T	FALSE	0	8.10844363726105e-09	0	0	0	0	0	8.30633e-118
rs261110	5	101556444	0.5231	0.0064	0.01	0.3873	0.3873	56306	1417791	0.0381969436203995	T	C	FALSE	0	3.09461668225791e-09	0	0	0	0	0	2.01844e-118
rs261111	5	101555984	0.4604	-0.0073	0.0099	0.391	0.391	56306	1417791	0.0381969436203995	T	C	FALSE	0	3.27574317239287e-09	0	0	0	0	0	4.01278e-118
rs261112	5	101554625	0.2389	0.012	0.0102	0.6095	0.3905	56306	1417791	0.0381969436203995	T	C	FALSE	0	5.13137276513927e-09	0	0	0	0	0	2.74202e-118
rs261113	5	101553265	0.4829	0.007	0.01	0.3873	0.3873	56306	1417791	0.0381969436203995	C	G	FALSE	0	3.22123168873333e-09	0	0	0	0	0	2.03658e-118
rs261114	5	101552955	0.4505	-0.0075	0.0099	0.3902	0.3902	56306	1417791	0.0381969436203995	A	G	FALSE	0	3.3254611512586e-09	0	0	0	0	0	4.18688e-118
rs261115	5	101551270	0.4159	-0.0083	0.0102	0.433	0.433	50455	1411925	0.0345019762305283	A	G	FALSE	0	3.5799281216387e-09	0	0	0	0	0	3.17138e-118
rs261116	5	101550199	0.7611	-0.0033	0.0107	0.2959	0.2959	56306	1417791	0.0381969436203995	T	C	FALSE	0	2.82999736645411e-09	0	0	0	0	0	2.09575e-118
rs26232	5	102596720	5.088e-07	-0.053	0.0106	0.312	0.312	55137	1416823	0.0374582189733417	T	C	FALSE	0	0.000692785317420515	0	0	0	0	0	0
rs26233	5	102596816	5.527e-07	-0.0529	0.0106	0.3116	0.3116	55137	1416823	0.0374582189733417	T	G	FALSE	0	0.000660982164328045	0	0	0	0	0	0
rs26234	5	102597156	5.806e-07	-0.0528	0.0106	0.312	0.312	55137	1416823	0.0374582189733417	A	G	FALSE	0	0.000630694945591401	0	0	0	0	0	0
rs26253	5	102556967	4.436e-07	0.0526	0.0104	0.6947	0.3053	55137	1416823	0.0374582189733417	T	C	FALSE	0	0.000909025342972974	0	0	0	0	0	0
rs26254	5	102556859	3.877e-07	0.0528	0.0104	0.6945	0.3055	55137	1416823	0.0374582189733417	A	G	FALSE	0	0.00100180475691659	0	0	0	0	0	0
rs26255	5	102554100	1.282e-07	-0.0556	0.0105	0.2927	0.2927	55137	1416823	0.0374582189733417	A	T	FALSE	0	0.00312603067544994	0	0	0	0	0	0
rs26256	5	102552013	0.05411	-0.0329	0.0171	0.8874	0.1126	47884	1410038	0.032844006743845	A	G	FALSE	0	2.70283364019162e-08	0	0	0	0	0	6.79196e-117
rs26257	5	102550531	1.184e-07	-0.0557	0.0105	0.2924	0.2924	55137	1416823	0.0374582189733417	T	C	FALSE	0	0.00328741483952189	0	0	0	0	0	0
rs26258	5	102549721	1.252e-07	0.0556	0.0105	0.7073	0.2927	55137	1416823	0.0374582189733417	A	C	FALSE	0	0.00312603067544994	0	0	0	0	0	0
rs26259	5	102547302	1.666e-07	-0.0553	0.0106	0.291	0.291	55137	1416823	0.0374582189733417	T	C	FALSE	0	0.00209238810540237	0	0	0	0	0	0
rs26260	5	102547194	4.348e-05	0.0417	0.0102	0.6585	0.3415	55137	1416823	0.0374582189733417	A	C	FALSE	0	1.07244472157348e-05	0	0	0	0	0	0
rs26261	5	102545693	5.102e-07	0.0522	0.0104	0.6941	0.3059	55137	1416823	0.0374582189733417	A	G	FALSE	0	0.000749276877822921	0	0	0	0	0	0
rs26262	5	102545163	4.79e-07	0.0523	0.0104	0.6938	0.3062	55137	1416823	0.0374582189733417	T	G	FALSE	0	0.000786259089021212	0	0	0	0	0	0
rs26428	5	102366484	1.842e-08	0.0568	0.0101	0.6866	0.3134	56306	1417791	0.0381969436203995	T	C	FALSE	0	0.0180458492384486	0	0	0	0	0	0
rs26429	5	102366053	1.843e-08	0.0568	0.0101	0.6867	0.3133	56306	1417791	0.0381969436203995	A	G	FALSE	0	0.0180458492384486	0	0	0	0	0	0
rs26430	5	102365932	1.744e-08	0.0568	0.0101	0.6867	0.3133	56306	1417791	0.0381969436203995	A	G	FALSE	0	0.0180458492384486	0	0	0	0	0	0
rs26431	5	102365794	1.565e-09	0.0621	0.0103	0.7025	0.2975	56306	1417791	0.0381969436203995	C	G	TRUE	0	0.193727188485373	0	0	0	0	1	1
rs26432	5	102365710	1.449e-08	0.0573	0.0101	0.6875	0.3125	56306	1417791	0.0381969436203995	A	T	FALSE	0	0.0238511834431141	0	0	0	0	0	0
rs26433	5	102363858	1.095e-08	0.0576	0.0101	0.6864	0.3136	56306	1417791	0.0381969436203995	T	C	FALSE	0	0.0282292332625342	0	0	0	0	0	0
rs26434	5	102363402	2.422e-09	0.0608	0.0102	0.6996	0.3004	56306	1417791	0.0381969436203995	T	C	FALSE	0	0.127613116741806	0	0	0	0	0	0
rs26521	5	102482734	0.007165	0.0353	0.0131	0.1895	0.1895	47884	1410038	0.032844006743845	T	C	FALSE	0	1.22680942573895e-07	0	0	0	0	0	4.69736e-109
rs26522	5	102484399	3.055e-05	-0.0422	0.0101	0.3403	0.3403	55137	1416823	0.0374582189733417	A	G	FALSE	0	1.53957726690922e-05	0	0	0	0	0	0
rs26523	5	102456254	8.113e-08	-0.0558	0.0104	0.293	0.293	55137	1416823	0.0374582189733417	T	C	FALSE	0	0.00449894841381812	0	0	0	0	0	0
rs26524	5	102456304	2.777e-07	0.0528	0.0103	0.6937	0.3063	55137	1416823	0.0374582189733417	A	G	FALSE	0	0.00127586472398066	0	0	0	0	0	0
rs26525	5	102464923	9.185e-08	-0.0556	0.0104	0.293	0.293	55137	1416823	0.0374582189733417	C	G	FALSE	0	0.00405976816792062	0	0	0	0	0	0
rs2657427	5	102054483	0.1479	0.0143	0.0099	0.5422	0.4578	56306	1417791	0.0381969436203995	T	C	FALSE	0	7.07105186952638e-09	0	0	0	0	0	4.10378e-108
rs2657430	5	101997223	0.001507	-0.0302	0.0095	0.4156	0.4156	56306	1417791	0.0381969436203995	C	G	FALSE	0	3.70806889104546e-07	0	0	0	0	0	8.26607e-117
rs2657431	5	101998692	0.009905	-0.0302	0.0117	0.4219	0.4219	42598	1322509	0.0312048799105125	T	C	FALSE	0	8.16012869993182e-08	0	0	0	0	0	1.38955e-115
rs2657432	5	101998879	0.004046	-0.0272	0.0095	0.423	0.423	56306	1417791	0.0381969436203995	A	G	FALSE	0	1.43138464702264e-07	0	0	0	0	0	4.5361e-116
rs2657433	5	101999586	0.001432	-0.0329	0.0103	0.3297	0.3297	56306	1417791	0.0381969436203995	T	G	FALSE	0	4.2104490859323e-07	0	0	0	0	0	8.66914e-117
rs2657434	5	101999814	0.00154	-0.0302	0.0095	0.416	0.416	56306	1417791	0.0381969436203995	T	C	FALSE	0	3.70806889104546e-07	0	0	0	0	0	1.2227e-116
rs2657435	5	102001365	0.006152	-0.026	0.0095	0.4248	0.4248	56306	1417791	0.0381969436203995	T	C	FALSE	0	1.00577084097468e-07	0	0	0	0	0	7.39522e-116
rs2657436	5	102002483	0.002118	0.0291	0.0095	0.5785	0.4215	56306	1417791	0.0381969436203995	C	G	FALSE	0	2.58555380897201e-07	0	0	0	0	0	3.99135e-96
rs2657437	5	102002577	0.001305	-0.0305	0.0095	0.4156	0.4156	56306	1417791	0.0381969436203995	T	C	FALSE	0	4.10075269323697e-07	0	0	0	0	0	1.10969e-116
rs2657438	5	102003711	0.003774	-0.0274	0.0095	0.4255	0.4255	56306	1417791	0.0381969436203995	T	C	FALSE	0	1.52044747451381e-07	0	0	0	0	0	4.111e-116
rs2657439	5	102003807	0.003475	0.0276	0.0094	0.576	0.424	56306	1417791	0.0381969436203995	T	C	FALSE	0	1.74983428022614e-07	0	0	0	0	0	9.78444e-97
rs2657440	5	102004358	0.003638	0.0275	0.0095	0.5762	0.4238	56306	1417791	0.0381969436203995	A	G	FALSE	0	1.56729581678034e-07	0	0	0	0	0	5.17211e-97
rs2657441	5	102004366	0.009336	-0.0303	0.0117	0.424	0.424	42598	1322509	0.0312048799105125	T	C	FALSE	0	8.34182993313663e-08	0	0	0	0	0	1.25214e-115
rs2657442	5	102004421	0.00128	0.0306	0.0095	0.5842	0.4158	56306	1417791	0.0381969436203995	A	G	FALSE	0	4.24161779978526e-07	0	0	0	0	0	1.38861e-95
rs2657443	5	102004668	0.003646	-0.0274	0.0094	0.424	0.424	56306	1417791	0.0381969436203995	T	C	FALSE	0	1.64446141527189e-07	0	0	0	0	0	3.54146e-116
rs2657444	5	102004673	0.003775	0.0273	0.0094	0.576	0.424	56306	1417791	0.0381969436203995	T	C	FALSE	0	1.59444900939047e-07	0	0	0	0	0	5.96039e-97
rs2657445	5	102004743	0.003747	0.0274	0.0094	0.576	0.424	56306	1417791	0.0381969436203995	A	C	FALSE	0	1.64446141527189e-07	0	0	0	0	0	6.25076e-97
rs2657446	5	102004849	0.004926	-0.0269	0.0096	0.4248	0.4248	56306	1417791	0.0381969436203995	A	C	FALSE	0	1.2168816065124e-07	0	0	0	0	0	5.40347e-116
rs2657448	5	102006482	0.003898	0.0274	0.0095	0.5768	0.4232	56306	1417791	0.0381969436203995	A	G	FALSE	0	1.52044747451381e-07	0	0	0	0	0	3.85026e-97
rs2657449	5	102012989	0.01068	0.0242	0.0095	0.5633	0.4367	56306	1417791	0.0381969436203995	A	G	FALSE	0	6.10346648176732e-08	0	0	0	0	0	1.16433e-90
rs2657450	5	102013148	0.306	0.0413	0.0403	0.0153	0.0153	55920	1417298	0.0379577224823482	T	G	FALSE	0	1.65290975360477e-08	0	0	0	0	0	0
rs2657451	5	102013575	0.1308	0.0756	0.05	0.0154	0.0154	42212	1322016	0.0309420419460677	A	G	FALSE	0	3.5930311949307e-08	0	0	0	0	0	0
rs2657452	5	102014714	0.2991	-0.0419	0.0403	0.9847	0.0153	55920	1417298	0.0379577224823482	A	G	FALSE	0	1.67750265990452e-08	0	0	0	0	0	0
rs2657453	5	102016494	0.2733	0.0442	0.0403	0.0154	0.0154	55920	1417298	0.0379577224823482	T	C	FALSE	0	1.77871969611552e-08	0	0	0	0	0	0
rs2657455	5	102017745	0.2804	-0.0435	0.0403	0.9846	0.0154	55920	1417298	0.0379577224823482	A	G	FALSE	0	1.74670551797395e-08	0	0	0	0	0	0
rs2657459	5	102077130	0.1502	0.0143	0.0099	0.5721	0.4279	56306	1417791	0.0381969436203995	A	G	FALSE	0	7.07105186952638e-09	0	0	0	0	0	1.1193e-114
rs2657471	5	102040475	0.2228	-0.0301	0.0247	0.0695	0.0695	36649	980618	0.0360269231185126	T	G	FALSE	0	1.28666593439157e-08	0	0	0	0	0	2.41249e-118
rs2657472	5	102040379	0.1596	0.0142	0.0101	0.5447	0.4553	56306	1417791	0.0381969436203995	T	C	FALSE	0	6.82860515002471e-09	0	0	0	0	0	4.02275e-108
rs2657475	5	102036666	0.2289	-0.0273	0.0227	0.9444	0.0556	55779	1417319	0.0378650979093041	T	C	FALSE	0	1.16345685434853e-08	0	0	0	0	0	2.73212e-115
rs2657477	5	102032797	0.02464	-0.0251	0.0112	0.3676	0.3676	37688	981372	0.0369831020744608	A	G	FALSE	0	3.45268201641147e-08	0	0	0	0	0	7.27931e-109
rs2657478	5	102031987	0.2309	-0.0495	0.0413	0.985	0.015	55920	1417298	0.0379577224823482	A	G	FALSE	0	2.0346395802703e-08	0	0	0	0	0	0
rs2657479	5	102031231	0.2167	0.0505	0.0409	0.0151	0.0151	55920	1417298	0.0379577224823482	T	C	FALSE	0	2.10384195988345e-08	0	0	0	0	0	0
rs2657480	5	102031203	0.2281	0.0493	0.0409	0.0151	0.0151	55920	1417298	0.0379577224823482	T	C	FALSE	0	2.03278348826348e-08	1	1	0	0	0	0
rs2657481	5	102030527	0.1173	-0.0788	0.0503	0.9847	0.0153	42212	1322016	0.0309420419460677	A	C	FALSE	0	3.90754683270538e-08	0	0	0	0	0	0
rs2657482	5	102030406	0.2451	-0.0475	0.0409	0.9848	0.0152	55920	1417298	0.0379577224823482	A	C	FALSE	0	1.93366384600219e-08	0	0	0	0	0	0
rs2657483	5	102030250	0.2473	0.0473	0.0408	0.0152	0.0152	55920	1417298	0.0379577224823482	T	C	FALSE	0	1.9249573294941e-08	0	0	0	0	0	0
rs2657484	5	102029890	0.2473	0.0473	0.0408	0.0152	0.0152	55920	1417298	0.0379577224823482	A	C	FALSE	0	1.9249573294941e-08	0	0	0	0	0	0
rs2657485	5	102029160	0.2568	0.0462	0.0407	0.0153	0.0153	55920	1417298	0.0379577224823482	C	G	FALSE	0	1.87018733580454e-08	0	0	0	0	0	0
rs2657486	5	102028774	0.01045	0.0251	0.0098	0.5647	0.4353	56306	1417791	0.0381969436203995	T	C	FALSE	0	6.51896441423303e-08	0	0	0	0	0	1.89781e-90
rs2657487	5	102028678	0.2708	-0.0456	0.0414	0.985	0.015	55920	1417298	0.0379577224823482	T	C	FALSE	0	1.83203419853799e-08	0	0	0	0	0	0
rs2657488	5	102027651	0.2571	0.046	0.0406	0.0153	0.0153	55920	1417298	0.0379577224823482	A	G	FALSE	0	1.86167522859187e-08	0	0	0	0	0	0
rs2657489	5	102027606	0.2572	-0.046	0.0406	0.9847	0.0153	55920	1417298	0.0379577224823482	A	T	FALSE	0	1.86167522859187e-08	2	1	0	0	0	0
rs2657491	5	102025933	0.1821	0.056	0.042	0.0147	0.0147	55920	1417298	0.0379577224823482	A	G	FALSE	0	2.43242718551575e-08	0	0	0	0	0	0
rs2657492	5	102025684	0.2604	-0.0455	0.0404	0.9846	0.0154	55920	1417298	0.0379577224823482	A	G	FALSE	0	1.83974700695508e-08	0	0	0	0	0	0
rs2657494	5	102025067	0.002039	-0.0304	0.0099	0.4222	0.4222	56306	1417791	0.0381969436203995	A	T	FALSE	0	2.75461105809694e-07	0	0	0	0	0	2.89183e-112
rs2657495	5	102024797	0.005131	-0.0272	0.0097	0.4294	0.4294	56306	1417791	0.0381969436203995	T	G	FALSE	0	1.23633044120057e-07	0	0	0	0	0	6.30422e-113
rs2657496	5	102024595	0.07802	0.113	0.0641	0.0129	0.0129	42212	1322016	0.0309420419460677	C	G	FALSE	0	6.30989633455414e-08	0	0	0	0	0	0
rs2657497	5	102024563	0.2651	0.0451	0.0404	0.0154	0.0154	55920	1417298	0.0379577224823482	A	C	FALSE	0	1.82022742784563e-08	0	0	0	0	0	0
rs2657498	5	102024126	0.003375	0.0292	0.0099	0.6129	0.3871	56306	1417791	0.0381969436203995	A	T	FALSE	0	1.91421447419788e-07	0	0	0	0	0	1.11473e-89
rs2657499	5	102024092	0.2685	-0.0447	0.0404	0.9846	0.0154	55920	1417298	0.0379577224823482	A	G	FALSE	0	1.80108457974491e-08	0	0	0	0	0	0
rs2665181	5	102995491	0.732	0.0044	0.0129	0.8127	0.1873	49053	1411006	0.0335965875351613	A	T	FALSE	0	3.44566942420178e-09	0	0	0	0	0	2.34001e-118
rs2665182	5	102996464	0.8537	-0.0019	0.0105	0.3622	0.3622	49053	1411006	0.0335965875351613	A	G	FALSE	0	2.69221433309996e-09	0	0	0	0	0	1.12607e-117
rs2665183	5	102996953	0.9149	0.0014	0.0128	0.8083	0.1917	49053	1411006	0.0335965875351613	T	G	FALSE	0	3.24591251529262e-09	0	0	0	0	0	5.82914e-118
rs2665191	5	103031174	0.5268	-0.0096	0.0152	0.3219	0.3219	30435	974587	0.0302829191798786	T	G	FALSE	0	4.668110816054e-09	0	0	0	0	0	6.49217e-118
rs2665195	5	103028849	0.3406	-0.0114	0.012	0.77	0.23	49053	1411006	0.0335965875351613	A	G	FALSE	0	4.74351929434015e-09	0	0	0	0	0	6.32363e-118
rs2665196	5	103029306	0.5517	-0.0206	0.0347	0.0483	0.0483	35345	1315724	0.0261607660304544	T	C	FALSE	0	1.02473111595752e-08	0	0	0	0	0	2.10362e-118
rs2671556	5	102031250	0.2239	-0.0498	0.0409	0.9849	0.0151	55920	1417298	0.0379577224823482	T	C	FALSE	0	2.06188770906835e-08	0	0	0	0	0	0
rs2671558	5	102029048	0.256	0.0462	0.0407	0.0153	0.0153	55920	1417298	0.0379577224823482	A	G	FALSE	0	1.87018733580454e-08	0	7.75862707413921e-11	0	0	0	0
rs2671561	5	102016982	0.2843	0.0432	0.0403	0.0154	0.0154	55920	1417298	0.0379577224823482	A	C	FALSE	0	1.73331598919913e-08	0	0	0	0	0	0
rs2671562	5	102016786	0.273	-0.0442	0.0403	0.9846	0.0154	55920	1417298	0.0379577224823482	A	G	FALSE	0	1.77871969611552e-08	0	0	0	0	0	0
rs2671563	5	102016620	0.1397	0.073	0.0494	0.0152	0.0152	55920	1417298	0.0379577224823482	T	C	FALSE	0	3.3900957410772e-08	0	0	0	0	0	0
rs2671564	5	102016576	0.2561	0.0459	0.0404	0.0153	0.0153	55920	1417298	0.0379577224823482	C	G	FALSE	0	1.8596510538729e-08	0	0	0	0	0	0
rs2671566	5	101998457	0.004117	-0.0272	0.0095	0.4229	0.4229	56306	1417791	0.0381969436203995	A	G	FALSE	0	1.43138464702264e-07	0	0	0	0	0	4.54014e-116
rs2671567	5	101998579	0.004124	-0.0272	0.0095	0.4229	0.4229	56306	1417791	0.0381969436203995	A	G	FALSE	0	1.43138464702264e-07	0	0	0	0	0	4.54739e-116
rs2671568	5	102000313	0.01023	-0.0246	0.0096	0.4227	0.4227	55137	1416823	0.0374582189733417	A	G	FALSE	0	6.40911670697595e-08	0	0	0	0	0	1.50206e-115
rs2671569	5	102003138	0.003035	-0.028	0.0095	0.4227	0.4227	56306	1417791	0.0381969436203995	A	G	FALSE	0	1.82712783103922e-07	0	0	0	0	0	3.32932e-116
rs2671570	5	102004783	0.003655	-0.0274	0.0094	0.4241	0.4241	56306	1417791	0.0381969436203995	T	C	FALSE	0	1.64446141527189e-07	0	0	0	0	0	3.51698e-116
rs2671577	5	102042958	0.5588	-0.0115	0.0197	0.9126	0.0874	50092	1411760	0.0342661226991515	A	G	FALSE	0	5.86250804667754e-09	0	0	0	0	0	4.27291e-98
rs2671584	5	102024147	0.04963	0.1036	0.0528	0.0142	0.0142	56306	1417791	0.0381969436203995	A	G	FALSE	0	7.79760092852988e-08	0	0	0	0	0	0
rs2671585	5	102024157	0.06282	0.1025	0.0551	0.0137	0.0137	41043	1321048	0.0301323479855604	A	G	FALSE	0	6.70084083139043e-08	0	0	0	0	0	0
rs2671586	5	102024455	0.2661	-0.0449	0.0404	0.9846	0.0154	55920	1417298	0.0379577224823482	A	T	FALSE	0	1.81060938858331e-08	0	0	0	0	0	0
rs2671587	5	102024999	0.2627	0.0453	0.0404	0.0154	0.0154	55920	1417298	0.0379577224823482	A	G	FALSE	0	1.82993964692885e-08	0	0	0	0	0	0
rs2671588	5	102025180	0.05315	-0.1032	0.0534	0.9863	0.0137	55920	1417298	0.0379577224823482	C	G	FALSE	0	7.44843888273586e-08	0	0	0	0	1	1
rs2671590	5	102025223	0.1463	0.0615	0.0424	0.0144	0.0144	55920	1417298	0.0379577224823482	T	C	FALSE	0	2.86712321704813e-08	0	0	0	0	0	0
rs2671591	5	102025277	0.04585	0.0237	0.0119	0.5632	0.4368	42598	1322509	0.0312048799105125	T	C	FALSE	0	2.16507857827724e-08	0	0	0	0	0	1.14666e-93
rs2671592	5	102025476	0.2606	-0.0455	0.0404	0.9846	0.0154	55920	1417298	0.0379577224823482	T	C	FALSE	0	1.83974700695508e-08	0	0	0	0	0	0
rs2671596	5	102026454	0.2603	0.0456	0.0405	0.0153	0.0153	55920	1417298	0.0379577224823482	A	G	FALSE	0	1.84328175975005e-08	0	0	0	0	0	0
rs2671598	5	102027457	0.388	-0.0347	0.0402	0.9842	0.0158	55920	1417298	0.0379577224823482	A	G	FALSE	0	1.42417633052862e-08	0	0	0	0	0	0
rs2671599	5	102027507	0.04866	0.0234	0.0119	0.5631	0.4369	42598	1322509	0.0312048799105125	T	C	FALSE	0	2.06007442969412e-08	0	0	0	0	0	1.01128e-93
rs2671600	5	102027769	0.2552	-0.0462	0.0406	0.9847	0.0153	55920	1417298	0.0379577224823482	A	G	FALSE	0	1.871703172846e-08	0	0	0	0	0	0
rs2671601	5	102028045	0.002271	-0.0302	0.0099	0.4144	0.4144	56306	1417791	0.0381969436203995	A	G	FALSE	0	2.58984223345414e-07	0	0	0	0	0	3.38116e-112
rs2671602	5	101994803	0.001432	-0.0304	0.0095	0.416	0.416	56306	1417791	0.0381969436203995	A	G	FALSE	0	3.96500407178594e-07	0	0	0	0	0	7.4784e-117
rs26815	5	102543293	0.0001231	0.0392	0.0102	0.6516	0.3484	55137	1416823	0.0374582189733417	A	T	FALSE	0	4.06765049254408e-06	0	0	0	0	1	1
rs26816	5	102540522	0.0003946	-0.0457	0.0129	0.306	0.306	41429	1321541	0.0303961202374227	T	C	FALSE	0	1.68298681240465e-06	0	0	0	0	0	0
rs26817	5	102540366	4.017e-07	0.0527	0.0104	0.6956	0.3044	55137	1416823	0.0374582189733417	A	G	FALSE	0	0.000954244176030931	0	0	0	0	0	0
rs26818	5	102529719	1.53e-07	0.0551	0.0105	0.7078	0.2922	55137	1416823	0.0374582189733417	T	C	FALSE	0	0.0024337508088536	0	0	0	0	0	0
rs26819	5	102529401	1.594e-07	-0.055	0.0105	0.2918	0.2918	55137	1416823	0.0374582189733417	A	G	FALSE	0	0.00231553065056633	0	0	0	0	0	0
rs26820	5	102528092	1.161e-07	0.0556	0.0105	0.7081	0.2919	55137	1416823	0.0374582189733417	T	C	FALSE	0	0.00312603067544994	0	0	0	0	0	0
rs26821	5	102520400	4.648e-07	0.052	0.0103	0.6941	0.3059	55137	1416823	0.0374582189733417	A	C	FALSE	0	0.000860306279915206	0	0	0	0	0	0
rs26822	5	102518795	7.477e-07	0.0517	0.0104	0.6874	0.3126	55137	1416823	0.0374582189733417	A	G	FALSE	0	0.000589693391275563	0	0	0	0	0	9.07349e-100
rs27361	5	102548967	1.365e-07	-0.0554	0.0105	0.2927	0.2927	55137	1416823	0.0374582189733417	A	G	FALSE	0	0.00282740833699221	0	0	0	0	0	0
rs27489	5	102555746	2.349e-07	-0.0546	0.0106	0.2911	0.2911	55137	1416823	0.0374582189733417	T	C	FALSE	0	0.00148724861902272	0	0	0	0	0	0
rs27585	5	102149894	0.00577	0.0287	0.0104	0.6502	0.3498	56306	1417791	0.0381969436203995	T	G	FALSE	0	1.16975431437036e-07	0	0	0	0	0	6.0065e-112
rs27698	5	102526175	1.116e-07	0.0556	0.0105	0.7074	0.2926	55137	1416823	0.0374582189733417	T	C	FALSE	0	0.00312603067544994	0	0	0	0	0	0
rs27857	5	102148492	0.005256	0.0286	0.0102	0.6481	0.3519	56306	1417791	0.0381969436203995	T	C	FALSE	0	1.29789918689719e-07	0	0	0	0	0	8.57492e-112
rs27896	5	102488571	8.284e-08	0.0559	0.0104	0.7065	0.2935	55137	1416823	0.0374582189733417	T	C	FALSE	0	0.00473670098978275	0	0	0	0	0	0
rs27970	5	102486723	3.016e-07	-0.0529	0.0103	0.3054	0.3054	55137	1416823	0.0374582189733417	C	G	FALSE	0	0.00134085649065872	0	0	0	0	0	0
rs28022	5	102464367	8.428e-08	0.0557	0.0104	0.707	0.293	55137	1416823	0.0374582189733417	T	C	FALSE	0	0.0042735235483145	0	0	0	0	0	0
rs28025	5	102537379	7.649e-08	0.0564	0.0105	0.7048	0.2952	55137	1416823	0.0374582189733417	A	G	FALSE	0	0.00468795442134924	0	0	0	0	0	0
rs28043	5	102486072	0.456	-0.025	0.0335	0.9712	0.0288000000000001	47884	1410038	0.032844006743845	A	G	FALSE	0	1.09419910410964e-08	0	0	0	0	0	2.20211e-118
rs28061	5	102543878	2.738e-07	0.0538	0.0105	0.7025	0.2975	55137	1416823	0.0374582189733417	A	G	FALSE	0	0.00128294415090499	0	0	0	0	0	0
rs28062	5	102540201	1.109e-07	0.0559	0.0105	0.7086	0.2914	55137	1416823	0.0374582189733417	A	G	FALSE	0	0.00363659480080476	0	0	0	0	0	0
rs28092	5	102149795	0.005918	0.0282	0.0102	0.6504	0.3496	56306	1417791	0.0381969436203995	A	G	FALSE	0	1.16397565823272e-07	0	0	0	0	0	7.23075e-112
rs28157	5	102595837	5.652e-07	-0.0533	0.0107	0.3068	0.3068	55137	1416823	0.0374582189733417	T	G	FALSE	0	0.000636767419431988	0	0	0	0	0	0
rs28158	5	102595892	4.601e-07	0.0534	0.0106	0.6881	0.3119	55137	1416823	0.0374582189733417	C	G	FALSE	0	0.000836796488167243	0	0	0	0	1	1
rs28301	5	102441482	3.081e-07	0.0526	0.0103	0.6941	0.3059	55137	1416823	0.0374582189733417	A	G	FALSE	0	0.00115550486124402	0	0	0	0	0	0
rs28391228	5	101379021	0.732	-0.0043	0.0125	0.8042	0.1958	50455	1411925	0.0345019762305283	C	G	FALSE	0	3.34262095571699e-09	0	0	0	0	0	3.20935e-118
rs28391860	5	102877972	0.3509	0.0105	0.0113	0.2781	0.2781	49053	1411006	0.0335965875351613	C	G	FALSE	0	4.38234132465026e-09	0	0	0	0	0	6.88068e-116
rs28406406	5	101396659	0.5046	-0.0082	0.0122	0.7911	0.2089	50455	1411925	0.0345019762305283	C	G	FALSE	0	3.85225918851484e-09	0	0	0	0	0	2.21672e-118
rs28406419	5	102883021	0.4108	0.0113	0.0137	0.1614	0.1614	49053	1411006	0.0335965875351613	A	G	FALSE	0	4.84364052097405e-09	0	0	0	0	0	2.05885e-118
rs28408733	5	101396302	0.7388	-0.0034	0.0101	0.3619	0.3619	56306	1417791	0.0381969436203995	A	G	FALSE	0	2.6961289428726e-09	0	0	0	0	0	8.34455e-118
rs28415625	5	101820792	0.0631	0.037	0.0199	0.0588	0.0588	56306	1417791	0.0381969436203995	T	C	FALSE	0	2.76985213248931e-08	0	0	0	0	0	6.23037e-116
rs28415837	5	101568212	0.1329	-0.015	0.01	0.3515	0.3515	56306	1417791	0.0381969436203995	A	G	FALSE	0	7.74904247973695e-09	0	0	0	0	0	4.97231e-118
rs28421023	5	103163506	0.4521	0.0216	0.0288	0.0348	0.0348	49053	1411006	0.0335965875351613	T	C	FALSE	0	9.4847762482358e-09	0	0	0	0	0	7.60193e-118
rs28441506	5	101594504	0.08706	0.027	0.0158	0.107	0.107	55137	1416823	0.0374582189733417	A	G	FALSE	0	1.69791109592038e-08	0	0	0	0	0	4.64149e-115
rs28477114	5	101387026	0.376	0.0088	0.01	0.3965	0.3965	56306	1417791	0.0381969436203995	A	C	FALSE	0	3.7121424323802e-09	0	0	0	0	0	8.88874e-117
rs28497446	5	103149119	0.7438	0.0045	0.0138	0.1547	0.1547	49053	1411006	0.0335965875351613	T	C	FALSE	0	3.66653210626526e-09	0	0	0	0	0	3.60554e-118
rs28499477	5	103040023	0.5644	0.0066	0.0115	0.275	0.275	49053	1411006	0.0335965875351613	C	G	FALSE	0	3.41740038387203e-09	0	0	0	0	0	3.76311e-118
rs28522625	5	101532665	0.8745	-0.0038	0.0239	0.053	0.053	50455	1411925	0.0345019762305283	A	C	FALSE	0	6.06957647561503e-09	0	0	0	0	0	1.93059e-117
rs28526622	5	101533111	0.5568	-0.0186	0.0317	0.0354	0.0354	50455	1411925	0.0345019762305283	A	T	FALSE	0	9.3546035914352e-09	0	0	0	0	0	2.82747e-116
rs28530672	5	101394058	0.5907	0.0054	0.0101	0.6363	0.3637	56306	1417791	0.0381969436203995	A	G	FALSE	0	2.93839534508931e-09	0	0	0	0	0	2.26933e-118
rs28535886	5	101392184	0.6259	-0.0049	0.0101	0.3639	0.3639	56306	1417791	0.0381969436203995	A	G	FALSE	0	2.86533484971934e-09	0	0	0	0	0	2.48361e-118
rs28576966	5	102706342	3.788e-05	0.0466	0.0113	0.7239	0.2761	49053	1411006	0.0335965875351613	T	C	FALSE	0	1.36765668178977e-05	0	0	0	0	0	3.69649e-114
rs28595257	5	101496418	0.2265	-0.0175	0.0145	0.8661	0.1339	56306	1417791	0.0381969436203995	A	G	FALSE	0	7.53875508374956e-09	0	0	0	0	0	1.7964e-117
rs28610141	5	101888052	0.2934	0.0227	0.0216	0.0533	0.0533	56306	1417791	0.0381969436203995	A	G	FALSE	0	9.36321741007075e-09	0	0	0	0	0	7.72568e-114
rs28618108	5	103210455	0.5205	0.0143	0.0222	0.9435	0.0565	49053	1411006	0.0335965875351613	A	G	FALSE	0	6.84106468206508e-09	0	0	0	0	0	1.51209e-116
rs28626471	5	102750828	0.1293	-0.0274	0.0181	0.9009	0.0991	49053	1411006	0.0335965875351613	C	G	FALSE	0	1.41877223488725e-08	0	0	0	0	0	3.04065e-116
rs28655746	5	101387136	0.299	0.0117	0.0112	0.7479	0.2521	56306	1417791	0.0381969436203995	T	C	FALSE	0	4.86623201328712e-09	0	0	0	0	0	1.98847e-118
rs28690837	5	101396729	0.5412	0.0062	0.0101	0.6367	0.3633	56306	1417791	0.0381969436203995	T	C	FALSE	0	3.07478095054488e-09	0	0	0	0	0	2.44823e-118
rs28712811	5	101496429	0.2414	-0.017	0.0145	0.8655	0.1345	56306	1417791	0.0381969436203995	A	G	FALSE	0	7.23730547763372e-09	0	0	0	0	0	2.10621e-117
rs28737192	5	102784566	0.0002207	-0.0446	0.0121	0.2248	0.2248	49053	1411006	0.0335965875351613	A	T	FALSE	0	2.65382742869811e-06	0	0	0	0	0	1.29046e-111
rs28757584	5	101396165	0.5973	-0.0054	0.0103	0.3637	0.3637	56306	1417791	0.0381969436203995	T	C	FALSE	0	2.98000384742705e-09	0	0	0	0	0	2.2943e-118
rs28761231	5	101449004	0.7493	0.0035	0.0108	0.7179	0.2821	56306	1417791	0.0381969436203995	T	C	FALSE	0	2.87050420879604e-09	0	0	0	0	0	2.81778e-118
rs28868017	5	101485000	0.1798	-0.0426	0.0317	0.027	0.027	49053	1411006	0.0335965875351613	T	C	FALSE	0	1.90827499963275e-08	0	0	0	0	0	2.00359e-117
rs28873218	5	101782551	0.06533	-0.0366	0.0198	0.9419	0.0581	56306	1417791	0.0381969436203995	T	C	FALSE	0	2.70235728191071e-08	0	0	0	0	0	2.13806e-118
rs28875632	5	101461122	0.3448	-0.0133	0.014	0.8609	0.1391	56306	1417791	0.0381969436203995	T	C	FALSE	0	5.52730904824764e-09	0	0	0	0	0	2.5782e-117
rs2895856	5	102248564	0.1975	0.0346	0.0268	0.0385	0.0385	49053	1411006	0.0335965875351613	T	C	FALSE	0	1.52143555748751e-08	0	0	0	0	0	1.31173e-115
rs2896569	5	103075716	0.9047	0.0013	0.0107	0.3216	0.3216	49053	1411006	0.0335965875351613	T	G	FALSE	0	2.71885890306734e-09	0	0	0	0	0	1.5832e-117
rs2909857	5	103284917	0.8704	0.0028	0.0173	0.8346	0.1654	35345	1315724	0.0261607660304544	A	T	FALSE	0	4.41063122220302e-09	0	0	0	0	0	2.67647e-118
rs2909894	5	103022560	0.8268	-0.0025	0.0115	0.7447	0.2553	49053	1411006	0.0335965875351613	A	G	FALSE	0	2.96918165364951e-09	0	0	0	0	0	2.02654e-118
rs2914532	5	103301413	0.5017	0.0075	0.0111	0.714	0.286	49053	1411006	0.0335965875351613	C	G	FALSE	0	3.51490786181321e-09	0	0	0	0	0	6.01653e-118
rs2914535	5	103303266	0.5886	-0.0075	0.0139	0.838	0.162	49053	1411006	0.0335965875351613	T	C	FALSE	0	4.04865570752599e-09	0	0	0	0	0	2.15201e-118
rs2914536	5	103304463	0.23	0.0171	0.0143	0.8556	0.1444	49053	1411006	0.0335965875351613	C	G	FALSE	0	7.33813956471377e-09	0	0	0	0	0	3.12122e-117
rs2914537	5	103308943	0.2509	-0.0165	0.0144	0.1421	0.1421	49053	1411006	0.0335965875351613	T	C	FALSE	0	6.97102630329224e-09	0	0	0	0	0	1.97476e-118
rs2914538	5	103309143	0.2208	-0.0187	0.0153	0.1315	0.1315	49053	1411006	0.0335965875351613	A	G	FALSE	0	8.09738554856872e-09	0	0	0	0	0	1.98776e-118
rs2914539	5	103316967	0.3008	-0.0191	0.0184	0.8568	0.1432	35345	1315724	0.0261607660304544	A	C	FALSE	0	7.89650195947501e-09	0	0	0	0	0	3.75147e-118
rs2914542	5	103272820	0.4553	0.012	0.0161	0.1092	0.1092	49053	1411006	0.0335965875351613	A	G	FALSE	0	5.34203341164996e-09	0	0	0	0	0	5.39371e-118
rs291832	5	102798007	0.01128	-0.0374	0.0148	0.2576	0.2576	35345	1315724	0.0261607660304544	A	G	FALSE	0	8.92532906151785e-08	0	0	0	0	0	1.81038e-117
rs291833	5	102798248	0.0008655	0.0385	0.0116	0.7431	0.2569	49053	1411006	0.0335965875351613	A	G	FALSE	0	7.08155771678174e-07	0	0	0	0	0	5.27526e-115
rs291834	5	102800263	0.0001349	-0.0516	0.0135	0.1691	0.1691	49053	1411006	0.0335965875351613	A	G	FALSE	0	4.89522326163046e-06	0	0	0	0	0	2.0616e-116
rs291835	5	102793568	7.91e-05	0.0534	0.0135	0.831	0.169	49053	1411006	0.0335965875351613	T	C	FALSE	0	8.20239856084888e-06	0	0	0	0	0	1.23834e-112
rs291836	5	102793606	0.0005182	-0.04	0.0115	0.257	0.257	49053	1411006	0.0335965875351613	C	G	FALSE	0	1.20465681047092e-06	0	0	0	0	0	1.53154e-116
rs291839	5	102854057	0.0426	-0.0227	0.0112	0.4766	0.4766	30435	974587	0.0302829191798786	A	T	FALSE	0	2.18870585191788e-08	0	0	0	0	0	5.75415e-110
rs291840	5	102855756	0.6236	-0.0057	0.0115	0.2713	0.2713	30435	974587	0.0302829191798786	T	C	FALSE	0	3.27777719227352e-09	0	0	0	0	0	5.32645e-118
rs291843	5	102806264	0.0004784	-0.0403	0.0115	0.2569	0.2569	49053	1411006	0.0335965875351613	A	G	FALSE	0	1.31912955866659e-06	0	0	0	0	0	2.69568e-116
rs291844	5	102859998	0.8749	0.0016	0.0102	0.4754	0.4754	49053	1411006	0.0335965875351613	A	T	FALSE	0	2.60490985551938e-09	0	0	0	0	0	2.63924e-118
rs291846	5	102825944	4.018e-05	-0.0608	0.0148	0.1354	0.1354	49053	1411006	0.0335965875351613	A	T	FALSE	0	1.64528589782893e-05	0	0	0	0	0	6.60133e-110
rs291847	5	102825700	0.0001583	0.052	0.0138	0.8331	0.1669	49053	1411006	0.0335965875351613	A	G	FALSE	0	4.07261628877424e-06	0	0	0	0	0	1.59956e-113
rs291848	5	102824695	0.0005854	0.0399	0.0116	0.7434	0.2566	49053	1411006	0.0335965875351613	T	C	FALSE	0	1.06331268258939e-06	0	0	0	0	0	1.63256e-114
rs291849	5	102824367	0.00013	0.052	0.0136	0.8314	0.1686	49053	1411006	0.0335965875351613	A	G	FALSE	0	4.95347878184061e-06	0	0	0	0	0	5.1566e-113
rs291850	5	102821215	0.001146	-0.0397	0.0122	0.2248	0.2248	49053	1411006	0.0335965875351613	T	C	FALSE	0	6.0098321415498e-07	0	0	0	0	0	6.6416e-113
rs291851	5	102820762	0.0002228	-0.0447	0.0121	0.2239	0.2239	49053	1411006	0.0335965875351613	T	C	FALSE	0	2.73570245923079e-06	0	0	0	0	0	5.42287e-112
rs291854	5	102815219	0.000697	0.0392	0.0116	0.7427	0.2573	49053	1411006	0.0335965875351613	C	G	FALSE	0	8.66177316814355e-07	0	0	0	0	0	1.32052e-114
rs291856	5	102813179	0.0001342	0.0522	0.0137	0.8321	0.1679	49053	1411006	0.0335965875351613	A	G	FALSE	0	4.74134541675242e-06	0	0	0	0	0	4.49582e-113
rs291857	5	102812159	0.0007303	0.039	0.0115	0.7429	0.2571	49053	1411006	0.0335965875351613	A	G	FALSE	0	8.94493376321772e-07	0	0	0	0	0	1.32507e-114
rs291858	5	102811961	0.0006881	0.0392	0.0115	0.7428	0.2572	49053	1411006	0.0335965875351613	A	G	FALSE	0	9.48795302320417e-07	0	0	0	0	0	1.41201e-114
rs291859	5	102832658	7.335e-05	0.0598	0.0151	0.8671	0.1329	49053	1411006	0.0335965875351613	T	C	FALSE	0	9.25845744300388e-06	0	0	0	0	0	3.34444e-117
rs291865	5	102846279	2.949e-05	0.0622	0.0149	0.8655	0.1345	49053	1411006	0.0335965875351613	T	G	FALSE	0	2.17582750658745e-05	0	0	0	0	0	5.74035e-117
rs291866	5	102845995	4.819e-05	0.0604	0.0149	0.8652	0.1348	49053	1411006	0.0335965875351613	A	G	FALSE	0	1.32730117604655e-05	0	0	0	0	0	6.46307e-117
rs291867	5	102845720	0.0002587	-0.0601	0.0164	0.1244	0.1244	30435	974587	0.0302829191798786	T	C	FALSE	0	3.25481870461905e-06	0	0	0	0	0	2.4778e-111
rs291868	5	102844367	3.461e-05	0.0626	0.0151	0.8681	0.1319	49053	1411006	0.0335965875351613	T	C	FALSE	0	1.95470370663783e-05	0	0	0	0	0	5.66655e-117
rs291870	5	102841688	5.374e-05	0.0598	0.0148	0.8646	0.1354	49053	1411006	0.0335965875351613	T	C	FALSE	0	1.25122274976569e-05	0	0	0	0	0	4.7161e-117
rs291871	5	102841253	5.095e-05	0.0602	0.0149	0.8652	0.1348	49053	1411006	0.0335965875351613	A	G	FALSE	0	1.25750003162031e-05	0	0	0	0	0	4.86745e-117
rs291872	5	102840797	5.879e-05	-0.0595	0.0148	0.1356	0.1356	49053	1411006	0.0335965875351613	A	T	FALSE	0	1.15357844761124e-05	0	0	0	0	0	1.33154e-110
rs291873	5	102840482	5.902e-05	0.0596	0.0148	0.865	0.135	49053	1411006	0.0335965875351613	T	C	FALSE	0	1.18519528164205e-05	0	0	0	0	0	4.75899e-117
rs291874	5	102840323	5.693e-05	0.0597	0.0148	0.865	0.135	49053	1411006	0.0335965875351613	A	G	FALSE	0	1.21773394779425e-05	0	0	0	0	0	4.73966e-117
rs291875	5	102838418	4.908e-05	-0.0602	0.0148	0.1348	0.1348	49053	1411006	0.0335965875351613	T	C	FALSE	0	1.39527784738713e-05	0	0	0	0	0	1.22939e-110
rs294032	5	102927882	0.8818	0.0046	0.0309	0.9367	0.0633	35345	1315724	0.0261607660304544	C	G	FALSE	0	7.79764529048225e-09	0	0	0	0	0	2.25217e-118
rs294038	5	102919139	0.5661	-0.0066	0.0115	0.2652	0.2652	49053	1411006	0.0335965875351613	A	G	FALSE	0	3.41740038387203e-09	0	0	0	0	0	9.21407e-118
rs294039	5	102921166	0.3568	0.0095	0.0103	0.5604	0.4396	49053	1411006	0.0335965875351613	T	C	FALSE	0	3.97124205913475e-09	0	0	0	0	0	1.47728e-117
rs294041	5	102877469	0.3794	0.0111	0.0126	0.8023	0.1977	49053	1411006	0.0335965875351613	T	C	FALSE	0	4.67513889411949e-09	0	0	0	0	0	5.04247e-117
rs294042	5	102878759	0.5413	-0.0064	0.0105	0.3668	0.3668	49053	1411006	0.0335965875351613	T	C	FALSE	0	3.18765708404309e-09	0	0	0	0	0	4.56266e-118
rs294044	5	102888453	0.9756	3e-04	0.0106	0.3607	0.3607	49053	1411006	0.0335965875351613	T	C	FALSE	0	2.67483839308048e-09	0	0	0	0	0	1.26825e-117
rs294045	5	102887434	0.363	0.0115	0.0126	0.8027	0.1973	49053	1411006	0.0335965875351613	A	G	FALSE	0	4.80961464976139e-09	0	0	0	0	0	5.37235e-117
rs294048	5	102884700	0.354	0.0117	0.0126	0.8026	0.1974	49053	1411006	0.0335965875351613	C	G	FALSE	0	4.88013287761613e-09	0	0	0	0	0	5.60512e-117
rs294049	5	102906272	0.1688	0.0242	0.0176	0.8915	0.1085	30435	974587	0.0302829191798786	T	C	FALSE	0	1.13149876760176e-08	0	0	0	0	0	2.48261e-118
rs294050	5	102906132	0.433	-0.0171	0.0218	0.1081	0.1081	16727	879305	0.0186678600764258	T	C	FALSE	0	7.41922756933199e-09	0	0	0	0	0	6.32635e-118
rs294051	5	102905777	0.2834	-0.0121	0.0113	0.3927	0.3927	49053	1411006	0.0335965875351613	T	C	FALSE	0	5.04665420087638e-09	0	0	0	0	0	8.11051e-118
rs294052	5	102905538	0.2914	-0.0119	0.0113	0.3933	0.3933	49053	1411006	0.0335965875351613	A	T	FALSE	0	4.95298179430026e-09	0	0	0	0	0	6.52514e-118
rs294053	5	102905340	0.2194	-0.0138	0.0112	0.3955	0.3955	49053	1411006	0.0335965875351613	A	C	FALSE	0	6.02008453771079e-09	0	0	0	0	0	8.69384e-118
rs294054	5	102905190	0.2231	0.0137	0.0112	0.6041	0.3959	49053	1411006	0.0335965875351613	A	T	FALSE	0	5.95466028256574e-09	0	0	0	0	0	2.76896e-118
rs294064	5	102796991	0.0006138	-0.0396	0.0116	0.2563	0.2563	49053	1411006	0.0335965875351613	A	T	FALSE	0	9.73423691140326e-07	0	0	0	0	0	1.6451e-116
rs294068	5	102803398	1.196e-05	0.0644	0.0147	0.8623	0.1377	49053	1411006	0.0335965875351613	A	G	FALSE	0	5.17407110034253e-05	0	0	0	0	0	1.01309e-116
rs294071	5	102810287	0.0001544	-0.0511	0.0135	0.1692	0.1692	49053	1411006	0.0335965875351613	A	G	FALSE	0	4.25468587271376e-06	0	0	0	0	0	1.72518e-116
rs294073	5	102867037	0.2637	-0.0179	0.016	0.112	0.112	49053	1411006	0.0335965875351613	A	G	FALSE	0	7.50266404087036e-09	0	0	0	0	0	8.69112e-118
rs294089	5	102849871	0.08366	0.0192	0.0111	0.3529	0.3529	49053	1411006	0.0335965875351613	A	T	FALSE	0	1.24389675279973e-08	0	0	0	0	0	3.50645e-112
rs294091	5	102849236	5.39e-05	0.0602	0.0149	0.8652	0.1348	49053	1411006	0.0335965875351613	T	C	FALSE	0	1.25750003162031e-05	0	0	0	0	0	6.0996e-117
rs294092	5	102849046	3.574e-05	-0.0613	0.0148	0.1362	0.1362	49053	1411006	0.0335965875351613	C	G	FALSE	0	1.88987994598321e-05	0	0	0	0	0	2.62105e-110
rs294093	5	102848543	0.0676	0.0184	0.0101	0.4958	0.4958	49053	1411006	0.0335965875351613	C	G	FALSE	0	1.33367576709353e-08	0	0	0	0	0	2.46599e-113
rs294094	5	102848317	2.935e-05	0.0619	0.0148	0.8633	0.1367	49053	1411006	0.0335965875351613	T	C	FALSE	0	2.23519985030511e-05	0	0	0	0	0	9.27305e-117
rs294095	5	102847802	3.127e-05	-0.0618	0.0148	0.136	0.136	49053	1411006	0.0335965875351613	A	G	FALSE	0	2.17330179077341e-05	0	0	0	0	0	2.33303e-110
rs294096	5	102847600	0.01755	0.0254	0.0107	0.4425	0.4425	49053	1411006	0.0335965875351613	C	G	FALSE	0	4.48063533496349e-08	0	0	0	0	0	9.84818e-104
rs294098	5	102875560	0.9092	0.0012	0.0105	0.6402	0.3598	49053	1411006	0.0335965875351613	C	G	FALSE	0	2.66592158341306e-09	0	0	0	0	0	9.15791e-118
rs2943243	5	102024924	0.2566	0.0459	0.0404	0.0154	0.0154	55920	1417298	0.0379577224823482	A	G	FALSE	0	1.8596510538729e-08	0	0	0	0	0	0
rs2962640	5	103302022	0.7491	-0.0156	0.0486	0.0196	0.0196	35345	1315724	0.0261607660304544	A	G	FALSE	0	1.25236659458824e-08	0	0	0	0	0	2.13174e-118
rs30719	5	102353291	0.03887	0.0738	0.0357	0.0264	0.0264	49053	1411006	0.0335965875351613	A	T	FALSE	0	7.04033919186539e-08	0	0	0	0	0	4.12901e-118
rs3095908	5	102015923	0.0021	0.0296	0.0096	0.5852	0.4148	56306	1417791	0.0381969436203995	A	G	FALSE	0	2.77881826640275e-07	0	0	0	0	0	1.56189e-84
rs3096194	5	101603411	0.1519	-0.0162	0.0113	0.2459	0.2459	56306	1417791	0.0381969436203995	T	C	FALSE	0	7.93768981648167e-09	0	0	0	0	0	1.21338e-114
rs3096196	5	101603914	0.3178	0.011	0.011	0.7348	0.2652	56306	1417791	0.0381969436203995	A	G	FALSE	0	4.567268096627e-09	0	0	0	0	0	1.8577e-109
rs3096197	5	101604320	0.8543	0.0018	0.01	0.3754	0.3754	56306	1417791	0.0381969436203995	A	C	FALSE	0	2.56391239719034e-09	0	0	0	0	0	1.17884e-115
rs3096213	5	101602346	0.3301	-0.0107	0.011	0.2652	0.2652	56306	1417791	0.0381969436203995	T	C	FALSE	0	4.44640337311248e-09	0	0	0	0	0	2.14372e-114
rs3105228	5	101941053	0.00137	-0.0308	0.0096	0.4164	0.4164	56306	1417791	0.0381969436203995	T	C	FALSE	0	4.11381574367149e-07	0	0	0	0	0	6.08422e-117
rs3105229	5	101887228	0.001329	0.0313	0.0097	0.5842	0.4158	56306	1417791	0.0381969436203995	C	G	FALSE	0	4.40938010356734e-07	0	0	0	0	0	7.85443e-117
rs3105230	5	101890273	0.00119	0.0314	0.0097	0.5832	0.4168	56306	1417791	0.0381969436203995	T	C	FALSE	0	4.55841549932182e-07	0	0	0	0	0	7.68762e-117
rs3105231	5	101891174	0.03264	-0.0233	0.0109	0.7378	0.2622	56306	1417791	0.0381969436203995	T	C	FALSE	0	2.68227447720556e-08	0	0	0	0	0	1.62739e-110
rs3105232	5	101898675	0.0156	-0.0313	0.013	0.3289	0.3289	42598	1322509	0.0312048799105125	A	T	FALSE	0	5.87432320456246e-08	0	0	0	0	0	3.70826e-101
rs3105235	5	101924774	0.001671	-0.0304	0.0097	0.4157	0.4157	56306	1417791	0.0381969436203995	T	G	FALSE	0	3.28490194422154e-07	0	0	0	0	0	8.34259e-117
rs3105236	5	101932417	0.001448	0.0306	0.0096	0.5841	0.4159	56306	1417791	0.0381969436203995	A	C	FALSE	0	3.84925986073417e-07	0	0	0	0	0	9.24832e-97
rs3105463	5	101912172	0.03489	0.0229	0.0109	0.2617	0.2617	56306	1417791	0.0381969436203995	T	C	FALSE	0	2.48214772772777e-08	0	0	0	0	0	7.33865e-111
rs3105464	5	101907705	0.001345	0.031	0.0097	0.5833	0.4167	56306	1417791	0.0381969436203995	T	G	FALSE	0	3.99341753776212e-07	0	0	0	0	0	3.75798e-96
rs3105467	5	101974320	0.02049	-0.0252	0.0109	0.7369	0.2631	56306	1417791	0.0381969436203995	T	C	FALSE	0	3.94844058848844e-08	0	0	0	0	0	4.12977e-118
rs3105471	5	102005231	0.004612	-0.0271	0.0096	0.4297	0.4297	56306	1417791	0.0381969436203995	A	T	FALSE	0	1.29013980250336e-07	0	0	0	0	0	4.92746e-116
rs3105472	5	102005412	0.00406	0.0273	0.0095	0.5762	0.4238	56306	1417791	0.0381969436203995	T	G	FALSE	0	1.47516256104363e-07	0	0	0	0	0	3.95199e-97
rs3105473	5	102006968	0.004792	0.0268	0.0095	0.5778	0.4222	56306	1417791	0.0381969436203995	T	C	FALSE	0	1.27028852864165e-07	0	0	0	0	0	4.18893e-86
rs3105474	5	101902035	0.0344	0.0231	0.0109	0.2619	0.2619	56306	1417791	0.0381969436203995	T	C	FALSE	0	2.57983856404724e-08	0	0	0	0	0	6.06336e-118
rs3105476	5	101952526	0.02851	-0.0238	0.0109	0.736	0.264	56306	1417791	0.0381969436203995	T	C	FALSE	0	2.96085902121269e-08	0	0	0	0	0	4.97276e-118
rs3105477	5	101953047	0.001972	0.0297	0.0096	0.5811	0.4189	56306	1417791	0.0381969436203995	A	G	FALSE	0	2.86946071438588e-07	0	0	0	0	0	9.7596e-96
rs3105478	5	101950343	0.001122	-0.0312	0.0096	0.4178	0.4178	56306	1417791	0.0381969436203995	T	C	FALSE	0	4.70483322606842e-07	0	0	0	0	0	8.99313e-117
rs3105480	5	101949318	0.001179	0.031	0.0096	0.5836	0.4164	56306	1417791	0.0381969436203995	A	C	FALSE	0	4.39845854740753e-07	0	0	0	0	0	1.23561e-95
rs3105481	5	101948324	0.02519	0.0243	0.0109	0.263	0.263	56306	1417791	0.0381969436203995	A	C	FALSE	0	3.27524187256917e-08	0	0	0	0	0	1.24141e-110
rs3105482	5	101948293	0.001197	0.0311	0.0096	0.5837	0.4163	56306	1417791	0.0381969436203995	T	C	FALSE	0	4.54882113915019e-07	0	0	0	0	0	1.42572e-95
rs3105483	5	101948181	0.001196	-0.0311	0.0096	0.4163	0.4163	56306	1417791	0.0381969436203995	C	G	FALSE	0	4.54882113915019e-07	0	0	0	0	0	9.22017e-117
rs3105485	5	101944699	0.005265	0.0266	0.0095	0.5316	0.4684	56306	1417791	0.0381969436203995	T	C	FALSE	0	1.19746675387451e-07	0	0	0	0	0	2.17028e-104
rs3105486	5	101944070	0.001201	-0.0311	0.0096	0.4163	0.4163	56306	1417791	0.0381969436203995	C	G	FALSE	0	4.54882113915019e-07	0	0	0	0	0	9.17407e-117
rs3114585	5	102005268	0.004691	-0.0271	0.0096	0.4303	0.4303	56306	1417791	0.0381969436203995	T	C	FALSE	0	1.29013980250336e-07	0	0	0	0	0	5.12857e-116
rs3114586	5	101898402	0.03195	0.0235	0.0109	0.2605	0.2605	56306	1417791	0.0381969436203995	T	G	FALSE	0	2.78971402419788e-08	0	0	0	0	0	5.73013e-118
rs3114591	5	101911163	0.001298	0.031	0.0096	0.5841	0.4159	56306	1417791	0.0381969436203995	A	G	FALSE	0	4.39845854740753e-07	0	0	0	0	0	5.66899e-96
rs3114593	5	101927339	0.001397	0.0308	0.0096	0.5821	0.4179	56306	1417791	0.0381969436203995	C	G	FALSE	0	4.11381574367149e-07	0	0	0	0	0	5.04248e-96
rs3114594	5	101929232	0.003387	-0.0288	0.0098	0.3916	0.3916	56306	1417791	0.0381969436203995	T	G	FALSE	0	1.83658678412746e-07	0	0	0	0	0	3.19457e-117
rs3114595	5	101933087	0.001426	-0.0307	0.0096	0.4158	0.4158	56306	1417791	0.0381969436203995	A	G	FALSE	0	3.97912448105838e-07	0	0	0	0	0	6.11356e-117
rs3114596	5	101933588	0.001422	0.0306	0.0096	0.5838	0.4162	56306	1417791	0.0381969436203995	A	T	FALSE	0	3.84925986073417e-07	0	0	0	0	0	4.90376e-96
rs3114597	5	101934969	0.001417	-0.0307	0.0096	0.4162	0.4162	56306	1417791	0.0381969436203995	T	C	FALSE	0	3.97912448105838e-07	0	0	0	0	0	9.66688e-117
