No	GenomicLocus	uniqID	rsID	chr	pos	p	nSNPs	nGWASSNPs
1	1	1:207750568:C:T	rs679515	1	207750568	1.555e-16	24	21
2	1	1:207850539:C:T	rs11118328	1	207850539	6.326e-12	2	1
3	2	2:127826533:A:G	rs1060743	2	127826533	1.294e-08	1	1
4	2	2:127865132:C:CGCCCGGT	chr2:127865132:D	2	127865132	6.423e-14	18	15
5	2	2:127882182:C:T	rs35103166	2	127882182	7.311e-09	4	4
6	2	2:127885651:A:G	rs719054	2	127885651	4.638e-14	10	7
7	2	2:127886546:A:AAAG	chr2:127886546:D	2	127886546	2.801e-15	7	6
8	2	2:127888757:A:C	rs11680911	2	127888757	1.416e-20	10	7
9	2	2:127889932:A:G	rs6710467	2	127889932	8.955e-12	27	26
10	2	2:127892810:C:T	rs6733839	2	127892810	4.022e-28	4	4
11	2	2:127893897:C:G	rs745717	2	127893897	6.034e-13	1	1
12	3	6:41034000:C:G	rs114812713	6	41034000	4.467e-12	2	2
13	4	6:47391480:C:T	rs7745848	6	47391480	4.209e-08	1	1
14	4	6:47595155:A:T	rs1385742	6	47595155	2.232e-08	97	85
15	5	7:143109139:C:T	rs11767557	7	143109139	1.561e-08	7	7
16	6	8:27219987:C:T	rs73223431	8	27219987	8.342e-10	15	13
17	6	8:27463618:C:T	rs9331908	8	27463618	5.525e-10	3	3
18	6	8:27468503:A:C	rs867230	8	27468503	3.492e-17	11	11
19	7	10:11721057:A:T	rs12416487	10	11721057	3.417e-08	6	5
20	8	11:47312689:A:G	rs11039165	11	47312689	1.497e-08	22	22
21	8	11:47359706:A:C	rs11570094	11	47359706	3.673e-09	35	30
22	8	11:47378245:C:T	rs3824869	11	47378245	5.532e-09	61	56
23	8	11:47380340:G:T	rs3740688	11	47380340	9.702e-11	2	1
24	8	11:47391745:A:G	rs67472071	11	47391745	1.136e-10	208	188
25	9	11:59854269:T:TTGC	chr11:59854269:D	11	59854269	7.663e-10	34	32
26	9	11:59932024:A:AC	chr11:59932024:I	11	59932024	1.449e-14	200	186
27	9	11:59988906:A:G	rs657928	11	59988906	2.959e-08	53	47
28	9	11:60007573:C:G	rs1834554	11	60007573	4.507e-09	2	2
29	9	11:60021948:A:G	rs1582763	11	60021948	1.186e-16	153	140
30	9	11:60045677:C:T	rs2044982	11	60045677	4.124e-09	4	4
31	9	11:60096240:A:AAG	chr11:60096240:D	11	60096240	3.476e-08	156	150
32	9	11:60103385:C:T	rs72924659	11	60103385	1.417e-14	11	11
33	10	11:85654002:C:CA	chr11:85654002:I	11	85654002	3.968e-08	69	62
34	10	11:85845473:A:G	rs7938634	11	85845473	1.288e-09	17	15
35	10	11:85858887:A:G	rs10751134	11	85858887	2.393e-10	30	24
36	10	11:85868640:C:T	rs3851179	11	85868640	5.809e-16	63	55
37	11	11:121435587:C:T	rs11218343	11	121435587	2.633e-08	3	1
38	12	14:92938855:A:G	rs12590654	14	92938855	8.729e-09	1	1
39	13	19:1039444:C:T	rs3795065	19	1039444	1.628e-08	4	4
40	13	19:1040046:A:G	rs3764642	19	1040046	7.445e-09	4	4
41	13	19:1047078:A:G	rs4147910	19	1047078	9.272e-09	7	7
42	13	19:1050874:A:G	rs12151021	19	1050874	2.562e-10	1	1
43	13	19:1056492:C:G	rs3752246	19	1056492	6.621e-10	4	4
44	14	19:45061761:A:G	rs62118204	19	45061761	4.903e-09	9	9
45	14	19:45078553:A:C	rs846881	19	45078553	7.072e-11	3	3
46	14	19:45080065:C:G	rs846876	19	45080065	1.35e-12	6	5
47	14	19:45129089:C:T	rs112027066	19	45129089	1.837e-11	1	1
48	14	19:45143942:A:C	rs7260482	19	45143942	4.655e-12	33	30
49	14	19:45165912:A:C	rs714948	19	45165912	1.351e-16	2	2
50	14	19:45176557:A:G	rs142034848	19	45176557	2.166e-37	1	1
51	14	19:45186965:C:G	rs2289494	19	45186965	4.07e-09	4	4
52	14	19:45195744:C:CG	chr19:45195744:I	19	45195744	1.132e-10	8	8
53	14	19:45196964:A:G	rs151330717	19	45196964	4.04e-08	1	1
54	14	19:45199524:C:T	rs73035597	19	45199524	7.266e-09	1	1
55	14	19:45215081:A:G	rs111278137	19	45215081	3.197e-11	1	1
56	14	19:45220896:C:T	rs11881756	19	45220896	6.806e-11	12	11
57	14	19:45221767:C:T	rs79638902	19	45221767	1.315e-14	23	22
58	14	19:45222789:C:G	rs73037426	19	45222789	8.796e-18	1	1
59	14	19:45227742:C:T	rs7254776	19	45227742	2.464e-19	6	6
60	14	19:45228502:A:C	rs10422350	19	45228502	1.092e-10	20	18
61	14	19:45232161:A:G	rs62117160	19	45232161	1.697e-15	2	2
62	14	19:45233503:G:T	rs186110295	19	45233503	7.093e-15	3	3
63	14	19:45234124:A:G	rs8108110	19	45234124	9.662e-09	8	7
64	14	19:45241248:C:CA	chr19:45241248:I	19	45241248	2.306e-12	1	1
65	14	19:45241638:A:G	rs2927437	19	45241638	3.729e-37	6	5
66	14	19:45249661:C:T	rs12459810	19	45249661	7.499e-34	1	1
67	14	19:45252439:A:T	rs7257231	19	45252439	9.841e-20	26	24
68	14	19:45253542:C:CTTTG	chr19:45253542:I	19	45253542	8.955e-40	9	9
69	14	19:45253611:A:ATTGGC	chr19:45253611:D	19	45253611	2.417e-10	2	2
70	14	19:45254168:A:C	rs8103315	19	45254168	7.361e-35	2	2
71	14	19:45255679:C:G	rs62117206	19	45255679	3.942e-13	12	11
72	14	19:45265003:C:T	rs145414981	19	45265003	3.691e-08	23	22
73	14	19:45276590:G:GTTA	chr19:45276590:D	19	45276590	3.669e-17	1	1
74	14	19:45284266:A:C	rs35106910	19	45284266	9.839e-09	17	16
75	14	19:45296364:A:G	rs112450640	19	45296364	2.149e-19	5	5
76	14	19:45297928:A:G	rs2889414	19	45297928	7.894e-16	1	1
77	14	19:45301426:C:CCTG	chr19:45301426:I	19	45301426	1.28e-15	1	1
78	14	19:45302504:A:G	rs148933445	19	45302504	4.33e-19	2	1
79	14	19:45302951:A:G	rs2967668	19	45302951	5.811e-32	14	13
80	14	19:45303122:A:AAAAG	chr19:45303122:D	19	45303122	2.044e-18	5	5
81	14	19:45304028:C:T	rs139246905	19	45304028	3.034e-10	30	29
82	14	19:45311084:A:G	rs140824606	19	45311084	1.033e-29	2	2
83	14	19:45311144:A:C	rs73048258	19	45311144	5.315e-14	1	1
84	14	19:45311305:T:TAAC	chr19:45311305:D	19	45311305	9.896e-27	16	13
85	14	19:45314324:C:T	rs28399607	19	45314324	3.499e-08	1	1
86	14	19:45322744:A:G	rs1135062	19	45322744	3.464e-16	1	1
87	14	19:45323170:C:CCATCCCCAACTCATCCT	chr19:45323170:D	19	45323170	1.636e-40	1	1
88	14	19:45323243:A:G	rs28399635	19	45323243	7.942e-09	1	1
89	14	19:45324138:A:G	rs28399637	19	45324138	2.09e-120	1	1
90	14	19:45324756:C:G	rs28399664	19	45324756	1.21e-158	2	2
91	14	19:45329438:A:G	rs78986976	19	45329438	1.045e-10	1	1
92	14	19:45331103:A:G	rs7343130	19	45331103	4.286e-10	1	1
93	14	19:45331725:C:T	rs4802238	19	45331725	1.548e-78	29	26
94	14	19:45334013:C:G	rs2972555	19	45334013	4.759e-14	10	9
95	14	19:45335676:A:G	rs56394238	19	45335676	9.851e-38	2	1
96	14	19:45341948:A:G	rs10407439	19	45341948	2.886e-37	10	10
97	14	19:45343579:A:G	rs55840414	19	45343579	3.476e-20	1	1
98	14	19:45345787:A:T	rs111371860	19	45345787	4.916e-27	1	1
99	14	19:45349177:C:G	rs77241309	19	45349177	1.593e-08	1	1
100	14	19:45351937:C:T	rs1871046	19	45351937	7.736e-31	20	17
101	14	19:45352487:A:T	rs12974942	19	45352487	1.689e-43	3	3
102	14	19:45354044:G:T	rs57537848	19	45354044	2.106e-42	2	2
103	14	19:45354238:C:G	rs2972566	19	45354238	3.759e-17	7	7
104	14	19:45355288:C:T	rs149661872	19	45355288	2.164e-38	6	6
105	14	19:45356141:C:T	rs2972558	19	45356141	1.248e-28	1	1
106	14	19:45356752:C:CT	chr19:45356752:I	19	45356752	3.27e-95	12	10
107	14	19:45358181:A:G	rs71364511	19	45358181	3.939e-13	7	7
108	14	19:45358235:C:T	rs7249933	19	45358235	1.403e-11	12	12
109	14	19:45358353:C:T	rs10410835	19	45358353	1.406e-55	2	2
110	14	19:45361646:A:G	rs365653	19	45361646	3.189e-37	4	2
111	14	19:45363820:G:T	rs138607350	19	45363820	4.8e-55	1	1
112	14	19:45367972:C:G	rs3112439	19	45367972	1.716e-35	10	10
113	14	19:45369203:A:G	rs112422902	19	45369203	1.067e-36	5	5
114	14	19:45371685:A:AT	chr19:45371685:I	19	45371685	6.764e-22	12	8
115	14	19:45372866:A:AG	chr19:45372866:D	19	45372866	5.102e-68	3	2
116	14	19:45376044:G:GTATTTAT	chr19:45376044:D	19	45376044	2.517e-21	1	1
117	14	19:45377334:A:G	rs393584	19	45377334	2.267e-16	8	8
118	14	19:45377842:C:G	rs41290108	19	45377842	1.706e-09	3	3
119	14	19:45381292:G:T	rs150639620	19	45381292	3.756e-14	6	5
120	14	19:45382034:A:G	rs6859	19	45382034	1.07e-100	2	2
121	14	19:45382675:A:G	rs41290120	19	45382675	5.197e-51	2	2
122	14	19:45383037:A:T	rs11673139	19	45383037	1.002e-23	6	5
123	14	19:45383061:G:T	rs3852861	19	45383061	1.183e-50	2	2
124	14	19:45384116:A:G	rs406315	19	45384116	9.369e-46	43	40
125	14	19:45385356:A:C	rs144261139	19	45385356	7.228e-48	2	2
126	14	19:45387034:A:C	rs283808	19	45387034	1.174e-12	6	6
127	14	19:45388241:G:T	rs283810	19	45388241	7.217e-20	2	2
128	14	19:45389224:A:G	rs283814	19	45389224	5.328e-23	1	1
129	14	19:45394211:C:T	rs76692773	19	45394211	1.705e-23	3	3
130	14	19:45395266:A:G	rs157580	19	45395266	4.8e-152	2	2
131	14	19:45395816:A:G	rs73936968	19	45395816	1.382e-08	1	1
132	14	19:45395844:A:G	rs34095326	19	45395844	0	9	9
133	14	19:45396973:A:G	rs77301115	19	45396973	2.25e-109	16	15
134	14	19:45398633:C:G	rs11668327	19	45398633	2.652e-76	1	1
135	14	19:45402718:C:G	rs35568738	19	45402718	1.692e-21	2	2
136	14	19:45404691:A:G	rs405697	19	45404691	1.708e-71	1	1
137	14	19:45406538:C:CG	chr19:45406538:I	19	45406538	1.06e-153	19	19
138	14	19:45408564:A:T	rs449647	19	45408564	5.881e-48	1	1
139	14	19:45408628:C:T	rs769446	19	45408628	2.132e-09	1	1
140	14	19:45412079:C:T	rs7412	19	45412079	6.401e-53	4	3
141	14	19:45414392:G:T	rs72654472	19	45414392	2.353e-11	3	3
142	14	19:45415935:G:T	rs7256200	19	45415935	0	12	12
143	14	19:45416099:A:G	rs72654437	19	45416099	2.283e-09	1	1
144	14	19:45416291:C:T	rs59325138	19	45416291	8.32e-98	7	7
145	14	19:45417200:A:G	rs72654445	19	45417200	2.27e-11	2	2
146	14	19:45418486:A:G	rs12691088	19	45418486	2.69e-238	4	4
147	14	19:45421100:A:G	rs3925681	19	45421100	2.61e-125	6	6
148	14	19:45422561:G:T	rs1064725	19	45422561	1.808e-12	2	2
149	14	19:45423944:C:T	rs144311893	19	45423944	7.597e-23	1	1
150	14	19:45424351:A:T	rs814573	19	45424351	0	9	5
151	14	19:45425460:A:G	rs157595	19	45425460	2.43e-143	7	6
152	14	19:45427136:C:T	rs139136389	19	45427136	6.428e-09	1	1
153	14	19:45429543:C:T	rs71352239	19	45429543	2.2e-68	6	6
154	14	19:45429708:C:G	rs60049679	19	45429708	5.75e-95	1	1
155	14	19:45432505:A:AT	chr19:45432505:I	19	45432505	7.563e-29	3	2
156	14	19:45438554:C:T	rs7254133	19	45438554	4.236e-33	1	1
157	14	19:45440529:A:G	rs73045691	19	45440529	1.451e-19	56	53
158	14	19:45445517:A:G	rs79429216	19	45445517	4.666e-13	5	5
159	14	19:45447221:A:G	rs12721109	19	45447221	1.32e-14	2	2
160	14	19:45448036:C:T	rs1132899	19	45448036	5.012e-15	74	62
161	14	19:45458212:A:G	rs117316645	19	45458212	8.946e-15	33	29
162	14	19:45458463:A:G	rs8102895	19	45458463	5.866e-14	1	1
163	14	19:45458466:A:G	rs143674704	19	45458466	1.226e-10	2	2
164	14	19:45461007:A:G	rs75178253	19	45461007	5.009e-12	2	2
165	14	19:45469129:A:G	rs145639166	19	45469129	8.371e-14	1	1
166	14	19:45470913:C:T	rs10775543	19	45470913	1.974e-08	6	6
167	14	19:45491032:C:T	rs117261169	19	45491032	6.021e-09	1	1
168	14	19:45500712:C:T	rs2376866	19	45500712	9.558e-18	5	3
169	14	19:45505177:A:C	rs35194062	19	45505177	2.384e-14	1	1
170	14	19:45514472:A:G	rs28809016	19	45514472	2.322e-09	5	5
171	14	19:45516050:C:T	rs35194383	19	45516050	1.667e-10	13	9
172	14	19:45516713:T:TAC	chr19:45516713:I	19	45516713	1.041e-25	4	4
173	14	19:45523061:C:G	rs112380717	19	45523061	6.979e-18	1	1
174	14	19:45524679:A:G	rs62117224	19	45524679	3.657e-21	2	1
175	14	19:45525038:A:G	rs142380271	19	45525038	1.018e-10	1	1
176	14	19:45527568:C:T	rs1971786	19	45527568	5.11e-09	5	2
177	14	19:45530351:C:T	rs34583389	19	45530351	2.209e-14	2	1
178	14	19:45531618:G:GT	chr19:45531618:D	19	45531618	2.352e-08	2	2
179	14	19:45544351:C:T	rs1968449	19	45544351	1.809e-08	29	27
180	14	19:45549135:A:G	rs112481437	19	45549135	3.568e-23	1	1
181	14	19:45552587:C:T	rs147188206	19	45552587	1.557e-17	2	2
182	14	19:45557743:A:G	rs7259034	19	45557743	2.266e-11	1	1
183	14	19:45574482:C:G	rs139995984	19	45574482	1.192e-09	1	1
184	14	19:45584692:C:T	rs8100183	19	45584692	4.521e-10	2	2
185	14	19:45605308:C:T	rs12461065	19	45605308	7.589e-14	1	1
186	14	19:45631816:A:G	rs17643262	19	45631816	3.325e-24	32	31
187	14	19:45638832:C:G	rs75463276	19	45638832	4.672e-11	1	1
188	14	19:45675180:A:G	rs150685845	19	45675180	6.621e-18	6	5
189	14	19:45690889:C:T	rs12460985	19	45690889	2.995e-08	8	7
190	14	19:45699187:A:G	rs117783785	19	45699187	3.47e-08	1	1
191	14	19:45702938:C:CTTCTCTTCTG	chr19:45702938:D	19	45702938	8.203e-15	2	2
192	14	19:45705580:A:T	rs2627642	19	45705580	2.561e-08	1	1
193	14	19:45706952:A:G	rs620807	19	45706952	1.499e-08	2	1
194	14	19:45707917:G:T	rs582747	19	45707917	2.814e-12	19	17
195	14	19:45712970:C:T	rs182645183	19	45712970	8.061e-12	18	18
196	14	19:45713116:A:C	rs183110257	19	45713116	9.474e-10	14	14
197	14	19:45716192:C:G	rs11667509	19	45716192	9.043e-12	13	12
198	14	19:45733201:C:T	rs346773	19	45733201	1.293e-14	5	5
199	14	19:45734195:A:T	rs185904773	19	45734195	1.224e-09	66	64
200	14	19:45734751:A:G	rs62118504	19	45734751	1.056e-11	2	2
201	14	19:45818117:A:G	rs144645090	19	45818117	9.04e-12	1	1
