SNP	CHR	POS	P	Effect	StdErr	Freq	MAF	N_cases	N_controls	proportion_cases	A1	A2	leadSNP	ABF.Credible_Set	ABF.PP	SUSIE.Credible_Set	SUSIE.PP	POLYFUN_SUSIE.Credible_Set	POLYFUN_SUSIE.PP	FINEMAP.Credible_Set	FINEMAP.PP
rs2597754	4	17484602	0.4362	-0.0087	0.0112	0.7172	0.2828	47884	1410038	0.032844006743845	T	G	FALSE	0	3.20289880191853e-10	0	0	0	0	0	3.60456e-29
rs2597756	4	17485081	0.716	-0.0038	0.0105	0.6449	0.3551	49053	1411006	0.0335965875351613	T	C	FALSE	0	2.37324861504032e-10	0	0	0	0	0	1.83521e-29
rs2597757	4	17485097	0.7778	-0.003	0.0105	0.654	0.346	49053	1411006	0.0335965875351613	T	C	FALSE	0	2.31557109746805e-10	0	0	0	0	0	1.9053e-29
rs2597758	4	17485481	0.7683	-0.0031	0.0105	0.654	0.346	49053	1411006	0.0335965875351613	T	C	FALSE	0	2.32196819828464e-10	0	0	0	0	0	1.89941e-29
rs2597759	4	17485644	0.7633	-0.0032	0.0106	0.6551	0.3449	49053	1411006	0.0335965875351613	T	C	FALSE	0	2.34865972141973e-10	0	0	0	0	0	1.89585e-29
rs2597760	4	17485749	0.669	-0.0045	0.0106	0.6594	0.3406	49053	1411006	0.0335965875351613	A	T	FALSE	0	2.45533788087046e-10	0	0	0	0	0	1.84873e-29
rs2597761	4	17485830	0.6417	-0.005	0.0107	0.6608	0.3392	49053	1411006	0.0335965875351613	T	C	FALSE	0	2.52599761927639e-10	0	0	0	0	0	1.83959e-29
rs2597764	4	17486739	0.3637	0.0101	0.0111	0.2834	0.2834	49053	1411006	0.0335965875351613	C	G	FALSE	0	3.55038962498378e-10	0	0	0	0	0	2.18558e-29
rs2597765	4	17487028	0.7475	0.0034	0.0106	0.3425	0.3425	49053	1411006	0.0335965875351613	A	C	FALSE	0	2.36245741982139e-10	0	0	0	0	0	2.87026e-29
rs2597766	4	17487183	0.7849	-0.0029	0.0106	0.656	0.344	49053	1411006	0.0335965875351613	A	G	FALSE	0	2.32966429463774e-10	0	0	0	0	0	1.95872e-29
rs2597767	4	17489003	0.376	-0.0096	0.0109	0.6944	0.3056	49053	1411006	0.0335965875351613	T	C	FALSE	0	3.39712880515287e-10	0	0	0	0	0	1.08101e-28
rs2597768	4	17489361	0.6125	-0.0054	0.0107	0.6771	0.3229	49053	1411006	0.0335965875351613	A	G	FALSE	0	2.57217477083049e-10	0	0	0	0	0	1.97719e-29
rs2597770	4	17489695	0.6153	0.0054	0.0107	0.3229	0.3229	49053	1411006	0.0335965875351613	C	G	FALSE	0	2.57217477083049e-10	0	0	0	0	0	2.25455e-29
rs2597771	4	17491370	0.5942	0.0057	0.0107	0.3226	0.3226	49053	1411006	0.0335965875351613	A	G	FALSE	0	2.60974627516172e-10	0	0	0	0	0	2.29859e-29
rs2597773	4	17498167	0.4472	-0.0081	0.0107	0.6674	0.3326	49053	1411006	0.0335965875351613	T	G	FALSE	0	3.01464367470974e-10	0	0	0	0	0	2.79865e-25
rs2597774	4	17498263	0.3574	-0.0101	0.0109	0.6933	0.3067	49053	1411006	0.0335965875351613	T	G	FALSE	0	3.54047388881047e-10	0	0	0	0	0	1.38569e-28
rs2597775	4	17503382	0.4677	0.0078	0.0107	0.3338	0.3338	49053	1411006	0.0335965875351613	T	C	FALSE	0	2.95266921582948e-10	0	0	0	0	0	1.20001e-27
rs2597776	4	17503544	0.8113	0.0033	0.014	0.3061	0.3061	35345	1315724	0.0261607660304544	T	C	FALSE	0	3.04411936185213e-10	0	0	0	0	0	2.63989e-29
rs2597777	4	17506454	0.3812	-0.0094	0.0107	0.6628	0.3372	49053	1411006	0.0335965875351613	C	G	FALSE	0	3.32859978636654e-10	0	0	0	0	0	6.85934e-25
rs2597778	4	17508754	0.5598	-0.0064	0.0109	0.6791	0.3209	49053	1411006	0.0335965875351613	T	C	FALSE	0	2.74038557739857e-10	0	0	0	0	0	3.4627e-29
rs2597779	4	17509816	0.4373	-0.0086	0.0111	0.6931	0.3069	49053	1411006	0.0335965875351613	T	C	FALSE	0	3.16950952842094e-10	0	0	0	0	0	1.31033e-28
rs2597781	4	17514247	0.3698	0.0099	0.0111	0.6649	0.3351	49053	1411006	0.0335965875351613	T	C	FALSE	0	3.49339746646432e-10	0	0	0	0	0	1.86513e-27
rs2597782	4	17514277	0.8455	0.0036	0.0182	0.0906	0.0906	56306	1417791	0.0381969436203995	T	G	FALSE	0	3.91828287919562e-10	0	0	0	0	0	5.28354e-28
rs2597783	4	17516691	0.7069	0.004	0.0108	0.6683	0.3317	35345	1315724	0.0261607660304544	T	C	FALSE	0	2.44839113857924e-10	0	0	0	0	0	2.22717e-29
rs2597786	4	17522948	0.4938	-0.0072	0.0106	0.3356	0.3356	49580	1411478	0.0339343133537478	T	C	FALSE	0	2.82482255505568e-10	0	0	0	0	0	1.85705e-29
rs2597788	4	17525739	0.7135	0.0095	0.0258	0.0385	0.0385	56306	1417791	0.0381969436203995	A	T	FALSE	0	5.7994198822281e-10	0	0	0	0	0	9.70752e-29
rs2597789	4	17525753	0.7184	0.0086	0.0239	0.0413	0.0413	56306	1417791	0.0381969436203995	A	C	FALSE	0	5.36325089829548e-10	0	0	0	0	0	9.59857e-29
rs2597790	4	17526251	0.7163	0.0087	0.0239	0.0414	0.0414	56306	1417791	0.0381969436203995	A	G	FALSE	0	5.37126425903232e-10	0	0	0	0	0	9.64172e-29
rs2597791	4	17528463	0.6438	0.0134	0.0291	0.0412	0.0412	42598	1322509	0.0312048799105125	A	G	FALSE	0	6.77365063270596e-10	0	0	0	0	0	1.15027e-28
rs2597792	4	17528570	0.6181	0.0119	0.0238	0.0414	0.0414	56306	1417791	0.0381969436203995	C	G	FALSE	0	5.66814852367739e-10	0	0	0	0	0	1.24419e-28
rs2597793	4	17443458	0.02425	0.037	0.0164	0.1025	0.1025	49053	1411006	0.0335965875351613	A	G	FALSE	0	4.34179814109002e-09	0	0	0	0	0	1.18464e-28
rs2597794	4	17536489	0.8799	-0.0015	0.01	0.523	0.477	49580	1411478	0.0339343133537478	A	C	FALSE	0	2.1415112809755e-10	0	0	0	0	0	1.33905e-24
rs2597795	4	17536129	0.4569	-0.0176	0.0236	0.9575	0.0425	56306	1417791	0.0381969436203995	A	G	FALSE	0	6.53745606272625e-10	0	0	0	0	0	2.27759e-29
rs2597796	4	17535860	0.454	0.0181	0.0242	0.0418	0.0418	56306	1417791	0.0381969436203995	T	C	FALSE	0	6.71071100598251e-10	0	0	0	0	0	2.04051e-28
rs2597798	4	17535717	0.4602	-0.0174	0.0236	0.9575	0.0425	56306	1417791	0.0381969436203995	A	G	FALSE	0	6.4970634193736e-10	0	0	0	0	0	2.29102e-29
rs2597799	4	17535437	0.4592	0.0175	0.0236	0.0425	0.0425	56306	1417791	0.0381969436203995	A	C	FALSE	0	6.51717074437831e-10	0	0	0	0	0	2.01008e-28
rs2597800	4	17534254	0.4617	0.0174	0.0236	0.0424	0.0424	56306	1417791	0.0381969436203995	A	C	FALSE	0	6.4970634193736e-10	0	0	0	0	0	1.99707e-28
rs2597801	4	17434381	0.01943	-0.0537	0.023	0.9513	0.0487	49053	1411006	0.0335965875351613	A	G	FALSE	0	7.13721348464329e-09	0	0	0	0	0	1.0171e-26
rs2597805	4	17424930	0.6089	-0.0057	0.0111	0.68	0.32	49053	1411006	0.0335965875351613	T	C	FALSE	0	2.67996497301873e-10	0	0	0	0	0	1.25408e-28
rs2597806	4	17426201	0.01862	0.0541	0.023	0.0489	0.0489	49053	1411006	0.0335965875351613	T	G	FALSE	0	7.43015418963921e-09	0	0	0	0	0	4.06018e-29
rs2597807	4	17430448	0.964	-5e-04	0.012	0.231	0.231	49053	1411006	0.0335965875351613	T	G	FALSE	0	2.54194112503815e-10	0	0	0	0	0	4.39332e-26
rs2597810	4	17453405	0.7861	-0.0033	0.0122	0.7711	0.2289	49053	1411006	0.0335965875351613	T	C	FALSE	0	2.67775666829353e-10	0	0	0	0	0	1.8644e-25
rs2597813	4	17462675	0.3591	-0.0106	0.0116	0.4219	0.4219	49053	1411006	0.0335965875351613	A	G	FALSE	0	3.72247301198236e-10	0	0	0	0	0	1.10684e-27
rs2597815	4	17468540	0.9699	-4e-04	0.0105	0.3534	0.3534	49053	1411006	0.0335965875351613	A	G	FALSE	0	2.22481962476003e-10	0	0	0	0	0	2.22604e-29
rs2597816	4	17468564	0.9709	-4e-04	0.0105	0.3534	0.3534	49053	1411006	0.0335965875351613	A	G	FALSE	0	2.22481962476003e-10	0	0	0	0	0	2.22406e-29
rs2597818	4	17469646	0.9407	-8e-04	0.0105	0.3521	0.3521	49053	1411006	0.0335965875351613	T	G	FALSE	0	2.2296547036021e-10	0	0	0	0	0	2.17551e-29
rs2597819	4	17469829	0.07575	0.0179	0.0101	0.4606	0.4606	49053	1411006	0.0335965875351613	A	G	FALSE	0	1.02441156610863e-09	0	0	0	0	0	2.47715e-27
rs2601562	4	18949769	0.1652	-0.0317	0.0228	0.0538	0.0538	49053	1411006	0.0335965875351613	A	G	FALSE	0	1.24708683377989e-09	0	0	0	0	0	3.9741e-28
rs2601563	4	18949691	0.1221	0.0358	0.0231	0.9469	0.0531	49053	1411006	0.0335965875351613	A	G	FALSE	0	1.59150421425581e-09	0	0	0	0	0	2.08412e-29
rs2601571	4	18954257	0.1503	0.0325	0.0226	0.946	0.0540000000000001	49053	1411006	0.0335965875351613	T	G	FALSE	0	1.32172224170376e-09	0	0	0	0	0	1.93192e-29
rs2601573	4	18954655	0.1612	0.0316	0.0226	0.9461	0.0539	49053	1411006	0.0335965875351613	T	C	FALSE	0	1.25003678963392e-09	0	0	0	0	0	1.90495e-29
rs2601574	4	18956191	0.1507	0.0327	0.0227	0.9464	0.0536	49053	1411006	0.0335965875351613	A	G	FALSE	0	1.33202224648842e-09	0	0	0	0	0	1.93509e-29
rs2601575	4	18958554	0.1528	-0.0322	0.0225	0.0541	0.0541	49053	1411006	0.0335965875351613	A	T	FALSE	0	1.30321720054908e-09	0	0	0	0	0	6.27687e-28
rs2601576	4	18958710	0.1554	0.032	0.0225	0.946	0.0540000000000001	49053	1411006	0.0335965875351613	A	G	FALSE	0	1.28699879135978e-09	0	0	0	0	0	1.92823e-29
rs2601578	4	18962782	0.1441	0.0329	0.0225	0.9458	0.0542	49053	1411006	0.0335965875351613	T	C	FALSE	0	1.36244499833009e-09	0	0	0	0	0	1.96696e-29
rs2601580	4	18965072	0.1446	0.0329	0.0226	0.9459	0.0541	49053	1411006	0.0335965875351613	T	G	FALSE	0	1.35556946322716e-09	0	0	0	0	0	2.01334e-29
rs2601581	4	18968796	0.08392	-0.0405	0.0234	0.0518	0.0518	49053	1411006	0.0335965875351613	T	G	FALSE	0	2.15946576131434e-09	0	0	0	0	0	8.95168e-28
rs2601595	4	18949965	0.1459	0.0332	0.0228	0.946	0.0540000000000001	49053	1411006	0.0335965875351613	A	C	FALSE	0	1.36785472024429e-09	0	0	0	0	0	1.94364e-29
rs2610986	4	18037231	0.4417	0.0088	0.0115	0.6668	0.3332	37688	981372	0.0369831020744608	T	C	FALSE	0	3.25914158390054e-10	0	0	0	0	0	3.08205e-10
rs2610989	4	18022834	0.647	0.0061	0.0134	0.2612	0.2612	42598	1322509	0.0312048799105125	T	C	FALSE	0	3.14281772405569e-10	0	0	0	0	0	0
rs2610990	4	18008232	0.2546	0.0123	0.0108	0.2617	0.2617	56306	1417791	0.0381969436203995	A	G	FALSE	0	4.3653211815421e-10	0	0	0	0	0	0
rs2616459	4	18526194	0.5444	0.0074	0.0122	0.7778	0.2222	49053	1411006	0.0335965875351613	T	G	FALSE	0	3.10125248050567e-10	0	0	0	0	0	2.03463e-29
rs2616460	4	18526424	0.5164	-0.0079	0.0121	0.2227	0.2227	49053	1411006	0.0335965875351613	A	G	FALSE	0	3.16669648248056e-10	0	0	0	0	0	8.25963e-29
rs2616463	4	18532056	0.05892	-0.0802	0.0425	0.0263	0.0263	49053	1411006	0.0335965875351613	A	G	FALSE	0	4.84214449121988e-09	0	0	0	0	0	2.07012e-28
rs2616465	4	18577317	0.06647	-0.074	0.0403	0.0226	0.0226	49053	1411006	0.0335965875351613	T	C	FALSE	0	4.23298617037166e-09	0	0	0	0	0	1.13157e-28
rs2616467	4	18604573	0.7822	-0.0033	0.0118	0.7669	0.2331	50455	1411925	0.0345019762305283	A	G	FALSE	0	2.59681249907448e-10	0	0	0	0	0	1.88324e-29
rs2616468	4	18508941	0.1918	-0.0272	0.0208	0.0666	0.0666	47884	1410038	0.032844006743845	C	G	FALSE	0	1.02206251650975e-09	0	0	0	0	0	5.03096e-25
rs2616469	4	18508319	0.1205	0.0159	0.0103	0.5944	0.4056	49053	1411006	0.0335965875351613	A	G	FALSE	0	7.15713174736519e-10	0	0	0	0	0	7.96948e-29
rs2616471	4	18501902	0.09272	0.0173	0.0103	0.6095	0.3905	49053	1411006	0.0335965875351613	T	C	FALSE	0	8.90478820770903e-10	0	0	0	0	0	6.58712e-29
rs2643439	4	18511571	0.933	-0.0057	0.0677	0.9879	0.0121	15172	877844	0.0169896172073065	A	T	FALSE	0	1.36396303987565e-09	0	0	0	0	0	8.10344e-15
rs2643441	4	18509574	0.1341	0.0205	0.0137	0.6208	0.3792	35345	1315724	0.0261607660304544	A	T	FALSE	0	8.83138628107649e-10	0	0	0	0	0	8.5525e-29
rs2643443	4	18504645	0.09578	0.0171	0.0103	0.6103	0.3897	49053	1411006	0.0335965875351613	T	G	FALSE	0	8.6214182919427e-10	0	0	0	0	0	6.79914e-29
rs2643444	4	18503477	0.07932	-0.0181	0.0103	0.3892	0.3892	49053	1411006	0.0335965875351613	T	G	FALSE	0	1.01726998833107e-09	0	0	0	0	0	1.0976e-23
rs2658111	4	18502436	0.0927	0.0173	0.0103	0.6094	0.3906	49053	1411006	0.0335965875351613	A	G	FALSE	0	8.90478820770903e-10	0	0	0	0	0	6.58934e-29
rs2658113	4	18498478	0.09515	0.0172	0.0103	0.6092	0.3908	49053	1411006	0.0335965875351613	A	G	FALSE	0	8.76154592141175e-10	0	0	0	0	0	6.69367e-29
rs2658114	4	18492668	0.09774	0.0171	0.0103	0.6079	0.3921	49053	1411006	0.0335965875351613	T	C	FALSE	0	8.6214182919427e-10	0	0	0	0	0	6.80381e-29
rs2658119	4	18487049	0.2437	-0.0123	0.0106	0.3523	0.3523	49053	1411006	0.0335965875351613	T	C	FALSE	0	4.39187673147709e-10	0	0	0	0	0	1.51212e-25
rs2658125	4	18534537	0.3039	-0.0283	0.0276	0.0391	0.0391	49053	1411006	0.0335965875351613	T	C	FALSE	0	9.71038955536622e-10	0	0	0	0	0	3.76831e-29
rs2658750	4	17933670	0.3079	-0.0109	0.0107	0.7339	0.2661	56306	1417791	0.0381969436203995	C	G	FALSE	0	3.80057829748945e-10	0	0	0	0	1	1
rs2658751	4	17941563	0.0001795	0.0355	0.0095	0.5734	0.4266	56306	1417791	0.0381969436203995	A	T	FALSE	0	2.13323509412232e-07	0	0	0	0	0	0
rs2658752	4	17946337	0.03693	-0.0687	0.0329	0.9595	0.0405	56306	1417791	0.0381969436203995	A	C	FALSE	0	5.75014666020355e-09	0	0	0	0	0	1.14099e-27
rs2660964	4	17952209	0.5867	0.0141	0.0259	0.0681	0.0681	49580	1411478	0.0339343133537478	A	G	FALSE	0	6.3004619119684e-10	0	0	0	0	0	2.23093e-29
rs2697681	4	17440698	0.9856	2e-04	0.012	0.7704	0.2296	49053	1411006	0.0335965875351613	T	G	FALSE	0	2.54009494571443e-10	0	0	0	0	0	3.34194e-26
rs2697682	4	17443855	0.02555	0.0365	0.0164	0.1028	0.1028	49053	1411006	0.0335965875351613	A	G	FALSE	0	4.05692857307384e-09	0	0	0	0	0	1.1909e-28
rs2697684	4	17435958	0.9631	-5e-04	0.0119	0.2321	0.2321	49053	1411006	0.0335965875351613	T	C	FALSE	0	2.52087025439006e-10	0	0	0	0	0	4.33747e-26
rs2697685	4	17470475	0.8533	0.0019	0.0103	0.5599	0.4401	49053	1411006	0.0335965875351613	T	C	FALSE	0	2.21830094791259e-10	0	0	0	0	0	5.02421e-29
rs2697686	4	17469219	0.9792	3e-04	0.0107	0.6486	0.3514	47884	1410038	0.032844006743845	C	G	FALSE	0	2.26632544711487e-10	0	0	0	0	0	2.33503e-29
rs2697688	4	17479467	0.6365	0.0053	0.0111	0.2871	0.2871	49053	1411006	0.0335965875351613	A	G	FALSE	0	2.63268137817282e-10	0	0	0	0	0	1.98355e-29
rs2697689	4	17481900	0.447	0.0085	0.0111	0.2835	0.2835	49053	1411006	0.0335965875351613	A	G	FALSE	0	3.14765833470188e-10	0	0	0	0	0	2.0165e-29
rs2697690	4	17454157	0.1975	0.0169	0.0131	0.5751	0.4249	35345	1315724	0.0261607660304544	T	G	FALSE	0	6.34722991558786e-10	0	0	0	0	0	2.03929e-29
rs2697694	4	17450438	0.4114	0.0084	0.0102	0.5804	0.4196	49053	1411006	0.0335965875351613	T	C	FALSE	0	3.02909147290636e-10	0	0	0	0	0	3.29268e-29
rs2697695	4	17449199	0.351	-0.0095	0.0102	0.4235	0.4235	49053	1411006	0.0335965875351613	T	C	FALSE	0	3.32890796129393e-10	0	0	0	0	0	8.7429e-28
rs2697696	4	17448293	0.6331	-0.0048	0.01	0.4779	0.4779	49053	1411006	0.0335965875351613	T	C	FALSE	0	2.37548721336741e-10	0	0	0	0	0	7.01141e-28
rs2697703	4	17460815	0.02585	0.0381	0.0171	0.1102	0.1102	49053	1411006	0.0335965875351613	T	C	FALSE	0	4.24583982836964e-09	0	0	0	0	0	9.35543e-29
rs2697704	4	17465916	0.2226	0.0171	0.014	0.7262	0.2738	29266	973619	0.0291818104767745	C	G	FALSE	0	6.22064174415085e-10	0	0	0	0	0	3.38042e-29
rs2697705	4	17418921	0.6233	-0.006	0.0122	0.7693	0.2307	49053	1411006	0.0335965875351613	A	G	FALSE	0	2.91252089513822e-10	0	0	0	0	0	3.08363e-26
rs2697707	4	17427573	0.02569	0.0537	0.0241	0.0487	0.0487	47884	1410038	0.032844006743845	A	G	FALSE	0	5.86096667272612e-09	0	0	0	0	0	3.48806e-29
rs2697708	4	17431738	0.01897	0.0537	0.0229	0.0488	0.0488	49053	1411006	0.0335965875351613	A	T	FALSE	0	7.2781310899068e-09	0	0	0	0	0	3.51922e-29
rs2697709	4	17473881	0.3344	0.021	0.0217	0.9387	0.0613	49053	1411006	0.0335965875351613	A	T	FALSE	0	7.2661571857006e-10	0	0	0	0	0	2.90015e-29
rs2707450	4	17942560	0.282	-0.0115	0.0107	0.7386	0.2614	56306	1417791	0.0381969436203995	T	C	FALSE	0	4.02965514658043e-10	0	0	0	0	0	0
rs2707452	4	18056140	0.4958	-0.0087	0.0128	0.1613	0.1613	56306	1417791	0.0381969436203995	T	C	FALSE	0	3.40893465630801e-10	0	0	0	0	0	0
rs2707453	4	18055500	0.5124	-0.0084	0.0128	0.1613	0.1613	56306	1417791	0.0381969436203995	T	G	FALSE	0	3.35619593641728e-10	0	0	0	0	1	1
rs2707454	4	18051023	0.7584	0.0036	0.0117	0.2394	0.2394	56306	1417791	0.0381969436203995	T	C	FALSE	0	2.59609828041522e-10	0	0	0	0	0	2.77733e-29
rs2707455	4	18027629	0.09778	-0.0569	0.0344	0.9618	0.0382	49580	1411478	0.0339343133537478	T	C	FALSE	0	2.71424377684803e-09	0	0	0	0	0	4.21903e-28
rs2724469	4	18004090	0.0004047	-0.0339	0.0096	0.4244	0.4244	56306	1417791	0.0381969436203995	T	C	FALSE	0	1.02259295035613e-07	0	0	0	0	0	0
rs2724470	4	17996046	0.0002884	-0.0345	0.0095	0.427	0.427	56306	1417791	0.0381969436203995	A	G	FALSE	0	1.44874990034301e-07	0	0	0	0	0	0
rs2724472	4	17978892	0.2903	0.0112	0.0106	0.263	0.263	56306	1417791	0.0381969436203995	A	T	FALSE	0	3.91590637956065e-10	1	1	0	0	0	0
rs2724473	4	17977352	0.000225	-0.0351	0.0095	0.425	0.425	56306	1417791	0.0381969436203995	T	C	FALSE	0	1.8249225772592e-07	0	0	0	0	0	0
rs2724475	4	17946432	0.2838	0.0114	0.0106	0.2622	0.2622	56306	1417791	0.0381969436203995	T	C	FALSE	0	3.99524296655818e-10	0	0	0	0	0	0
rs2724476	4	17942807	0.0001766	0.0356	0.0095	0.5733	0.4267	56306	1417791	0.0381969436203995	A	G	FALSE	0	2.21874463852071e-07	0	0	0	0	1	1
rs2724478	4	18055139	0.572	-0.0072	0.0127	0.1624	0.1624	56306	1417791	0.0381969436203995	C	G	FALSE	0	3.15378094786815e-10	0	0	0	0	0	0
rs2724479	4	18055849	0.5925	0.0069	0.0129	0.8384	0.1616	55137	1416823	0.0374582189733417	T	C	FALSE	0	3.14735471562245e-10	0	0	0	0	0	0
rs2724485	4	17969698	0.2765	0.0115	0.0106	0.2649	0.2649	56306	1417791	0.0381969436203995	T	C	FALSE	0	4.0360492675902e-10	0	0	0	0	0	0
rs2724486	4	17970263	0.2801	-0.0114	0.0106	0.737	0.263	56306	1417791	0.0381969436203995	T	C	FALSE	0	3.99524296655818e-10	2	1	0	0	0	0
rs28363721	4	18828780	0.4	-0.0109	0.0129	0.2023	0.2023	49053	1411006	0.0335965875351613	T	C	FALSE	0	3.89465642367848e-10	0	0	0	0	0	2.44577e-29
rs28375087	4	18751758	0.2314	-0.0119	0.01	0.4646	0.4646	56306	1417791	0.0381969436203995	A	G	FALSE	0	4.29123311053495e-10	0	0	0	0	0	2.29604e-29
rs28375363	4	17402262	0.5068	-0.007	0.0105	0.6486	0.3514	49053	1411006	0.0335965875351613	C	G	FALSE	0	2.77475823675614e-10	0	0	0	0	0	5.39309e-29
rs28377112	4	18940696	0.2698	-0.0118	0.0107	0.3978	0.3978	30435	974587	0.0302829191798786	A	G	FALSE	0	4.15420202724014e-10	0	0	0	0	0	9.44255e-29
rs28382333	4	17517242	0.3937	-0.01	0.0118	0.2443	0.2443	49053	1411006	0.0335965875351613	T	C	FALSE	0	3.57212905741061e-10	0	0	0	0	0	6.32256e-19
rs28385338	4	18180597	0.04558	0.0201	0.0101	0.4397	0.4397	49053	1411006	0.0335965875351613	A	G	FALSE	0	1.54162918995317e-09	0	0	0	0	0	1.39405e-25
rs28385534	4	18736797	0.1448	0.0136	0.0093	0.5078	0.4922	56306	1417791	0.0381969436203995	T	C	FALSE	0	5.72496925955301e-10	0	0	0	0	0	1.28987e-28
rs28390252	4	17085244	0.675	-0.0041	0.0097	0.578	0.422	56306	1417791	0.0381969436203995	C	G	FALSE	0	2.24571524035627e-10	0	0	0	0	0	6.7262e-29
rs28393986	4	18689256	0.4741	-0.0129	0.0181	0.0858	0.0858	49053	1411006	0.0335965875351613	T	C	FALSE	0	4.91700309234652e-10	0	0	0	0	0	5.52804e-22
rs28394335	4	18817791	0.9751	6e-04	0.0199	0.0764	0.0764	49053	1411006	0.0335965875351613	A	G	FALSE	0	4.20047332698394e-10	0	0	0	0	0	2.32519e-28
rs28394378	4	18297992	0.7769	-0.0036	0.0126	0.2009	0.2009	49053	1411006	0.0335965875351613	A	G	FALSE	0	2.77687000686585e-10	0	0	0	0	0	3.07351e-28
rs28409998	4	18840667	0.0639	0.0203	0.0109	0.3756	0.3756	30435	974587	0.0302829191798786	A	G	FALSE	0	1.3005036756558e-09	0	0	0	0	0	5.09458e-29
rs28414923	4	17467219	0.7491	0.004	0.0126	0.2159	0.2159	30435	974587	0.0302829191798786	T	C	FALSE	0	2.80347788128048e-10	0	0	0	0	0	3.16274e-29
rs28417413	4	18286894	0.6366	-0.0124	0.0263	0.0389	0.0389	49053	1411006	0.0335965875351613	A	G	FALSE	0	6.16697618994448e-10	0	0	0	0	0	1.58336e-28
rs28418409	4	17496856	0.7096	0.0156	0.042	0.9799	0.0201	49053	1411006	0.0335965875351613	A	G	FALSE	0	9.31020628825604e-10	0	0	0	0	0	2.23965e-29
rs28419040	4	18779829	0.07794	0.0296	0.0168	0.1244	0.1244	49053	1411006	0.0335965875351613	A	G	FALSE	0	1.6578312970336e-09	0	0	0	0	0	7.93521e-29
rs28427563	4	17472449	0.6996	0.0069	0.0178	0.174	0.174	16727	879305	0.0186678600764258	T	C	FALSE	0	4.0501295136877e-10	0	0	0	0	0	1.58197e-28
rs28435289	4	17495193	0.9626	0.0021	0.044	0.9791	0.0209	49053	1411006	0.0335965875351613	A	T	FALSE	0	9.12115637600194e-10	0	0	0	0	0	2.91994e-29
rs28435952	4	18620758	0.173	-0.0147	0.0108	0.7404	0.2596	56306	1417791	0.0381969436203995	A	G	FALSE	0	5.75841291162339e-10	0	0	0	0	0	3.18407e-29
rs28441502	4	17598384	0.4122	0.008	0.0098	0.6348	0.3652	56306	1417791	0.0381969436203995	A	G	FALSE	0	2.89369123441009e-10	0	0	0	0	0	9.77008e-22
rs28444145	4	17043473	0.9767	-5e-04	0.016	0.1135	0.1135	49053	1411006	0.0335965875351613	A	G	FALSE	0	3.3832516805456e-10	0	0	0	0	0	1.86595e-29
rs28444994	4	17557397	0.2974	-0.0115	0.011	0.3358	0.3358	56306	1417791	0.0381969436203995	T	G	FALSE	0	4.01556358575184e-10	0	0	0	0	0	1.04876e-23
rs28445462	4	18288239	0.6626	-0.0114	0.0262	0.039	0.039	49053	1411006	0.0335965875351613	A	G	FALSE	0	6.04523353067112e-10	0	0	0	0	0	1.46337e-28
rs28447123	4	17167391	0.5235	0.0099	0.0155	0.1105	0.1105	56306	1417791	0.0381969436203995	A	G	FALSE	0	4.01306899914202e-10	0	0	0	0	0	2.56538e-29
rs28449955	4	17624891	0.1755	0.0132	0.0097	0.6098	0.3902	56306	1417791	0.0381969436203995	A	G	FALSE	0	5.17403801057511e-10	0	0	0	0	0	3.15623e-20
rs28450069	4	18286622	0.6765	-0.0109	0.0262	0.0392	0.0392	49053	1411006	0.0335965875351613	A	G	FALSE	0	5.99715701402128e-10	0	0	0	0	0	4.5346e-26
rs28453034	4	18649360	0.1257	0.0166	0.0108	0.2571	0.2571	56306	1417791	0.0381969436203995	C	G	FALSE	0	7.42498292601778e-10	0	0	0	0	0	9.97149e-26
rs28458311	4	17523907	0.4057	0.0097	0.0117	0.7553	0.2447	49053	1411006	0.0335965875351613	A	T	FALSE	0	3.48801153207366e-10	0	0	0	0	0	1.36268e-23
rs28459785	4	17652956	0.1153	0.0151	0.0096	0.6045	0.3955	56306	1417791	0.0381969436203995	T	C	FALSE	0	6.98493340103155e-10	0	0	0	0	0	7.37773e-20
rs28464986	4	17686228	0.01197	0.0311	0.0124	0.2174	0.2174	56306	1417791	0.0381969436203995	T	C	FALSE	0	6.02125814752621e-09	0	0	0	0	0	3.09994e-12
rs28465580	4	17496676	0.7112	-0.0155	0.042	0.0201	0.0201	49053	1411006	0.0335965875351613	A	G	FALSE	0	9.30234912640907e-10	0	0	0	0	0	4.84437e-29
rs28470526	4	18811517	0.8348	-0.0037	0.018	0.1004	0.1004	49053	1411006	0.0335965875351613	T	G	FALSE	0	3.88160238172629e-10	0	0	0	0	0	4.81633e-29
rs28476718	4	18646886	0.1221	0.0166	0.0108	0.2555	0.2555	56306	1417791	0.0381969436203995	A	G	FALSE	0	7.42498292601778e-10	0	0	0	0	0	1.48939e-25
rs28478235	4	17108761	0.3191	0.0142	0.0142	0.1359	0.1359	56306	1417791	0.0381969436203995	A	G	FALSE	0	4.93905059848648e-10	0	0	0	0	0	2.93842e-29
rs28479818	4	17062043	0.8866	0.0021	0.0147	0.1349	0.1349	49053	1411006	0.0335965875351613	T	C	FALSE	0	3.14010449911929e-10	0	0	0	0	0	1.8384e-29
rs28483747	4	18741245	0.8029	-0.0029	0.0116	0.4936	0.4936	42598	1322509	0.0312048799105125	T	C	FALSE	0	2.5330505722597e-10	0	0	0	0	0	1.89352e-29
rs28483930	4	17085207	0.6617	0.0042	0.0097	0.4227	0.4227	56306	1417791	0.0381969436203995	A	G	FALSE	0	2.25561887961256e-10	0	0	0	0	0	2.40015e-29
rs28495171	4	17087340	0.5021	-0.0098	0.0146	0.8685	0.1315	56306	1417791	0.0381969436203995	A	G	FALSE	0	3.86282948410702e-10	0	0	0	0	0	2.85306e-29
rs28495856	4	18780341	0.02238	0.0367	0.0161	0.1188	0.1188	49053	1411006	0.0335965875351613	A	C	FALSE	0	4.49649036740884e-09	0	0	0	0	0	4.36986e-29
rs28496666	4	17111724	0.7444	0.0037	0.0114	0.2354	0.2354	56306	1417791	0.0381969436203995	T	C	FALSE	0	2.54325347747499e-10	0	0	0	0	0	2.04847e-29
rs28497813	4	17685503	0.09126	-0.0164	0.0097	0.3959	0.3959	56306	1417791	0.0381969436203995	A	G	FALSE	0	8.54904915785436e-10	0	0	0	0	0	7.92026e-29
rs28498035	4	17085537	0.6593	0.0043	0.0097	0.4227	0.4227	56306	1417791	0.0381969436203995	T	C	FALSE	0	2.26580642888553e-10	0	0	0	0	0	2.38335e-29
rs28498738	4	17403103	0.5243	0.0067	0.0105	0.3514	0.3514	49053	1411006	0.0335965875351613	A	G	FALSE	0	2.72365682821073e-10	0	0	0	0	0	9.55177e-28
rs28501187	4	17643620	0.13	0.0145	0.0096	0.6049	0.3951	56306	1417791	0.0381969436203995	A	G	FALSE	0	6.3447187955057e-10	0	0	0	0	0	2.74603e-20
rs28507255	4	17471324	0.6763	0.0046	0.011	0.6593	0.3407	30435	974587	0.0302829191798786	T	G	FALSE	0	2.54088528548798e-10	0	0	0	0	0	5.6416e-29
rs28507478	4	18682378	0.2112	-0.039	0.0312	0.0302	0.0302	49053	1411006	0.0335965875351613	A	G	FALSE	0	1.40137386346204e-09	0	0	0	0	0	1.91525e-29
rs28507610	4	17107834	0.3085	-0.0145	0.0142	0.8642	0.1358	56306	1417791	0.0381969436203995	A	G	FALSE	0	5.04509241398901e-10	0	0	0	0	0	3.32595e-29
rs28524821	4	17070309	0.8456	-0.0029	0.015	0.8702	0.1298	49580	1411478	0.0339343133537478	A	C	FALSE	0	3.2309723253305e-10	0	0	0	0	0	2.04723e-29
rs28525369	4	17175593	0.5829	0.0084	0.0153	0.1141	0.1141	56306	1417791	0.0381969436203995	T	C	FALSE	0	3.75738342188137e-10	0	0	0	0	0	2.4161e-29
rs28528916	4	17604504	0.3699	-0.0089	0.0099	0.3656	0.3656	56306	1417791	0.0381969436203995	A	G	FALSE	0	3.13731717803251e-10	0	0	0	0	0	1.22553e-23
rs28532849	4	17273885	0.8155	0.0081	0.0347	0.9725	0.0275	49053	1411006	0.0335965875351613	A	G	FALSE	0	7.44328528946396e-10	0	0	0	0	0	8.7256e-29
rs28535563	4	17406797	0.5047	0.007	0.0106	0.3513	0.3513	49053	1411006	0.0335965875351613	A	G	FALSE	0	2.78944597645554e-10	0	0	0	0	0	9.6803e-28
rs28537699	4	17549241	0.1412	-0.0203	0.0138	0.1938	0.1938	49580	1411478	0.0339343133537478	A	G	FALSE	0	8.56823731922277e-10	0	0	0	0	0	4.30534e-21
rs28545485	4	17645376	0.1239	0.0148	0.0096	0.6047	0.3953	56306	1417791	0.0381969436203995	T	C	FALSE	0	6.65389209410225e-10	0	0	0	0	0	5.76637e-20
rs28547068	4	17496689	0.7121	-0.0155	0.042	0.0201	0.0201	49053	1411006	0.0335965875351613	T	C	FALSE	0	9.30234912640907e-10	0	0	0	0	0	4.83551e-29
rs28550451	4	18060764	0.743	0.0043	0.0131	0.1502	0.1502	56306	1417791	0.0381969436203995	A	G	FALSE	0	2.92433438992664e-10	0	0	0	0	1	1
rs28550772	4	17107897	0.2971	-0.0148	0.0142	0.864	0.136	56306	1417791	0.0381969436203995	A	C	FALSE	0	5.1557001005995e-10	0	0	0	0	0	3.34187e-29
rs28552744	4	17620165	0.2193	-0.0121	0.0099	0.3909	0.3909	55137	1416823	0.0374582189733417	A	G	FALSE	0	4.41652084500382e-10	0	0	0	0	0	1.21528e-26
rs28553924	4	17686090	0.01119	0.0313	0.0124	0.2165	0.2165	56306	1417791	0.0381969436203995	A	G	FALSE	0	6.26966895988536e-09	0	0	0	0	0	2.50588e-12
rs28553948	4	18635883	0.04287	0.0264	0.0131	0.1723	0.1723	56306	1417791	0.0381969436203995	A	G	FALSE	0	2.09345518587786e-09	0	0	0	0	0	9.77275e-28
rs28558529	4	17007312	0.8706	0.0021	0.0131	0.7977	0.2023	49053	1411006	0.0335965875351613	A	G	FALSE	0	2.80728800218777e-10	0	0	0	0	0	2.17956e-29
rs28567564	4	17067820	0.847	-0.0029	0.0148	0.8665	0.1335	49580	1411478	0.0339343133537478	C	G	FALSE	0	3.18975047384748e-10	0	0	0	0	0	1.93562e-29
rs28569111	4	17072720	0.7668	0.0044	0.0149	0.131	0.131	49580	1411478	0.0339343133537478	T	C	FALSE	0	3.29006698260248e-10	0	0	0	0	0	1.8526e-29
rs28571771	4	17016632	0.9581	-0.0034	0.0643	0.0107	0.0107	47884	1410038	0.032844006743845	A	T	FALSE	0	1.29954435152122e-09	0	0	0	0	0	1.90578e-29
rs28593189	4	17184113	0.6597	0.0052	0.0118	0.203	0.203	56306	1417791	0.0381969436203995	T	G	FALSE	0	2.75130941432778e-10	0	0	0	0	0	2.84897e-29
rs2860033	4	18088401	0.6234	-0.0057	0.0116	0.357	0.357	37688	981372	0.0369831020744608	A	G	FALSE	0	2.76931821647626e-10	0	0	0	0	0	2.81045e-29
rs28602823	4	17240094	0.7953	-0.0193	0.0744	0.9438	0.0562	7803	5852	0.571439033321128	A	G	FALSE	0	1.52283765631716e-09	0	0	0	0	0	1.83813e-29
rs28609167	4	17624887	0.1835	0.0129	0.0097	0.6091	0.3909	56306	1417791	0.0381969436203995	T	G	FALSE	0	4.96365308061602e-10	0	0	0	0	0	1.78408e-20
rs28615135	4	18646841	0.1086	-0.0173	0.0108	0.7426	0.2574	56306	1417791	0.0381969436203995	T	C	FALSE	0	8.21759735392432e-10	0	0	0	0	0	3.04994e-29
rs28619392	4	18944001	0.2392	0.0131	0.0111	0.6005	0.3995	30435	974587	0.0302829191798786	A	G	FALSE	0	4.70504166908232e-10	0	0	0	0	0	2.2499e-29
rs28621908	4	17496716	0.7113	0.0155	0.042	0.9799	0.0201	49053	1411006	0.0335965875351613	A	G	FALSE	0	9.30234912640907e-10	0	0	0	0	0	2.24377e-29
rs28625252	4	18946673	0.1565	-0.0328	0.0231	0.0535	0.0535	49053	1411006	0.0335965875351613	A	G	FALSE	0	1.31571571053503e-09	0	0	0	0	0	3.46151e-28
rs28625332	4	17778944	0.4793	-0.0105	0.0148	0.3028	0.3028	23980	886090	0.0263496214576901	C	G	FALSE	0	4.01945202358219e-10	0	0	0	0	0	2.35863e-28
rs28635622	4	17080407	0.6548	-0.0043	0.0097	0.5773	0.4227	56306	1417791	0.0381969436203995	T	C	FALSE	0	2.26580642888553e-10	0	0	0	0	0	6.80132e-29
rs28636386	4	17106644	0.3311	-0.0146	0.015	0.8727	0.1273	56306	1417791	0.0381969436203995	T	C	FALSE	0	5.07962816174993e-10	0	0	0	0	0	3.4618e-29
rs28647194	4	17107552	0.3048	0.0146	0.0143	0.1353	0.1353	56306	1417791	0.0381969436203995	A	G	FALSE	0	5.07949193921696e-10	0	0	0	0	0	2.98978e-29
rs28669271	4	17215730	0.98	4e-04	0.0162	0.8959	0.1041	56306	1417791	0.0381969436203995	T	C	FALSE	0	3.42464387947785e-10	0	0	0	0	0	9.57673e-29
rs28678909	4	17501380	0.85	0.0074	0.0392	0.9782	0.0218	47884	1410038	0.032844006743845	A	C	FALSE	0	8.29738675641652e-10	0	0	0	0	0	2.5328e-29
rs28680382	4	17127494	0.521	-0.0107	0.0166	0.0937	0.0937	56306	1417791	0.0381969436203995	A	T	FALSE	0	4.31131284040522e-10	0	0	0	0	0	6.24614e-29
rs28684714	4	18832039	0.8659	0.0026	0.0156	0.8764	0.1236	49053	1411006	0.0335965875351613	T	C	FALSE	0	3.34342663051203e-10	0	0	0	0	0	1.21822e-28
rs28686917	4	17412637	0.5232	0.0068	0.0107	0.3519	0.3519	49053	1411006	0.0335965875351613	C	G	FALSE	0	2.77078460817966e-10	0	0	0	0	0	8.87317e-28
rs28687009	4	18316940	0.4056	-0.0097	0.0116	0.2466	0.2466	49053	1411006	0.0335965875351613	A	G	FALSE	0	3.47894091906791e-10	0	0	0	0	0	4.15212e-28
rs28693609	4	17645233	0.1195	0.0149	0.0096	0.6044	0.3956	56306	1417791	0.0381969436203995	T	C	FALSE	0	6.76172613150961e-10	0	0	0	0	0	1.95611e-20
rs28694491	4	17108094	0.3012	-0.0147	0.0142	0.8641	0.1359	56306	1417791	0.0381969436203995	T	C	FALSE	0	5.11831145873027e-10	0	0	0	0	0	3.3107e-29
rs28698291	4	17067327	0.8899	-0.0021	0.0148	0.8675	0.1325	49580	1411478	0.0339343133537478	T	C	FALSE	0	3.16091539524944e-10	0	0	0	0	0	1.90261e-29
rs28705291	4	18898704	0.9766	3e-04	0.0111	0.7187	0.2813	49053	1411006	0.0335965875351613	T	C	FALSE	0	2.35072701127532e-10	0	0	0	0	0	1.89597e-29
rs28714152	4	17396724	0.06361	-0.0196	0.0106	0.4017	0.4017	49053	1411006	0.0335965875351613	A	G	FALSE	0	1.234339708221e-09	0	0	0	0	0	9.12612e-29
rs28716630	4	17557502	0.9189	0.0012	0.0116	0.4569	0.4569	49580	1411478	0.0339343133537478	T	C	FALSE	0	2.46850311832996e-10	0	0	0	0	0	1.72982e-24
rs28719835	4	17520066	0.4023	-0.0098	0.0117	0.2452	0.2452	49053	1411006	0.0335965875351613	T	C	FALSE	0	3.51285826815757e-10	0	0	0	0	0	5.18392e-19
rs28724305	4	17542505	0.1685	-0.0191	0.0138	0.194	0.194	49580	1411478	0.0339343133537478	A	G	FALSE	0	7.5724498805535e-10	0	0	0	0	0	2.04904e-21
rs2872793	4	17312059	0.2875	0.0106	0.01	0.6406	0.3594	56306	1417791	0.0381969436203995	A	C	FALSE	0	3.70872756429861e-10	0	0	0	0	0	6.47972e-28
rs2872794	4	17330007	0.02868	-0.0216	0.0099	0.4777	0.4777	56306	1417791	0.0381969436203995	A	T	FALSE	0	2.25246859842091e-09	0	0	0	0	0	2.85137e-28
rs2872795	4	17330381	0.6156	-0.0059	0.0117	0.249	0.249	49053	1411006	0.0335965875351613	T	C	FALSE	0	2.81101623797962e-10	0	0	0	0	0	2.19357e-29
rs2872957	4	17651757	0.1314	0.0144	0.0096	0.6058	0.3942	56306	1417791	0.0381969436203995	A	C	FALSE	0	6.24623929347333e-10	0	0	0	0	0	2.778e-19
rs2872958	4	17665032	0.09515	-0.0161	0.0096	0.3955	0.3955	56306	1417791	0.0381969436203995	A	G	FALSE	0	8.2700221544178e-10	0	0	0	0	0	8.43084e-29
rs28735766	4	18297848	0.5505	0.0153	0.0256	0.9595	0.0405	49053	1411006	0.0335965875351613	T	C	FALSE	0	6.41819845894933e-10	0	0	0	0	0	4.6218e-29
rs2874279	4	18197469	0.8854	0.0016	0.0114	0.7329	0.2671	50092	1411760	0.0342661226991515	A	G	FALSE	0	2.43698584075473e-10	0	0	0	0	0	8.14326e-27
rs2874280	4	18206447	0.5977	-0.0059	0.0112	0.2783	0.2783	50092	1411760	0.0342661226991515	A	G	FALSE	0	2.72268696992793e-10	0	0	0	0	0	3.74693e-29
rs2874307	4	18221857	0.05037	-0.0223	0.0114	0.7227	0.2773	49053	1411006	0.0335965875351613	A	G	FALSE	0	1.62483476165112e-09	0	0	0	0	0	1.96796e-29
rs2874308	4	18308903	0.1986	-0.0139	0.0108	0.6811	0.3189	49053	1411006	0.0335965875351613	C	G	FALSE	0	5.22193231127457e-10	0	0	0	0	0	4.20735e-24
rs28743140	4	17304270	0.3168	0.0099	0.0099	0.6319	0.3681	56306	1417791	0.0381969436203995	T	C	FALSE	0	3.4523052212014e-10	0	0	0	0	0	4.76181e-28
rs2874411	4	18643508	0.1237	-0.0165	0.0107	0.7427	0.2573	56306	1417791	0.0381969436203995	C	G	FALSE	0	7.41379834515496e-10	0	0	0	0	0	3.24812e-29
rs2874413	4	18656720	0.1315	0.0164	0.0108	0.2575	0.2575	56306	1417791	0.0381969436203995	A	C	FALSE	0	7.21845155775946e-10	0	0	0	0	0	9.1128e-26
rs2874414	4	18657383	0.1402	-0.016	0.0109	0.7415	0.2585	56306	1417791	0.0381969436203995	A	G	FALSE	0	6.75574275249855e-10	0	0	0	0	0	3.05921e-29
rs2874415	4	18660264	0.05214	0.0529	0.0272	0.9623	0.0377	49053	1411006	0.0335965875351613	T	C	FALSE	0	3.65941446655942e-09	0	0	0	0	0	1.08797e-28
rs2874416	4	18664080	0.04187	-0.0559	0.0275	0.0373	0.0373	49053	1411006	0.0335965875351613	T	C	FALSE	0	4.38787019771444e-09	0	0	0	0	0	2.06143e-28
rs2874624	4	18810038	0.3658	-0.0108	0.0119	0.7468	0.2532	49053	1411006	0.0335965875351613	A	C	FALSE	0	3.79660427257688e-10	0	0	0	0	0	1.8642e-29
rs2874625	4	18747856	0.1045	-0.0154	0.0095	0.4673	0.4673	56306	1417791	0.0381969436203995	A	G	FALSE	0	7.46381086020088e-10	0	0	0	0	0	6.66191e-29
rs28754811	4	17612312	0.356	0.0091	0.0099	0.6335	0.3665	56306	1417791	0.0381969436203995	T	C	FALSE	0	3.19532439805528e-10	0	0	0	0	0	3.27217e-18
rs28765168	4	17122422	0.4876	-0.0115	0.0166	0.0921	0.0921	56306	1417791	0.0381969436203995	A	C	FALSE	0	4.45152737069913e-10	0	0	0	0	0	9.01546e-29
rs28769010	4	18784329	0.8168	0.0024	0.0102	0.4347	0.4347	49053	1411006	0.0335965875351613	C	G	FALSE	0	2.22032136444864e-10	0	0	0	0	0	4.52912e-29
rs28774975	4	18782370	0.9513	6e-04	0.0103	0.4358	0.4358	49053	1411006	0.0335965875351613	T	G	FALSE	0	2.18467024185531e-10	0	0	0	0	0	5.51964e-29
rs28791037	4	18909682	0.2981	-0.0108	0.0104	0.3733	0.3733	49053	1411006	0.0335965875351613	T	G	FALSE	0	3.77030512732308e-10	0	0	0	0	0	2.75419e-29
rs28791526	4	17306037	0.06428	-0.0634	0.0343	0.9751	0.0249	49053	1411006	0.0335965875351613	A	G	FALSE	0	3.76781530313996e-09	0	0	0	0	0	4.68939e-29
rs28793314	4	17004588	0.4603	0.0081	0.011	0.3435	0.3435	49053	1411006	0.0335965875351613	A	C	FALSE	0	3.05150922025443e-10	0	0	0	0	0	2.19949e-29
rs28797595	4	16979331	0.451	-0.0104	0.0138	0.2044	0.2044	30435	974587	0.0302829191798786	T	G	FALSE	0	3.87240317691429e-10	0	0	0	0	0	6.57559e-29
rs28799570	4	18912156	0.3256	0.0102	0.0103	0.625	0.375	49053	1411006	0.0335965875351613	T	C	FALSE	0	3.55663205681089e-10	0	0	0	0	0	3.69514e-29
rs28810237	4	18742525	0.1473	0.0136	0.0094	0.5084	0.4916	56306	1417791	0.0381969436203995	T	C	FALSE	0	5.65692311080135e-10	0	0	0	0	0	1.03265e-28
rs28818021	4	18873860	0.4331	0.0081	0.0103	0.6016	0.3984	49053	1411006	0.0335965875351613	A	T	FALSE	0	2.96884606190843e-10	0	0	0	0	0	2.11924e-29
rs28822977	4	17574023	0.3309	-0.0097	0.01	0.3628	0.3628	56306	1417791	0.0381969436203995	A	G	FALSE	0	3.3857202093924e-10	0	0	0	0	0	4.2902e-25
rs28844881	4	18208566	0.1312	0.04	0.0265	0.9594	0.0406	49565	1411288	0.0339288073474881	A	G	FALSE	0	1.70634111331987e-09	0	0	0	0	0	5.41556e-21
rs28849452	4	17454055	0.5395	-0.0062	0.0101	0.4786	0.4786	49053	1411006	0.0335965875351613	A	G	FALSE	0	2.58092724802559e-10	0	0	0	0	0	3.24196e-29
rs28851583	4	17438734	0.6999	0.0039	0.01	0.5244	0.4756	49053	1411006	0.0335965875351613	C	G	FALSE	0	2.28450687137457e-10	0	0	0	0	0	1.19951e-28
rs28860206	4	17121300	0.463	-0.0122	0.0166	0.0927	0.0927	56306	1417791	0.0381969436203995	T	G	FALSE	0	4.58662127592179e-10	0	0	0	0	0	1.07656e-28
rs28866955	4	17000162	0.8089	0.0025	0.0104	0.3743	0.3743	50092	1411760	0.0342661226991515	T	C	FALSE	0	2.26646939003688e-10	0	0	0	0	0	2.00111e-29
rs28871636	4	17454373	0.574	0.0057	0.0102	0.5261	0.4739	49053	1411006	0.0335965875351613	A	G	FALSE	0	2.5238332925453e-10	0	0	0	0	0	2.4317e-28
rs28875521	4	18354870	0.2255	-0.0133	0.011	0.3188	0.3188	49053	1411006	0.0335965875351613	A	G	FALSE	0	4.82631965187327e-10	0	0	0	0	0	7.41307e-25
rs28880294	4	17309142	0.06381	0.0632	0.0341	0.0252	0.0252	49053	1411006	0.0335965875351613	A	G	FALSE	0	3.78223356217966e-09	0	0	0	0	0	1.19023e-23
rs28882987	4	17454668	0.5377	-0.0063	0.0102	0.4785	0.4785	49053	1411006	0.0335965875351613	T	C	FALSE	0	2.61245711852005e-10	0	0	0	0	0	3.21967e-29
rs28887253	4	17415462	0.5232	-0.0069	0.0109	0.6482	0.3518	49053	1411006	0.0335965875351613	T	C	FALSE	0	2.81792729554706e-10	0	0	0	0	0	5.4714e-29
rs2948064	4	17264051	0.05192	-0.0214	0.011	0.3529	0.3529	49053	1411006	0.0335965875351613	A	T	FALSE	0	1.53640090922578e-09	0	0	0	0	0	5.51063e-29
rs2950871	4	17450292	0.01754	-0.0394	0.0166	0.8965	0.1035	49053	1411006	0.0335965875351613	A	T	FALSE	0	5.75347022627752e-09	0	0	0	0	0	6.41234e-28
rs3094278	4	17498892	0.4201	0.0083	0.0104	0.3857	0.3857	49053	1411006	0.0335965875351613	A	G	FALSE	0	3.02530950925735e-10	0	0	0	0	0	1.87898e-29
rs33912980	4	17473249	0.3286	-0.0212	0.0217	0.0612	0.0612	49053	1411006	0.0335965875351613	T	C	FALSE	0	7.33080290992664e-10	0	0	0	0	0	3.1696e-29
rs33931937	4	17531730	0.1418	-0.0412	0.028	0.9575	0.0425	35345	1315724	0.0261607660304544	T	G	FALSE	0	1.69996609548695e-09	0	0	0	0	0	1.8478e-29
rs34004560	4	17375165	0.5201	-0.0095	0.0148	0.1536	0.1536	49053	1411006	0.0335965875351613	T	C	FALSE	0	3.84102960661837e-10	0	0	0	0	0	2.53566e-29
rs34025766	4	17968811	2.865e-10	-0.0839	0.0133	0.1589	0.1589	56306	1417791	0.0381969436203995	A	T	TRUE	0	0.112837876034037	0	0	4	1	0	0
rs34027353	4	18043209	0.7082	-0.0038	0.0103	0.6718	0.3282	56306	1417791	0.0381969436203995	A	G	FALSE	0	2.33415073878546e-10	0	0	0	0	0	8.10374e-24
rs34030720	4	17009460	0.979	-3e-04	0.0106	0.6259	0.3741	50455	1411925	0.0345019762305283	C	G	FALSE	0	2.2452211730865e-10	0	0	0	0	0	1.87308e-29
rs34052388	4	18695888	0.109	-0.0173	0.0108	0.3012	0.3012	56306	1417791	0.0381969436203995	T	C	FALSE	0	8.21759735392432e-10	0	0	0	0	0	3.51918e-29
rs34070554	4	17730439	0.1011	-0.0172	0.0105	0.3141	0.3141	56306	1417791	0.0381969436203995	A	G	FALSE	0	8.47348930991159e-10	0	0	0	0	0	6.13888e-29
rs34080918	4	17779295	0.07527	0.021	0.0118	0.7501	0.2499	56306	1417791	0.0381969436203995	A	T	FALSE	0	1.21025785316692e-09	0	0	0	0	0	8.18054e-28
rs34081702	4	17043584	0.1276	0.0563	0.037	0.0237	0.0237	47884	1410038	0.032844006743845	C	G	FALSE	0	2.36272601558297e-09	0	0	0	0	0	8.40033e-29
rs34097931	4	18266423	0.02734	0.0304	0.0138	0.1844	0.1844	49053	1411006	0.0335965875351613	A	T	FALSE	0	3.26593334864933e-09	0	0	0	0	0	8.24083e-29
rs34146324	4	18207754	0.5876	-0.0061	0.0112	0.2782	0.2782	50092	1411760	0.0342661226991515	A	G	FALSE	0	2.74877585684184e-10	0	0	0	0	0	3.5555e-29
rs34150120	4	17372532	0.5399	0.0079	0.0129	0.8095	0.1905	49053	1411006	0.0335965875351613	A	T	FALSE	0	3.28986514682949e-10	0	0	0	0	0	4.65106e-29
rs34156351	4	17983055	6.145e-09	-0.0773	0.0133	0.1609	0.1609	55137	1416823	0.0374582189733417	A	G	FALSE	0	0.00565138045038845	0	0	0	0	0	0
rs34197802	4	17222687	0.5419	0.0068	0.0111	0.2759	0.2759	56306	1417791	0.0381969436203995	A	C	FALSE	0	2.83326971131485e-10	0	0	0	0	0	1.84889e-29
rs34204312	4	17323739	0.3154	0.0127	0.0127	0.8163	0.1837	56306	1417791	0.0381969436203995	T	C	FALSE	0	4.42174795135241e-10	0	0	0	0	0	1.16554e-28
rs34209421	4	18031110	4.801e-09	0.0842	0.0144	0.8612	0.1388	56306	1417791	0.0381969436203995	C	G	FALSE	0	0.007406372928822	0	0	0	0	0	0
rs34227040	4	17430595	0.01698	0.055	0.023	0.0484	0.0484	49053	1411006	0.0335965875351613	A	G	FALSE	0	8.14286789611261e-09	0	0	0	0	0	9.49975e-27
rs34227040	4	17430595	0.01698	0.055	0.023	0.0484	0.0484	49053	1411006	0.0335965875351613	A	G	FALSE	0	8.14286789611261e-09	0	0	0	0	0	9.49975e-27
rs34227040	4	17430595	0.01698	0.055	0.023	0.0484	0.0484	49053	1411006	0.0335965875351613	A	G	FALSE	0	8.14286789611261e-09	0	0	0	0	0	9.49975e-27
rs34227040	4	17430595	0.01698	0.055	0.023	0.0484	0.0484	49053	1411006	0.0335965875351613	A	G	FALSE	0	8.14286789611261e-09	0	0	0	0	0	9.49975e-27
rs34241892	4	17041647	0.02661	0.1056	0.0476	0.0119	0.0119	49053	1411006	0.0335965875351613	A	T	FALSE	0	1.00802245970637e-08	0	0	0	0	0	5.76669e-28
rs34271150	4	17275331	0.7532	-0.0046	0.0148	0.7002	0.2998	30435	974587	0.0302829191798786	T	G	FALSE	0	3.28342951025198e-10	0	0	0	0	0	1.2361e-28
rs34287497	4	17048123	0.6516	0.0053	0.0118	0.7636	0.2364	49053	1411006	0.0335965875351613	A	G	FALSE	0	2.76166659926775e-10	0	0	0	0	0	1.8303e-29
rs34289497	4	17044874	0.3082	0.0571	0.056	0.013	0.013	49053	1411006	0.0335965875351613	T	C	FALSE	0	1.8515518359544e-09	0	0	0	0	0	4.70087e-29
rs34295055	4	18909184	0.3199	-0.0103	0.0103	0.3751	0.3751	49053	1411006	0.0335965875351613	A	C	FALSE	0	3.59106959865703e-10	0	0	0	0	0	2.65991e-29
rs34311884	4	17510707	0.0321	0.039	0.0182	0.105	0.105	49053	1411006	0.0335965875351613	A	G	FALSE	0	3.74614853690588e-09	0	0	0	0	0	4.57665e-27
rs34317167	4	17425204	0.3409	-0.0144	0.0152	0.8085	0.1915	30435	974587	0.0302829191798786	A	C	FALSE	0	5.02057903291857e-10	0	0	0	0	0	3.0559e-29
rs34318076	4	17533847	0.8966	0.0017	0.0129	0.4354	0.4354	35872	1316196	0.0265312099687294	T	C	FALSE	0	2.75316755279595e-10	0	0	0	0	0	5.39523e-25
rs34325332	4	18825943	0.8136	-0.0027	0.0116	0.7264	0.2736	49053	1411006	0.0335965875351613	C	G	FALSE	0	2.52256584756953e-10	0	0	0	0	0	2.33156e-29
rs34331992	4	17309338	0.1274	-0.015	0.0099	0.3462	0.3462	56306	1417791	0.0381969436203995	A	C	FALSE	0	6.58833558509354e-10	0	0	0	0	0	3.33882e-29
rs34333687	4	17527137	0.4006	-0.0099	0.0118	0.2414	0.2414	49053	1411006	0.0335965875351613	A	G	FALSE	0	3.54678176157257e-10	0	0	0	0	0	4.71443e-18
rs34340020	4	17361405	0.2517	0.0116	0.0101	0.5266	0.4734	49053	1411006	0.0335965875351613	A	G	FALSE	0	4.12918714537254e-10	0	0	0	0	0	4.61577e-29
rs34351451	4	17453117	0.5104	-0.0067	0.0101	0.4735	0.4735	49053	1411006	0.0335965875351613	T	C	FALSE	0	2.6636113716114e-10	0	0	0	0	0	3.07036e-29
rs34357287	4	17545382	0.05914	0.0232	0.0123	0.2269	0.2269	56306	1417791	0.0381969436203995	A	G	FALSE	0	1.53144617285148e-09	0	0	0	0	0	1.11514e-28
rs34358941	4	17995047	7.222e-10	0.0806	0.0131	0.8382	0.1618	56306	1417791	0.0381969436203995	T	C	FALSE	0	0.0424427664539149	0	0	8	1	0	0
rs34369149	4	17309436	0.1388	-0.0146	0.0099	0.3448	0.3448	56306	1417791	0.0381969436203995	T	C	FALSE	0	6.203082762981e-10	0	0	0	0	0	3.17649e-29
rs34394334	4	16975801	0.9645	7e-04	0.0165	0.8139	0.1861	35345	1315724	0.0261607660304544	A	G	FALSE	0	3.4897000860108e-10	0	0	0	0	0	2.79823e-29
rs34416286	4	18719687	0.9415	-0.0043	0.0588	0.0156	0.0156	47884	1410038	0.032844006743845	A	G	FALSE	0	1.19903833673886e-09	0	0	0	0	0	8.82071e-27
rs34421034	4	17440141	0.6784	-0.0042	0.01	0.4758	0.4758	49053	1411006	0.0335965875351613	A	G	FALSE	0	2.3123628732428e-10	0	0	0	0	0	3.39415e-29
rs34421996	4	17044969	0.1205	-0.0582	0.0375	0.9757	0.0243	49053	1411006	0.0335965875351613	A	G	FALSE	0	2.50147939859922e-09	0	0	0	0	0	5.57963e-29
rs34430918	4	17057365	0.6717	-0.0065	0.0154	0.8811	0.1189	49053	1411006	0.0335965875351613	T	C	FALSE	0	3.55699050957863e-10	0	0	0	0	0	1.91216e-29
rs34430935	4	18498842	0.2263	-0.013	0.0107	0.3247	0.3247	49053	1411006	0.0335965875351613	A	C	FALSE	0	4.72901579243149e-10	0	0	0	0	0	2.68296e-27
rs34446420	4	17544064	0.06036	0.0235	0.0125	0.2229	0.2229	56306	1417791	0.0381969436203995	A	G	FALSE	0	1.53798197974479e-09	0	0	0	0	0	1.04022e-28
rs34460683	4	17039964	0.9212	-0.0023	0.0236	0.0507	0.0507	49053	1411006	0.0335965875351613	A	G	FALSE	0	4.99266433248985e-10	0	0	0	0	0	3.30469e-29
rs34461085	4	17352560	0.2588	0.0145	0.0129	0.5339	0.4661	36384	1316478	0.026894095628379	A	G	FALSE	0	5.12028604520984e-10	0	0	0	0	0	2.91261e-29
rs34475718	4	18875080	0.6688	-0.0049	0.0114	0.7322	0.2678	49053	1411006	0.0335965875351613	A	T	FALSE	0	2.64592335857129e-10	0	0	0	0	0	2.76118e-29
rs34493861	4	17688611	0.5322	0.0064	0.0102	0.6082	0.3918	56306	1417791	0.0381969436203995	T	C	FALSE	0	2.62840918652543e-10	0	0	0	0	0	2.78647e-29
rs34497096	4	18013639	1.548e-09	0.0843	0.014	0.8613	0.1387	56306	1417791	0.0381969436203995	T	C	FALSE	0	0.0202443126016175	0	0	0	0	0	0
rs34508078	4	17409947	0.5925	0.0057	0.0106	0.3499	0.3499	49053	1411006	0.0335965875351613	A	G	FALSE	0	2.59238834612385e-10	0	0	0	0	0	6.69798e-28
rs34533436	4	17967958	2.384e-09	-0.0827	0.0139	0.1404	0.1404	56306	1417791	0.0381969436203995	A	G	FALSE	0	0.0131230034198287	0	0	0	0	0	0
rs34583803	4	17553209	0.4262	-0.0089	0.0111	0.5506	0.4494	49053	1411006	0.0335965875351613	C	G	FALSE	0	3.23754885874522e-10	0	0	0	0	0	1.8525e-29
rs34588175	4	17967114	2.584e-06	-0.0754	0.016	0.1636	0.1636	42598	1322509	0.0312048799105125	A	G	FALSE	0	2.09309155746492e-05	0	0	0	0	0	0
rs34613247	4	18693248	0.08493	0.019	0.011	0.7102	0.2898	50092	1411760	0.0342661226991515	C	G	FALSE	0	1.0304440202914e-09	0	0	0	0	0	1.4255e-25
rs34632533	4	16989433	0.9196	0.002	0.0197	0.9297	0.0703	49053	1411006	0.0335965875351613	C	G	FALSE	0	4.17806409921421e-10	0	0	0	0	0	1.83488e-29
rs34638346	4	18817981	0.9136	0.0022	0.0201	0.0752	0.0752	49053	1411006	0.0335965875351613	T	C	FALSE	0	4.26558044612445e-10	0	0	0	0	0	2.91165e-28
rs34639194	4	17896575	6.644e-09	0.0814	0.014	0.8636	0.1364	56306	1417791	0.0381969436203995	C	G	FALSE	0	0.0059775416865916	0	0	0	0	0	0
rs34678313	4	18782542	0.4023	-0.0094	0.0112	0.6879	0.3121	49053	1411006	0.0335965875351613	A	T	FALSE	0	3.36827460834896e-10	0	0	0	0	0	1.87061e-28
rs34683079	4	17939302	4.832e-10	0.0821	0.0132	0.8398	0.1602	56306	1417791	0.0381969436203995	T	C	FALSE	0	0.0645426723824806	0	0	0	0	0	0
rs34726987	4	17039583	0.9229	-0.0023	0.0237	0.0505	0.0505	49053	1411006	0.0335965875351613	T	C	FALSE	0	5.01332688867235e-10	0	0	0	0	0	3.32645e-29
rs34728601	4	17016951	0.8581	0.0042	0.0237	0.9496	0.0504	49053	1411006	0.0335965875351613	T	C	FALSE	0	5.0679739161723e-10	0	0	0	0	0	2.66987e-29
rs34773031	4	17000400	0.3172	0.0113	0.0113	0.2893	0.2893	49053	1411006	0.0335965875351613	T	C	FALSE	0	3.93759954365338e-10	0	0	0	0	0	3.3049e-29
rs34777344	4	17304849	0.3717	0.0088	0.0098	0.6157	0.3843	56306	1417791	0.0381969436203995	T	C	FALSE	0	3.10289696131942e-10	0	0	0	0	0	2.47684e-29
rs34789637	4	16994991	0.827	-0.0053	0.0243	0.05	0.05	49053	1411006	0.0335965875351613	T	C	FALSE	0	5.23591533264265e-10	0	0	0	0	0	4.83716e-29
rs34792948	4	17547543	0.3605	-0.0095	0.0104	0.4425	0.4425	49053	1411006	0.0335965875351613	T	C	FALSE	0	3.33839357904375e-10	0	0	0	0	0	1.84232e-29
rs34795372	4	17142116	0.1018	-0.0192	0.0117	0.7899	0.2101	56306	1417791	0.0381969436203995	T	C	FALSE	0	9.47563833458902e-10	0	0	0	0	0	1.63101e-28
rs34820698	4	17309494	0.1735	-0.0164	0.0121	0.3491	0.3491	42598	1322509	0.0312048799105125	A	C	FALSE	0	6.39488602456354e-10	0	0	0	0	0	2.93223e-29
rs34859220	4	17521797	0.01702	0.0326	0.0137	0.1374	0.1374	56306	1417791	0.0381969436203995	A	G	FALSE	0	4.85184280711868e-09	0	0	0	0	0	1.45184e-24
rs34868635	4	17001005	0.5177	-0.0123	0.019	0.0808	0.0808	49053	1411006	0.0335965875351613	T	C	FALSE	0	4.93606588311841e-10	0	0	0	0	0	3.33356e-29
rs34869264	4	17640270	0.1493	0.164	0.1137	0.9882	0.0118	26784	442436	0.0570819658156089	A	T	FALSE	0	4.6000773285356e-09	0	0	0	0	0	1.26341e-28
rs34870485	4	17544637	0.4711	-0.014	0.0194	0.1062	0.1062	30435	974587	0.0302829191798786	T	C	FALSE	0	5.29893350476166e-10	0	0	0	0	0	2.61558e-28
rs34872714	4	17948045	0.008758	0.1067	0.0407	0.9689	0.0311	50092	1411760	0.0342661226991515	A	G	FALSE	0	2.29221853121325e-08	0	0	0	0	0	1.32303e-24
rs34890058	4	17041514	0.02826	0.1041	0.0475	0.012	0.012	49053	1411006	0.0335965875351613	C	G	FALSE	0	9.51570160360929e-09	0	0	0	0	0	2.76128e-28
rs34891733	4	17204557	0.9296	9e-04	0.0107	0.2917	0.2917	56306	1417791	0.0381969436203995	T	G	FALSE	0	2.27344244700777e-10	0	0	0	0	0	2.42843e-29
rs34914923	4	17511949	0.7431	-0.0039	0.0119	0.2562	0.2562	49053	1411006	0.0335965875351613	T	G	FALSE	0	2.65710974252041e-10	0	0	0	0	0	5.35787e-21
rs34916030	4	17901054	9.826e-09	-0.0805	0.014	0.1359	0.1359	56306	1417791	0.0381969436203995	T	G	FALSE	0	0.00412931983418335	0	0	0	0	0	0
rs34927251	4	18203112	0.5948	0.0059	0.011	0.7114	0.2886	50092	1411760	0.0342661226991515	T	C	FALSE	0	2.68786555900966e-10	0	0	0	0	0	3.10849e-26
rs34934312	4	17950172	6.069e-10	-0.0813	0.0131	0.1611	0.1611	56306	1417791	0.0381969436203995	A	T	FALSE	0	0.0589648968911373	0	0	9	1	0	0
rs34942066	4	18825848	0.05133	0.0208	0.0107	0.3728	0.3728	49053	1411006	0.0335965875351613	A	G	FALSE	0	1.4906508659778e-09	0	0	0	0	0	5.63228e-29
rs34946925	4	17990790	1.875e-09	-0.0839	0.014	0.1383	0.1383	56306	1417791	0.0381969436203995	T	C	FALSE	0	0.0170658286743161	0	0	0	0	0	0
rs34967214	4	16969228	0.9283	-0.0018	0.0196	0.0703	0.0703	49053	1411006	0.0335965875351613	T	C	FALSE	0	4.15320591170572e-10	0	0	0	0	0	1.94404e-29
rs34984670	4	17926107	0.02374	-0.0928	0.041	0.0319	0.0319	36384	1316478	0.026894095628379	A	G	FALSE	0	9.95000998145094e-09	0	0	0	0	0	2.01e-29
rs34995589	4	17032699	0.8764	0.0037	0.0236	0.9495	0.0505	49053	1411006	0.0335965875351613	A	T	FALSE	0	5.02993509320389e-10	0	0	0	0	0	2.71038e-29
rs35020962	4	17542907	0.8268	0.0029	0.0132	0.5568	0.4432	35345	1315724	0.0261607660304544	A	T	FALSE	0	2.8605830209914e-10	0	0	0	0	0	6.23498e-29
rs35030473	4	17033056	0.9453	7e-04	0.0101	0.3821	0.3821	56306	1417791	0.0381969436203995	A	G	FALSE	0	2.14386596676391e-10	0	0	0	0	0	2.20788e-29
rs35040985	4	18764288	0.993	2e-04	0.0178	0.9061	0.0939	49053	1411006	0.0335965875351613	A	G	FALSE	0	3.75943761451929e-10	0	0	0	0	0	1.84468e-29
rs35052774	4	17551305	0.8034	0.0027	0.0108	0.3488	0.3488	49053	1411006	0.0335965875351613	A	G	FALSE	0	2.35891692482426e-10	0	0	0	0	0	7.91558e-29
rs35059077	4	17542931	0.0674	0.0225	0.0123	0.2277	0.2277	56306	1417791	0.0381969436203995	T	C	FALSE	0	1.3783494908444e-09	0	0	0	0	0	9.52377e-29
rs35063089	4	17947642	2.138e-09	-0.0828	0.0138	0.1397	0.1397	56306	1417791	0.0381969436203995	A	C	FALSE	0	0.0175993039459649	0	0	0	0	1	1
rs35072602	4	17224721	0.6609	-0.0047	0.0108	0.6996	0.3004	56306	1417791	0.0381969436203995	A	G	FALSE	0	2.5129596304117e-10	0	0	0	0	0	3.0508e-29
rs35081654	4	18017938	4.623e-10	0.0813	0.013	0.8367	0.1633	56306	1417791	0.0381969436203995	A	T	FALSE	0	0.0787848865214685	0	0	0	0	0	0
rs35101164	4	17008928	0.8186	0.0025	0.0109	0.3427	0.3427	49053	1411006	0.0335965875351613	T	G	FALSE	0	2.36897568060838e-10	0	0	0	0	0	1.95817e-29
rs35108765	4	18426180	0.1679	0.0153	0.0111	0.707	0.293	49053	1411006	0.0335965875351613	T	C	FALSE	0	6.05816455670063e-10	0	0	0	0	0	2.23245e-29
rs35115887	4	18607906	0.7614	0.0036	0.0118	0.2328	0.2328	50455	1411925	0.0345019762305283	A	G	FALSE	0	2.61611960897092e-10	0	0	0	0	0	2.62853e-29
rs35116836	4	18213862	0.6373	-0.0053	0.0112	0.2789	0.2789	50092	1411760	0.0342661226991515	A	G	FALSE	0	2.65094789536354e-10	0	0	0	0	0	3.82924e-29
rs35128531	4	18669923	0.2325	0.0133	0.0111	0.7168	0.2832	49053	1411006	0.0335965875351613	T	C	FALSE	0	4.80662735338844e-10	0	0	0	0	0	9.53398e-27
rs35181857	4	17022948	0.889	0.0014	0.0102	0.3808	0.3808	56306	1417791	0.0381969436203995	T	C	FALSE	0	2.18024469103847e-10	0	0	0	0	0	2.14468e-29
rs35199699	4	17324702	0.3072	0.0129	0.0127	0.8162	0.1838	56306	1417791	0.0381969436203995	T	C	FALSE	0	4.49220364456946e-10	0	0	0	0	0	1.28368e-28
rs35210497	4	17985374	3.598e-10	0.0818	0.013	0.8377	0.1623	56306	1417791	0.0381969436203995	T	C	FALSE	0	0.100180973575509	0	0	7	1	1	1
rs35216955	4	17527113	0.41	0.0097	0.0118	0.7585	0.2415	49053	1411006	0.0335965875351613	A	G	FALSE	0	3.49737630936416e-10	0	0	0	0	0	6.99087e-23
rs35223639	4	17354378	0.3386	-0.0097	0.0101	0.4658	0.4658	50092	1411760	0.0342661226991515	A	G	FALSE	0	3.38794063018239e-10	0	0	0	0	0	3.49829e-29
rs35226872	4	17101703	0.2589	0.0241	0.0213	0.936	0.064	49053	1411006	0.0335965875351613	A	G	FALSE	0	8.45652230227236e-10	0	0	0	0	0	2.21724e-29
rs35232787	4	17544056	0.06134	-0.0234	0.0125	0.7772	0.2228	56306	1417791	0.0381969436203995	A	G	FALSE	0	1.51516076860313e-09	0	0	0	0	0	1.37299e-28
rs35238292	4	17055209	0.6416	-0.0073	0.0157	0.8832	0.1168	49053	1411006	0.0335965875351613	C	G	FALSE	0	3.6949901031855e-10	0	0	0	0	0	1.9351e-29
rs35264588	4	17308432	0.1291	0.015	0.0099	0.6534	0.3466	56306	1417791	0.0381969436203995	A	C	FALSE	0	6.58833558509354e-10	0	0	0	0	0	1.38452e-28
rs35271863	4	17137683	0.4426	-0.0076	0.0098	0.4353	0.4353	56306	1417791	0.0381969436203995	T	C	FALSE	0	2.8014139730185e-10	0	0	0	0	0	1.83219e-29
rs35272899	4	17022913	0.8835	0.0035	0.0237	0.9495	0.0505	49053	1411006	0.0335965875351613	A	G	FALSE	0	5.0440510420981e-10	0	0	0	0	0	2.71825e-29
rs35297614	4	17309310	0.1248	0.0152	0.0099	0.6551	0.3449	56306	1417791	0.0381969436203995	T	C	FALSE	0	6.79399148706947e-10	0	0	0	0	0	1.44871e-28
rs35304330	4	17438132	0.7359	-0.0034	0.01	0.4758	0.4758	49053	1411006	0.0335965875351613	A	G	FALSE	0	2.24329485169021e-10	0	0	0	0	0	3.74564e-29
rs35312595	4	18712397	0.197	-0.0255	0.0197	0.8789	0.1211	46605	839595	0.0525897088693297	A	G	FALSE	0	9.53005763221282e-10	0	0	0	0	0	6.67025e-29
rs35317957	4	17986863	4.254e-10	0.0812	0.013	0.8373	0.1627	56306	1417791	0.0381969436203995	T	C	FALSE	0	0.0751019504937218	0	0	1	1	0	0
rs35320563	4	17296842	0.4411	0.008	0.0103	0.6035	0.3965	55137	1416823	0.0374582189733417	T	C	FALSE	0	2.94646315534718e-10	0	0	0	0	0	2.25595e-29
rs35328150	4	17308671	0.1288	0.0149	0.0098	0.6521	0.3479	56306	1417791	0.0381969436203995	T	G	FALSE	0	6.57443423182831e-10	0	0	0	0	0	1.40185e-28
rs35338009	4	17984842	4.033e-10	-0.0813	0.013	0.1627	0.1627	56306	1417791	0.0381969436203995	T	G	FALSE	0	0.0787848865214685	0	0	6	1	0	0
rs35341436	4	17029158	0.8861	-0.0014	0.0101	0.6157	0.3843	56306	1417791	0.0381969436203995	A	G	FALSE	0	2.15932910401588e-10	0	0	0	0	0	1.93124e-29
rs35348660	4	17988635	3.909e-10	-0.0814	0.013	0.1628	0.1628	56306	1417791	0.0381969436203995	A	T	FALSE	0	0.0826533006199047	0	0	2	1	0	0
rs35350347	4	17417363	0.2483	-0.018	0.0156	0.855	0.145	49053	1411006	0.0335965875351613	T	C	FALSE	0	6.39071581373269e-10	0	0	0	0	0	1.84149e-29
rs35362908	4	17994298	1.739e-09	0.0838	0.0139	0.8614	0.1386	56306	1417791	0.0381969436203995	T	C	FALSE	0	0.0210321970707887	0	0	0	0	0	0
rs35398612	4	18382465	0.8287	-0.0263	0.1217	0.0107	0.0107	26421	442271	0.056371775067635	C	G	FALSE	0	2.24221296928184e-09	0	0	0	0	0	3.02174e-29
rs35399457	4	17551474	0.7533	-0.0034	0.0108	0.6493	0.3507	49053	1411006	0.0335965875351613	C	G	FALSE	0	2.4023647086502e-10	0	0	0	0	0	3.29857e-29
rs35414371	4	17530692	0.01555	0.0333	0.0138	0.136	0.136	56306	1417791	0.0381969436203995	A	T	FALSE	0	5.29231519400029e-09	0	0	0	0	0	1.72903e-24
rs35482464	4	18719456	0.1204	0.0155	0.01	0.6262	0.3738	56306	1417791	0.0381969436203995	A	G	FALSE	0	7.01846269544719e-10	0	0	0	0	0	1.40149e-27
rs35499046	4	18159037	0.3149	0.0384	0.0382	0.9811	0.0189	49053	1411006	0.0335965875351613	C	G	FALSE	0	1.29531512861882e-09	0	0	0	0	0	2.31199e-29
rs35501294	4	16968891	0.9084	-0.0024	0.0206	0.0667	0.0667	49053	1411006	0.0335965875351613	A	G	FALSE	0	4.37402286740526e-10	0	0	0	0	0	1.96335e-29
rs35517960	4	17018228	0.4487	0.0328	0.0433	0.0187	0.0187	49053	1411006	0.0335965875351613	A	G	FALSE	0	1.1801940679685e-09	0	0	0	0	0	2.11406e-29
rs35530346	4	18854283	0.9799	3e-04	0.0118	0.7397	0.2603	47884	1410038	0.032844006743845	T	G	FALSE	0	2.49836696269666e-10	0	0	0	0	0	6.85756e-29
rs35546694	4	17543721	0.026	0.0261	0.0117	0.2594	0.2594	56306	1417791	0.0381969436203995	T	C	FALSE	0	2.9562699743518e-09	0	0	0	0	0	8.06251e-28
rs35564809	4	17309242	0.1328	-0.0148	0.0099	0.3469	0.3469	56306	1417791	0.0381969436203995	A	G	FALSE	0	6.39150654764102e-10	0	0	0	0	0	3.2626e-29
rs35565383	4	17984874	4.057e-10	0.0813	0.013	0.8373	0.1627	56306	1417791	0.0381969436203995	C	G	FALSE	0	0.0787848865214685	0	0	5	1	0	0
rs35566467	4	17110403	0.3669	0.0181	0.0201	0.9012	0.0988	42598	1322509	0.0312048799105125	T	C	FALSE	0	6.33469659615869e-10	0	0	0	0	0	1.86333e-29
rs35576152	4	16991854	0.9578	0.0013	0.0239	0.9486	0.0514	49053	1411006	0.0335965875351613	A	G	FALSE	0	5.03896402918942e-10	0	0	0	0	0	3.4248e-29
rs35587956	4	17944743	4.958e-09	-0.0808	0.0138	0.1409	0.1409	56306	1417791	0.0381969436203995	T	C	FALSE	0	0.00748474351315093	0	0	0	0	0	0
rs35613046	4	18005966	6.122e-10	0.0811	0.0131	0.8383	0.1617	56306	1417791	0.0381969436203995	A	G	FALSE	0	0.0536624437112567	0	0	0	0	0	0
rs35620528	4	18730304	0.9856	0.001	0.0579	0.9845	0.0155	47884	1410038	0.032844006743845	A	G	FALSE	0	1.17937150260303e-09	0	0	0	0	0	8.37153e-27
rs35622894	4	17929747	4.897e-09	0.0811	0.0139	0.8601	0.1399	56306	1417791	0.0381969436203995	T	C	FALSE	0	0.00668189188633277	0	0	0	0	0	0
rs35650344	4	17473415	0.594	-0.0147	0.0276	0.0624	0.0624	35345	1315724	0.0261607660304544	A	G	FALSE	0	6.66268035530629e-10	0	0	0	0	0	2.18177e-29
rs35654348	4	17933639	3.264e-09	-0.0819	0.0138	0.1397	0.1397	56306	1417791	0.0381969436203995	T	C	FALSE	0	0.0119475442389	0	0	0	0	0	0
rs35662238	4	17782705	0.0005049	-0.0397	0.0114	0.2399	0.2399	56306	1417791	0.0381969436203995	A	G	FALSE	0	1.01745301354343e-07	0	0	0	0	0	2.50744e-29
rs35665493	4	17547961	0.5793	0.0062	0.0112	0.3161	0.3161	56306	1417791	0.0381969436203995	A	C	FALSE	0	2.76224314964892e-10	0	0	0	0	0	1.84177e-29
rs35695759	4	18049018	0.3363	-0.0101	0.0105	0.6978	0.3022	56306	1417791	0.0381969436203995	A	C	FALSE	0	3.52651799737181e-10	0	0	0	0	0	1.16824e-27
rs35714957	4	17462414	0.7195	0.0041	0.0115	0.5249	0.4751	49053	1411006	0.0335965875351613	A	G	FALSE	0	2.59346356901167e-10	0	0	0	0	0	1.47912e-28
rs35751666	4	18811564	0.9959	1e-04	0.0197	0.9221	0.0779	49053	1411006	0.0335965875351613	A	G	FALSE	0	4.15684694373174e-10	0	0	0	0	0	1.86374e-28
rs35763526	4	17416524	0.3275	0.0118	0.012	0.7208	0.2792	49053	1411006	0.0335965875351613	A	G	FALSE	0	4.11155390199236e-10	0	0	0	0	0	4.28621e-29
rs35782933	4	17012258	0.8997	-0.0031	0.0243	0.0496	0.0496	49053	1411006	0.0335965875351613	T	C	FALSE	0	5.15579485198209e-10	0	0	0	0	0	3.55462e-29
rs35787083	4	17941937	2.684e-09	0.083	0.014	0.8615	0.1385	56306	1417791	0.0381969436203995	A	G	FALSE	0	0.0116552629695929	0	0	0	0	0	0
rs35788979	4	17074166	0.5188	-0.0088	0.0136	0.1764	0.1764	49053	1411006	0.0335965875351613	A	G	FALSE	0	3.54343049917978e-10	0	0	0	0	0	2.5709e-29
rs35800195	4	18485720	0.254	0.0157	0.0138	0.6752	0.3248	35345	1315724	0.0261607660304544	A	T	FALSE	0	5.55856295662381e-10	0	0	0	0	0	2.39532e-29
rs35809259	4	18729198	0.2568	-0.0238	0.021	0.1945	0.1945	27987	403176	0.064910486289408	A	C	FALSE	0	8.35794200516713e-10	0	0	0	0	0	2.16766e-29
rs35811473	4	17918700	4.746e-09	-0.081	0.0138	0.1415	0.1415	56306	1417791	0.0381969436203995	A	C	FALSE	0	0.00814517159876617	0	0	0	0	0	0
rs35850168	4	18913277	0.1326	-0.02	0.0133	0.3753	0.3753	35345	1315724	0.0261607660304544	A	T	FALSE	0	8.67269124005169e-10	0	0	0	0	0	4.75512e-29
rs35852935	4	17991522	1.345e-05	0.125	0.0287	0.9616	0.0384	56306	1417791	0.0381969436203995	A	C	FALSE	0	6.54501885461202e-06	0	0	0	0	0	3.23976e-14
rs35870853	4	17309478	0.1316	-0.0148	0.0098	0.3475	0.3475	56306	1417791	0.0381969436203995	A	G	FALSE	0	6.4737999511221e-10	0	0	0	0	0	3.44012e-29
rs35875081	4	17241338	0.6755	-0.0972	0.2322	0.0126	0.0126	4524	3551	0.560247678018576	A	G	FALSE	0	3.33515113635003e-09	0	0	0	0	0	2.67652e-29
rs35885815	4	16971754	0.5642	0.0107	0.0186	0.9208	0.0792000000000001	49053	1411006	0.0335965875351613	A	G	FALSE	0	4.62676127823503e-10	0	0	0	0	0	1.83902e-29
rs35889155	4	16979325	0.9238	0.0022	0.023	0.9479	0.0521	49053	1411006	0.0335965875351613	A	G	FALSE	0	4.86658863510113e-10	0	0	0	0	0	3.32946e-29
rs35894004	4	17019679	0.9197	-0.0034	0.034	0.9705	0.0295	47884	1410038	0.032844006743845	A	C	FALSE	0	7.14153783338811e-10	0	0	0	0	0	1.90641e-29
rs35902544	4	17055188	0.6686	-0.0067	0.0157	0.8832	0.1168	49053	1411006	0.0335965875351613	T	C	FALSE	0	3.63294277652043e-10	0	0	0	0	0	1.88501e-29
rs35915791	4	17217890	0.7147	0.0039	0.0108	0.2905	0.2905	56306	1417791	0.0381969436203995	T	C	FALSE	0	2.44013774032875e-10	0	0	0	0	0	2.12138e-29
rs35918914	4	17438597	0.7251	0.0035	0.01	0.5241	0.4759	49053	1411006	0.0335965875351613	T	C	FALSE	0	2.25102821791831e-10	0	0	0	0	0	1.22373e-28
rs35921582	4	17913879	6.771e-09	0.0803	0.0139	0.86	0.14	56306	1417791	0.0381969436203995	A	G	FALSE	0	0.0047915943703974	0	0	0	0	0	0
rs35981915	4	16998465	0.7447	-0.0034	0.0103	0.6264	0.3736	49580	1411478	0.0339343133537478	A	G	FALSE	0	2.30276514859132e-10	0	0	0	0	0	2.08068e-29
rs36021783	4	17078861	0.2011	-0.0274	0.0214	0.0645	0.0645	49053	1411006	0.0335965875351613	A	C	FALSE	0	1.0145724987319e-09	0	0	0	0	0	1.09987e-28
rs36026630	4	16982729	0.7656	-0.0039	0.013	0.1837	0.1837	49053	1411006	0.0335965875351613	T	C	FALSE	0	2.87658886504117e-10	0	0	0	0	0	3.85659e-29
rs36027619	4	17525356	0.01742	0.0327	0.0138	0.1356	0.1356	56306	1417791	0.0381969436203995	T	C	FALSE	0	4.77206299525769e-09	0	0	0	0	0	1.39559e-24
rs36039076	4	17308809	0.1156	-0.0155	0.0098	0.3477	0.3477	56306	1417791	0.0381969436203995	A	G	FALSE	0	7.2277046158179e-10	0	0	0	0	0	3.61442e-29
rs36040618	4	17543055	0.0614	0.0231	0.0123	0.2283	0.2283	56306	1417791	0.0381969436203995	T	C	FALSE	0	1.50827772218065e-09	0	0	0	0	0	1.0485e-28
rs36063086	4	17550823	0.56	-0.0066	0.0112	0.6855	0.3145	56306	1417791	0.0381969436203995	T	C	FALSE	0	2.8190147609666e-10	0	0	0	0	0	3.53303e-29
rs36124679	4	16990062	0.8085	-0.0032	0.013	0.1836	0.1836	49053	1411006	0.0335965875351613	A	G	FALSE	0	2.83477591554402e-10	0	0	0	0	0	3.63273e-29
rs3733570	4	17503433	0.917	-0.0041	0.0392	0.0214	0.0214	49053	1411006	0.0335965875351613	T	C	FALSE	0	8.19930235277051e-10	0	0	0	0	0	1.83021e-29
rs3733571	4	17503546	0.8918	-0.0042	0.031	0.0452	0.0452	35345	1315724	0.0261607660304544	T	C	FALSE	0	6.55371808384337e-10	0	0	0	0	0	2.66225e-29
rs3733572	4	17503551	0.8712	-0.0082	0.0503	0.9773	0.0227000000000001	35345	1315724	0.0261607660304544	A	G	FALSE	0	1.04728861400864e-09	0	0	0	0	0	1.83037e-29
rs3733573	4	17503561	0.8306	0.0031	0.0143	0.7194	0.2806	35345	1315724	0.0261607660304544	T	C	FALSE	0	3.09578366983439e-10	0	0	0	0	0	4.85235e-27
rs3733574	4	17511127	0.1671	0.0163	0.0118	0.7344	0.2656	49053	1411006	0.0335965875351613	T	C	FALSE	0	6.46289747687086e-10	0	0	0	0	0	1.48682e-23
rs3733575	4	17511242	0.2595	-0.0115	0.0102	0.5429	0.4571	56306	1417791	0.0381969436203995	T	C	FALSE	0	4.07131529967371e-10	0	0	0	0	0	1.06177e-27
rs3733576	4	17586703	0.4106	-0.0081	0.0098	0.3608	0.3608	56306	1417791	0.0381969436203995	T	C	FALSE	0	2.91798928566348e-10	0	0	0	0	0	2.1403e-24
rs3733577	4	17649233	0.1445	-0.0142	0.0097	0.3803	0.3803	56306	1417791	0.0381969436203995	T	G	FALSE	0	5.98296943347398e-10	0	0	0	0	0	7.57238e-25
rs3733579	4	17694943	0.2807	-0.0105	0.0097	0.4008	0.4008	56306	1417791	0.0381969436203995	A	G	FALSE	0	3.6854943343607e-10	0	0	0	0	0	2.76207e-29
rs3733581	4	17695206	0.2372	0.0115	0.0098	0.5998	0.4002	56306	1417791	0.0381969436203995	C	G	FALSE	0	4.1247381914714e-10	0	0	0	0	0	3.02396e-29
rs3733583	4	17711076	0.02381	0.0275	0.0122	0.2003	0.2003	56306	1417791	0.0381969436203995	T	C	FALSE	0	3.24465370798296e-09	0	0	0	0	1	1
rs3775921	4	17489366	0.424	0.0191	0.0238	0.0452	0.0452	49053	1411006	0.0335965875351613	A	G	FALSE	0	6.88352907483917e-10	0	0	0	0	0	1.79462e-28
rs3775923	4	17585625	0.4113	-0.0081	0.0098	0.3608	0.3608	56306	1417791	0.0381969436203995	T	C	FALSE	0	2.91798928566348e-10	0	0	0	0	0	2.20285e-24
rs3775924	4	17585984	0.4689	-0.0071	0.0098	0.3641	0.3641	56306	1417791	0.0381969436203995	T	C	FALSE	0	2.69648919541334e-10	0	0	0	0	0	2.95647e-24
rs3775925	4	17588437	0.5166	-0.0063	0.0098	0.3629	0.3629	56306	1417791	0.0381969436203995	A	G	FALSE	0	2.55046125926107e-10	0	0	0	0	0	4.62445e-24
rs3775926	4	17599837	0.4239	0.0078	0.0098	0.6348	0.3652	56306	1417791	0.0381969436203995	A	G	FALSE	0	2.84658735561768e-10	0	0	0	0	0	7.2705e-21
rs3775927	4	17599894	0.4106	0.008	0.0098	0.6344	0.3656	56306	1417791	0.0381969436203995	T	G	FALSE	0	2.89369123441009e-10	0	0	0	0	0	1.51493e-21
rs3795243	4	17829990	6.886e-06	-0.0646	0.0144	0.1258	0.1258	56306	1417791	0.0381969436203995	C	G	FALSE	0	6.77986163897636e-06	0	0	0	0	1	1
rs3796809	4	17503839	0.09513	-0.0187	0.0112	0.2802	0.2802	49053	1411006	0.0335965875351613	A	G	FALSE	0	9.5143158396405e-10	0	0	0	0	0	4.83087e-29
rs3796812	4	17582051	0.4006	0.0082	0.0098	0.6348	0.3652	56306	1417791	0.0381969436203995	A	G	FALSE	0	2.94279702922439e-10	0	0	0	0	0	1.99769e-21
rs3796813	4	17591648	0.4868	-0.0068	0.0097	0.3637	0.3637	56306	1417791	0.0381969436203995	A	G	FALSE	0	2.62491854932463e-10	0	0	0	0	0	3.35257e-24
rs3796814	4	17602033	0.3388	0.0095	0.0099	0.6339	0.3661	56306	1417791	0.0381969436203995	C	G	FALSE	0	3.31862703496993e-10	0	0	0	0	0	2.41454e-18
rs3815413	4	17654648	0.1253	-0.0147	0.0096	0.3942	0.3942	56306	1417791	0.0381969436203995	T	C	FALSE	0	6.54848664703817e-10	0	0	0	0	0	7.13044e-27
rs3815414	4	17606659	0.3153	0.0098	0.0098	0.6191	0.3809	56306	1417791	0.0381969436203995	A	G	FALSE	0	3.41760115359666e-10	0	0	0	0	0	2.62179e-22
rs3822231	4	17488905	0.932	-0.0026	0.0309	0.0452	0.0452	35345	1315724	0.0261607660304544	A	T	FALSE	0	6.49720385525708e-10	0	0	0	0	0	3.85627e-29
rs3822234	4	17512870	0.3564	-0.0117	0.0127	0.2266	0.2266	49053	1411006	0.0335965875351613	A	T	FALSE	0	4.10086819365612e-10	0	0	0	0	0	3.57082e-28
rs3822235	4	17694916	0.3187	-0.0098	0.0098	0.3885	0.3885	56306	1417791	0.0381969436203995	A	G	FALSE	0	3.41760115359666e-10	0	0	0	0	0	2.15366e-29
rs3846356	4	17614176	0.3287	0.0097	0.0099	0.6333	0.3667	56306	1417791	0.0381969436203995	T	C	FALSE	0	3.3841173153783e-10	0	0	0	0	0	5.24635e-18
rs3846357	4	17635887	0.1366	-0.0144	0.0097	0.3934	0.3934	56306	1417791	0.0381969436203995	A	T	FALSE	0	6.16718258433227e-10	0	0	0	0	0	2.70163e-27
rs3846358	4	17636032	0.1317	0.0146	0.0097	0.6059	0.3941	56306	1417791	0.0381969436203995	T	C	FALSE	0	6.35976435910326e-10	0	0	0	0	0	2.80354e-20
rs3857154	4	17133526	0.4559	0.0097	0.013	0.1635	0.1635	55137	1416823	0.0374582189733417	T	G	FALSE	0	3.62914143019406e-10	0	0	0	0	0	1.97085e-29
rs3864183	4	17538152	0.9258	-9e-04	0.0102	0.5656	0.4344	49580	1411478	0.0339343133537478	A	T	FALSE	0	2.16825941181012e-10	0	0	0	0	0	1.77168e-25
rs3899532	4	17133717	0.3931	0.0109	0.0127	0.1684	0.1684	56306	1417791	0.0381969436203995	A	G	FALSE	0	3.87821767552776e-10	0	0	0	0	0	2.09563e-29
rs3914688	4	18741897	0.2395	0.0122	0.0104	0.6757	0.3243	56306	1417791	0.0381969436203995	A	G	FALSE	0	4.37369447487618e-10	0	0	0	0	0	1.01315e-28
rs3921349	4	17107738	0.0156	-0.0234	0.0097	0.4363	0.4363	56306	1417791	0.0381969436203995	T	C	FALSE	0	3.74438746468433e-09	0	0	0	0	0	1.16916e-28
rs3922287	4	18265721	0.474	0.0119	0.0166	0.8781	0.1219	49053	1411006	0.0335965875351613	T	C	FALSE	0	4.52724987802152e-10	0	0	0	0	0	3.00391e-28
rs3924699	4	18691055	0.4926	0.0118	0.0173	0.9009	0.0991	49053	1411006	0.0335965875351613	C	G	FALSE	0	4.60352406409313e-10	0	0	0	0	0	6.82402e-26
rs3933453	4	17636319	0.1528	-0.0138	0.0097	0.3914	0.3914	56306	1417791	0.0381969436203995	A	C	FALSE	0	5.63805525833032e-10	0	0	0	0	0	8.56747e-27
rs3934548	4	18608433	0.1965	-0.0167	0.0129	0.8282	0.1718	56306	1417791	0.0381969436203995	A	G	FALSE	0	6.28768819328209e-10	0	0	0	0	0	2.31183e-29
rs3988	4	18241903	0.108	0.0164	0.0102	0.601	0.399	49053	1411006	0.0335965875351613	A	G	FALSE	0	7.84023332975437e-10	0	0	0	0	0	7.82841e-28
rs4055777	4	18797255	0.7992	0.003	0.0118	0.7359	0.2641	49053	1411006	0.0335965875351613	T	C	FALSE	0	2.57930873590177e-10	0	0	0	0	0	1.88335e-29
rs4055778	4	18747717	0.1035	0.0155	0.0095	0.533	0.467	56306	1417791	0.0381969436203995	T	G	FALSE	0	7.59239203950151e-10	0	0	0	0	0	8.9543e-29
rs4057148	4	18634008	0.7833	0.005	0.0181	0.9163	0.0837	49053	1411006	0.0335965875351613	A	T	FALSE	0	3.96946705359991e-10	0	0	0	0	0	7.68268e-27
rs4057302	4	18205979	0.04122	-0.0282	0.0138	0.1612	0.1612	50092	1411760	0.0342661226991515	T	G	FALSE	0	2.33186911118733e-09	0	0	0	0	0	8.47482e-29
rs4057984	4	17957200	3.837e-09	0.0775	0.0131	0.8368	0.1632	55137	1416823	0.0374582189733417	T	C	FALSE	0	0.0102397834827015	0	0	3	1	0	0
rs4108915	4	18786878	0.06859	-0.0188	0.0103	0.6185	0.3815	49053	1411006	0.0335965875351613	T	G	FALSE	0	1.1485919464843e-09	0	0	0	0	0	9.7239e-28
rs4108916	4	18786977	0.06815	0.0205	0.0112	0.2731	0.2731	49053	1411006	0.0335965875351613	T	C	FALSE	0	1.25933431399476e-09	0	0	0	0	0	1.43954e-28
rs41268395	4	17598840	0.4058	0.0251	0.0302	0.0389	0.0389	56306	1417791	0.0381969436203995	A	G	FALSE	0	8.87473206272037e-10	0	0	0	0	0	1.86485e-29
rs41268397	4	17599020	0.0463	0.0677	0.034	0.0234	0.0234	56306	1417791	0.0381969436203995	A	G	FALSE	0	4.88023529636797e-09	0	0	0	0	0	1.51735e-22
rs41268399	4	17640704	0.04043	0.0549	0.0268	0.0507	0.0507	56306	1417791	0.0381969436203995	A	G	FALSE	0	4.42403636340732e-09	0	0	0	0	0	3.17378e-29
rs41268401	4	17649529	0.9355	-0.004	0.05	0.0155	0.0155	49053	1411006	0.0335965875351613	T	G	FALSE	0	1.03157891330644e-09	0	0	0	0	0	1.51668e-26
rs41268403	4	17654653	0.5093	-0.0278	0.0422	0.0205	0.0205	49053	1411006	0.0335965875351613	T	G	FALSE	0	1.07761241214757e-09	0	0	0	0	0	2.08959e-29
rs41268407	4	17814110	0.1036	-0.0578	0.0355	0.0239	0.0239	56306	1417791	0.0381969436203995	T	G	FALSE	0	2.67881071720302e-09	0	0	0	0	1	1
rs41268411	4	17817171	7.682e-06	0.0668	0.0149	0.8787	0.1213	56306	1417791	0.0381969436203995	A	G	FALSE	0	6.89898192439183e-06	0	0	0	0	0	0
rs41268413	4	17824830	0.0004701	-0.1996	0.0571	0.0141	0.0141	56306	1417791	0.0381969436203995	T	C	FALSE	0	3.30699308439833e-07	0	0	0	0	0	2.07258e-29
rs4140904	4	18315992	0.4256	0.0094	0.0118	0.7536	0.2464	49053	1411006	0.0335965875351613	A	G	FALSE	0	3.42639419841074e-10	0	0	0	0	0	2.5177e-29
rs4144829	4	17903654	0.2647	-0.0122	0.0109	0.7372	0.2628	56306	1417791	0.0381969436203995	T	C	FALSE	0	4.30921741794388e-10	0	0	0	0	0	0
rs4146261	4	17373382	0.6145	-0.0061	0.0121	0.221	0.221	49053	1411006	0.0335965875351613	A	G	FALSE	0	2.90648102964165e-10	0	0	0	0	0	2.70975e-29
rs4147042	4	18840158	0.07281	0.0188	0.0105	0.3761	0.3761	49053	1411006	0.0335965875351613	A	G	FALSE	0	1.0995090485861e-09	0	0	0	0	0	4.03216e-29
rs4147043	4	18839839	0.6225	-0.005	0.0102	0.4764	0.4764	49053	1411006	0.0335965875351613	T	C	FALSE	0	2.43482894313498e-10	0	0	0	0	0	2.99207e-29
rs4147044	4	18795215	0.8296	0.0035	0.0161	0.108	0.108	49053	1411006	0.0335965875351613	T	C	FALSE	0	3.48343939841987e-10	0	0	0	0	0	8.393e-29
rs4147045	4	18795330	0.7722	-0.0046	0.0161	0.8917	0.1083	49053	1411006	0.0335965875351613	T	C	FALSE	0	3.54343401475015e-10	0	0	0	0	0	3.88796e-29
rs4147046	4	18700782	0.06825	0.0186	0.0102	0.632	0.368	56306	1417791	0.0381969436203995	T	C	FALSE	0	1.13402525991884e-09	0	0	0	0	0	1.22829e-26
rs4235280	4	18676132	0.3282	-0.0235	0.024	0.0488	0.0488	49053	1411006	0.0335965875351613	T	C	FALSE	0	8.10464144331859e-10	0	0	0	0	0	2.94077e-29
rs4235281	4	18676192	0.3168	0.024	0.024	0.9512	0.0488	49053	1411006	0.0335965875351613	A	G	FALSE	0	8.27104262312573e-10	0	0	0	0	0	3.19842e-29
rs4235283	4	18851444	0.6482	0.005	0.011	0.2943	0.2943	49053	1411006	0.0335965875351613	A	G	FALSE	0	2.58140150711781e-10	0	0	0	0	0	1.85288e-29
rs4235286	4	18893675	0.9546	-6e-04	0.0111	0.7194	0.2806	49053	1411006	0.0335965875351613	A	G	FALSE	0	2.35329617360856e-10	0	0	0	0	0	1.89091e-29
rs4235288	4	18900588	0.3091	0.011	0.0108	0.6704	0.3296	49053	1411006	0.0335965875351613	T	C	FALSE	0	3.83521435441661e-10	0	0	0	0	0	7.51408e-29
rs4235386	4	17362187	0.4869	-0.0084	0.0121	0.2251	0.2251	49053	1411006	0.0335965875351613	T	C	FALSE	0	3.25574204420293e-10	0	0	0	0	0	3.7742e-29
rs4235387	4	17569327	0.3665	-0.0093	0.0103	0.327	0.327	56306	1417791	0.0381969436203995	T	G	FALSE	0	3.27500714017999e-10	0	0	0	0	0	1.23826e-21
rs4235388	4	17682030	0.1139	0.0153	0.0096	0.6047	0.3953	56306	1417791	0.0381969436203995	A	G	FALSE	0	7.21863404026274e-10	0	0	0	0	0	1.38246e-28
rs4235389	4	17696280	0.2329	-0.0116	0.0098	0.399	0.399	56306	1417791	0.0381969436203995	T	C	FALSE	0	4.17452250736236e-10	0	0	0	0	0	3.28357e-29
rs4235390	4	17696378	0.2386	0.0114	0.0097	0.6007	0.3993	56306	1417791	0.0381969436203995	T	G	FALSE	0	4.09144827957233e-10	0	0	0	0	0	8.43921e-29
rs4235391	4	17696409	0.3418	-0.0094	0.0098	0.3995	0.3995	55137	1416823	0.0374582189733417	A	G	FALSE	0	3.28396429024249e-10	0	0	0	0	0	2.59299e-29
rs4235393	4	18165799	0.01993	0.0236	0.0101	0.4216	0.4216	49053	1411006	0.0335965875351613	T	C	FALSE	0	3.25637353926521e-09	0	0	0	0	0	4.73416e-27
rs4235394	4	18267182	0.3804	-0.0159	0.0181	0.1069	0.1069	47884	1410038	0.032844006743845	A	T	FALSE	0	5.60406427369932e-10	0	0	0	0	0	9.56921e-27
rs4235395	4	18557474	0.2497	-0.0123	0.0107	0.3324	0.3324	49053	1411006	0.0335965875351613	A	G	FALSE	0	4.37801246782274e-10	0	0	0	0	0	1.9271e-29
rs4235396	4	18575715	0.2779	0.0117	0.0108	0.6657	0.3343	49053	1411006	0.0335965875351613	A	G	FALSE	0	4.10474182978354e-10	0	0	0	0	0	5.09176e-28
rs4235397	4	18642109	0.06152	0.0237	0.0127	0.1737	0.1737	56306	1417791	0.0381969436203995	A	C	FALSE	0	1.52227750482031e-09	0	0	0	0	0	6.41982e-28
rs4235399	4	18665579	0.6656	0.0108	0.025	0.0732	0.0732	35345	1315724	0.0261607660304544	T	C	FALSE	0	5.76585441594385e-10	0	0	0	0	0	3.22353e-25
rs4254763	4	18894117	0.3564	-0.0126	0.0137	0.813	0.187	49053	1411006	0.0335965875351613	A	G	FALSE	0	4.4148090399604e-10	0	0	0	0	0	1.8404e-29
rs4256223	4	18642168	0.09181	0.0458	0.0272	0.9626	0.0374	49053	1411006	0.0335965875351613	A	T	FALSE	0	2.29861797003804e-09	0	0	0	0	0	6.79206e-29
rs4257654	4	18832310	0.8579	-0.0021	0.0116	0.725	0.275	49053	1411006	0.0335965875351613	T	C	FALSE	0	2.4958039718879e-10	0	0	0	0	0	2.40285e-29
rs4269172	4	18901705	0.315	-0.0103	0.0102	0.4014	0.4014	49053	1411006	0.0335965875351613	A	G	FALSE	0	3.59150520502229e-10	0	0	0	0	0	6.87728e-29
rs4270585	4	17741110	0.02178	0.0283	0.0123	0.1978	0.1978	56306	1417791	0.0381969436203995	A	G	FALSE	0	3.63633623407927e-09	0	0	0	0	1	1
rs4274838	4	18256125	0.2043	0.0133	0.0104	0.6349	0.3651	49053	1411006	0.0335965875351613	A	C	FALSE	0	4.97749821799531e-10	0	0	0	0	0	2.99917e-29
rs4274839	4	18642103	0.782	-0.005	0.0181	0.0837	0.0837	49053	1411006	0.0335965875351613	A	G	FALSE	0	3.96946705359991e-10	0	0	0	0	0	1.25316e-27
rs4279206	4	17756273	0.003695	-0.0346	0.0119	0.7875	0.2125	56306	1417791	0.0381969436203995	A	G	FALSE	0	1.69995888738208e-08	0	0	0	0	0	9.40507e-14
rs4280726	4	17139547	0.1452	-0.0174	0.0119	0.7894	0.2106	55137	1416823	0.0374582189733417	T	C	FALSE	0	7.30782537013307e-10	0	0	0	0	0	1.13046e-28
