SNP	CHR	POS	P	Effect	StdErr	Freq	MAF	N_cases	N_controls	proportion_cases	A1	A2	leadSNP	ABF.Credible_Set	ABF.PP	SUSIE.Credible_Set	SUSIE.PP	POLYFUN_SUSIE.Credible_Set	POLYFUN_SUSIE.PP	FINEMAP.Credible_Set	FINEMAP.PP
rs1000354	17	43413451	4.657e-11	-0.0733	0.0111	0.281	0.281	55137	1416823	0.0374582189733417	A	G	FALSE	0	6.3002867125176e-57	0	0	0	0	0	0
rs1001945	17	44005821	7.282e-22	0.0938	0.0098	0.4429	0.4429	55137	1416823	0.0374582189733417	C	G	FALSE	0	1.41553150657777e-46	0	0	0	0	0	0
rs1023995	17	43316520	0.03338	0.0229	0.0108	0.293	0.293	56306	1417791	0.0381969436203995	T	C	FALSE	0	2.09294588929596e-65	0	0	0	0	0	0
rs10401005	17	43557805	0.0001453	-0.0545	0.0144	0.737	0.263	41429	1321541	0.0303961202374227	A	G	FALSE	0	3.68264176820698e-63	0	0	0	0	0	0
rs10432034	17	43565690	2.391e-08	-0.0869	0.0156	0.7804	0.2196	41429	1321541	0.0303961202374227	T	C	FALSE	0	1.59878339631567e-59	0	0	0	0	0	0
rs10468514	17	43456240	4.164e-05	-0.0405	0.0099	0.5878	0.4122	55137	1416823	0.0374582189733417	A	G	FALSE	0	8.60625854093483e-63	0	0	0	0	0	0
rs1047833	17	43342141	0.3148	-0.0105	0.0104	0.72	0.28	56306	1417791	0.0381969436203995	C	G	FALSE	0	3.5621385251543e-66	0	0	0	0	0	0
rs1047841	17	43340631	0.1853	0.0284	0.0215	0.057	0.057	56306	1417791	0.0381969436203995	T	C	FALSE	0	1.04477610284603e-65	0	0	0	0	0	0
rs10514889	17	44051404	1.17e-19	0.089	0.0098	0.4239	0.4239	56306	1417791	0.0381969436203995	A	G	FALSE	0	1.48515682402226e-48	0	0	0	0	0	0
rs10514899	17	44119987	4.531e-18	-0.0849	0.0098	0.5935	0.4065	56306	1417791	0.0381969436203995	C	G	FALSE	0	3.6606423785229e-50	0	0	0	0	0	0
rs1078997	17	44109843	0.0003086	-0.0481	0.0133	0.8547	0.1453	56306	1417791	0.0381969436203995	A	G	FALSE	0	1.84100870287764e-63	0	0	0	0	0	0
rs10853050	17	43445792	9.024e-15	-0.0833	0.0107	0.3388	0.3388	55137	1416823	0.0374582189733417	A	G	FALSE	0	2.92652117127163e-53	0	0	0	0	0	0
rs1105568	17	43793427	0.0002193	0.0546	0.0148	0.1189	0.1189	55137	1416823	0.0374582189733417	A	C	FALSE	0	2.6478725235902e-63	0	0	0	0	0	0
rs11079492	17	43306305	0.4389	-0.009	0.0116	0.7884	0.2116	56306	1417791	0.0381969436203995	C	G	FALSE	0	3.22494543202166e-66	0	0	0	0	0	0
rs11079493	17	43306345	0.954	-8e-04	0.0139	0.1428	0.1428	56306	1417791	0.0381969436203995	C	G	FALSE	0	2.86550911489574e-66	0	0	0	0	0	0
rs11079502	17	43350666	0.00207	0.029	0.0094	0.4655	0.4655	56306	1417791	0.0381969436203995	A	G	FALSE	0	2.23559146071881e-64	0	0	0	0	0	0
rs11079503	17	43365089	0.01601	0.0338	0.014	0.1277	0.1277	56306	1417791	0.0381969436203995	T	C	FALSE	0	5.23739033795014e-65	0	0	0	0	0	0
rs11079524	17	43428218	2.216e-05	-0.0426	0.01	0.5911	0.4089	55137	1416823	0.0374582189733417	T	C	FALSE	0	1.75731414589823e-62	0	0	0	0	0	0
rs11079726	17	43976235	4.046e-15	0.0833	0.0106	0.315	0.315	55137	1416823	0.0374582189733417	A	G	FALSE	0	5.14953965302103e-53	0	0	0	0	0	0
rs11079727	17	43976813	2.514e-05	0.054	0.0128	0.1841	0.1841	55137	1416823	0.0374582189733417	A	C	FALSE	0	1.86135309277937e-62	0	0	0	0	0	0
rs11079728	17	44090196	0.0002471	-0.0748	0.0204	0.9398	0.0602	56306	1417791	0.0381969436203995	T	C	FALSE	0	3.24536265004792e-63	0	0	0	0	0	0
rs11079730	17	44142132	0.000471	0.0476	0.0136	0.1454	0.1454	56306	1417791	0.0381969436203995	C	G	FALSE	0	1.24412744904288e-63	0	0	0	0	0	0
rs11079731	17	44143470	8.643e-05	0.0511	0.013	0.1626	0.1626	56306	1417791	0.0381969436203995	T	C	FALSE	0	5.86894470475371e-63	0	0	0	0	0	0
rs11079732	17	44161581	3.248e-25	0.1017	0.0098	0.4636	0.4636	56306	1417791	0.0381969436203995	T	C	FALSE	0	4.31091665723123e-43	0	0	0	0	0	0
rs111244088	17	43379765	0.01933	-0.0327	0.014	0.8721	0.1279	56306	1417791	0.0381969436203995	T	C	FALSE	0	4.34978370432183e-65	0	0	0	0	0	0
rs111358211	17	43932122	1.309e-07	0.1017	0.0193	0.0713	0.0713	55137	1416823	0.0374582189733417	T	C	FALSE	0	3.73195208978478e-60	0	0	0	0	0	0
rs111602534	17	43287317	0.1135	-0.0275	0.0173	0.9103	0.0897	56306	1417791	0.0381969436203995	T	C	FALSE	0	1.24612191283324e-65	0	0	0	0	0	0
rs111858497	17	43282726	0.0005344	0.075	0.0217	0.0611	0.0611	56306	1417791	0.0381969436203995	A	C	FALSE	0	1.62996992448663e-63	0	0	0	0	0	0
rs111882557	17	43377320	0.01955	0.0326	0.014	0.1279	0.1279	56306	1417791	0.0381969436203995	A	G	FALSE	0	4.27827197728543e-65	0	0	0	0	0	0
rs111999393	17	43325185	0.6864	-0.0057	0.014	0.8564	0.1436	56306	1417791	0.0381969436203995	T	C	FALSE	0	3.12898934732481e-66	0	0	0	0	0	0
rs112023302	17	43276617	0.1013	-0.0295	0.018	0.1073	0.1073	56306	1417791	0.0381969436203995	A	G	FALSE	0	1.40152214649459e-65	0	0	0	0	0	0
rs112120661	17	43430388	0.2067	0.0151	0.012	0.2261	0.2261	55137	1416823	0.0374582189733417	T	C	FALSE	0	5.43896947837252e-66	0	0	0	0	0	0
rs112297877	17	43275949	4.714e-07	0.0675	0.0134	0.684	0.316	42598	1322509	0.0312048799105125	C	G	FALSE	0	8.43401310646321e-61	0	0	0	0	0	0
rs112416568	17	43288550	0.07322	-0.0324	0.0181	0.1077	0.1077	56306	1417791	0.0381969436203995	T	G	FALSE	0	1.82211904544782e-65	0	0	0	0	0	0
rs112969331	17	43378398	0.01978	0.0325	0.014	0.1279	0.1279	56306	1417791	0.0381969436203995	C	G	FALSE	0	4.20814957331102e-65	0	0	0	0	0	0
rs113100008	17	43789710	1.529e-18	0.2393	0.0272	0.9177	0.0823	41429	1321541	0.0303961202374227	C	G	FALSE	0	1.76739865415247e-49	6	1	0	0	0	0
rs1133458	17	43315547	0.9657	6e-04	0.0137	0.1454	0.1454	56306	1417791	0.0381969436203995	A	G	FALSE	0	2.82251401761905e-66	0	0	0	0	0	0
rs113564729	17	44179095	2.648e-20	0.0948	0.0103	0.4097	0.4097	55137	1416823	0.0374582189733417	A	G	FALSE	0	4.70959043374164e-48	0	0	0	0	0	0
rs113819830	17	43292279	1.055e-06	-0.0488	0.01	0.449	0.449	56306	1417791	0.0381969436203995	T	C	FALSE	0	2.96695347858608e-61	0	0	0	0	0	0
rs113847117	17	43287288	0.1123	0.0275	0.0173	0.0898	0.0898	56306	1417791	0.0381969436203995	T	C	FALSE	0	1.24612191283324e-65	0	0	0	0	0	0
rs114469358	17	43962562	2.615e-06	-0.069	0.0147	0.8751	0.1249	55137	1416823	0.0374582189733417	T	C	FALSE	0	1.73480830253953e-61	0	0	0	0	0	0
rs114557388	17	43840008	0.0006561	-0.0561	0.0165	0.9024	0.0976	55137	1416823	0.0374582189733417	A	G	FALSE	0	1.05628450725651e-63	0	0	0	0	0	0
rs115157874	17	43835281	0.003594	0.0497	0.0171	0.0877	0.0877	55137	1416823	0.0374582189733417	T	C	FALSE	0	2.32776434176207e-64	0	0	0	0	0	0
rs11574812	17	43369980	0.0001883	0.0877	0.0235	0.942	0.0580000000000001	56306	1417791	0.0381969436203995	C	G	FALSE	0	4.63098694888513e-63	0	0	0	0	0	0
rs11574814	17	43367424	0.001849	0.0393	0.0126	0.1838	0.1838	56306	1417791	0.0381969436203995	T	C	FALSE	0	3.29749641387594e-64	0	0	0	0	0	0
rs11574815	17	43365392	0.01473	0.0344	0.0141	0.1266	0.1266	56306	1417791	0.0381969436203995	A	G	FALSE	0	5.60757281195688e-65	0	0	0	0	0	0
rs11574817	17	43365184	0.306	0.0226	0.022	0.0541	0.0541	56306	1417791	0.0381969436203995	A	G	FALSE	0	7.59874771562261e-66	0	0	0	0	0	0
rs11574831	17	43347610	0.01244	0.0347	0.0139	0.1333	0.1333	56306	1417791	0.0381969436203995	T	C	FALSE	0	6.35694277229836e-65	0	0	0	0	0	0
rs11650773	17	43456676	1.023e-07	-0.0524	0.0099	0.4187	0.4187	55137	1416823	0.0374582189733417	T	C	FALSE	0	2.38865621287612e-60	0	0	0	0	0	0
rs11650810	17	43827534	0.0004412	0.0621	0.0177	0.0797	0.0797	55137	1416823	0.0374582189733417	A	G	FALSE	0	1.63295809597438e-63	0	0	0	0	0	0
rs11651809	17	43255681	0.2488	-0.0121	0.0105	0.7013	0.2987	56306	1417791	0.0381969436203995	C	G	FALSE	0	4.19453757852966e-66	0	0	0	0	0	0
rs11651968	17	43333125	0.05124	-0.0192	0.0098	0.4523	0.4523	56306	1417791	0.0381969436203995	T	C	FALSE	0	1.37001246907806e-65	0	0	0	0	0	0
rs11652070	17	43928667	9.19e-05	0.0744	0.019	0.0774	0.0774	55137	1416823	0.0374582189733417	T	C	FALSE	0	7.78298665986235e-63	0	0	0	0	0	0
rs11652638	17	44099668	0.003225	0.0636	0.0216	0.0567	0.0567	56306	1417791	0.0381969436203995	T	C	FALSE	0	3.21632890247284e-64	0	0	0	0	0	0
rs11652924	17	44182267	2.96e-27	0.109	0.0101	0.4695	0.4695	55137	1416823	0.0374582189733417	T	C	FALSE	0	3.50645281336747e-41	0	0	0	0	0	0
rs11653258	17	44017725	6.038e-13	0.0913	0.0127	0.2399	0.2399	36519	980404	0.0359112735182506	T	G	FALSE	0	3.93411185521854e-55	0	0	0	0	0	0
rs11653367	17	44191483	3.266e-19	-0.1005	0.0112	0.6569	0.3431	56306	1417791	0.0381969436203995	A	G	FALSE	0	6.20557924637612e-49	0	0	0	0	0	0
rs11654226	17	43493798	0.001333	-0.0414	0.0129	0.7926	0.2074	55137	1416823	0.0374582189733417	T	C	FALSE	0	4.4820230809522e-64	0	0	0	0	0	0
rs11654640	17	44162230	3.121e-25	-0.1017	0.0098	0.5371	0.4629	56306	1417791	0.0381969436203995	A	G	FALSE	0	4.31091665723123e-43	3	1	0	0	1	1
rs11654745	17	44131096	3.95e-18	0.0851	0.0098	0.4063	0.4063	56306	1417791	0.0381969436203995	A	G	FALSE	0	4.36764622445632e-50	0	0	0	0	0	0
rs11655764	17	43836477	6.024e-11	0.0692	0.0106	0.3064	0.3064	36519	980404	0.0359112735182506	A	G	FALSE	0	3.69683225269012e-57	0	0	0	0	0	0
rs11656151	17	44068492	1.372e-11	-0.0767	0.0113	0.7552	0.2448	56306	1417791	0.0381969436203995	A	G	FALSE	0	2.18475410988801e-56	0	0	0	0	0	0
rs11656414	17	43337970	0.007186	0.0254	0.0094	0.4498	0.4498	56306	1417791	0.0381969436203995	A	G	FALSE	0	7.39896239269881e-65	0	0	0	0	0	0
rs11657021	17	43378701	0.03702	-0.0458	0.022	0.9169	0.0831	56306	1417791	0.0381969436203995	T	C	FALSE	0	3.83871761181751e-65	0	0	0	0	0	0
rs11657504	17	44085610	0.002797	0.0454	0.0152	0.1253	0.1253	56306	1417791	0.0381969436203995	T	C	FALSE	0	2.63757552029235e-64	0	0	0	0	0	0
rs11657611	17	43832139	1.844e-11	0.0715	0.0106	0.3072	0.3072	36519	980404	0.0359112735182506	T	C	FALSE	0	1.55413039504897e-56	0	0	0	0	0	0
rs11657802	17	43489064	0.00219	0.07	0.0229	0.0812	0.0812	56306	1417791	0.0381969436203995	C	G	FALSE	0	4.7234150217464e-64	0	0	0	0	0	0
rs11657882	17	43945416	1.32e-17	0.0898	0.0105	0.3445	0.3445	36519	980404	0.0359112735182506	A	G	FALSE	0	1.49382855475564e-50	0	0	0	0	0	0
rs11657992	17	43920913	0.0003899	0.0708	0.02	0.0663	0.0663	55137	1416823	0.0374582189733417	T	C	FALSE	0	2.03070382465628e-63	0	0	0	0	0	0
rs116843903	17	43794040	0.002724	0.0562	0.0187	0.0733	0.0733	55137	1416823	0.0374582189733417	A	G	FALSE	0	3.37885935806729e-64	0	0	0	0	0	0
rs117029704	17	43519760	0.002894	-0.0981	0.0329	0.0516	0.0516	41429	1321541	0.0303961202374227	T	G	FALSE	0	5.07791014324381e-64	0	0	0	0	0	0
rs117139057	17	43472825	0.02069	0.0493	0.0213	0.0754	0.0754	56306	1417791	0.0381969436203995	C	G	FALSE	0	6.1758140446426e-65	0	0	0	0	0	0
rs117149222	17	43920497	0.0001652	-0.0581	0.0154	0.8958	0.1042	55137	1416823	0.0374582189733417	A	T	FALSE	0	3.74366034952254e-63	0	0	0	0	0	0
rs117225566	17	43283523	0.485	-0.0119	0.017	0.9042	0.0958	56306	1417791	0.0381969436203995	T	C	FALSE	0	4.45699442597363e-66	0	0	0	0	0	0
rs117301738	17	43918505	0.1711	0.0253	0.0185	0.0706	0.0706	55137	1416823	0.0374582189733417	A	G	FALSE	0	9.60531244118337e-66	0	0	0	0	0	0
rs117306614	17	43290731	0.9535	0.0012	0.0209	0.0746	0.0746	56306	1417791	0.0381969436203995	T	G	FALSE	0	4.29549749205427e-66	0	0	0	0	0	0
rs117319569	17	44237751	0.01365	0.08	0.0324	0.0529	0.0529	23980	886090	0.0263496214576901	T	C	FALSE	0	1.28661577793503e-64	0	0	0	0	0	0
rs117326137	17	43420085	0.01839	0.044	0.0187	0.0862	0.0862	55137	1416823	0.0374582189733417	T	C	FALSE	0	5.97378279122192e-65	0	0	0	0	0	0
rs117346071	17	43939668	0.03883	0.0389	0.0189	0.0906	0.0906	55137	1416823	0.0374582189733417	A	C	FALSE	0	3.16799171079356e-65	0	0	0	0	0	0
rs117405676	17	44241917	0.0002009	-0.0887	0.0239	0.9483	0.0517	56306	1417791	0.0381969436203995	A	C	FALSE	0	4.35164215072642e-63	0	0	0	0	0	0
rs117421612	17	43423162	0.2547	0.0307	0.0269	0.0568	0.0568	36519	980404	0.0359112735182506	A	G	FALSE	0	1.04275375083399e-65	0	0	0	0	0	0
rs117510714	17	43917216	0.1883	0.0241	0.0183	0.0715	0.0715	55137	1416823	0.0374582189733417	A	G	FALSE	0	8.88457024918284e-66	0	0	0	0	0	0
rs117562189	17	44074133	0.002168	0.0559	0.0182	0.0823	0.0823	55137	1416823	0.0374582189733417	A	G	FALSE	0	4.02225868605759e-64	0	0	0	0	0	0
rs117574138	17	43449181	0.03443	-0.0359	0.017	0.8839	0.1161	55137	1416823	0.0374582189733417	C	G	FALSE	0	3.19768624602912e-65	0	0	0	0	0	0
rs117615688	17	43798308	6.711e-16	-0.2324	0.0288	0.067	0.067	41429	1321541	0.0303961202374227	A	G	FALSE	0	4.18748415996301e-52	5	1	0	0	1	1
rs117642368	17	43399058	1.037e-25	-0.1842	0.0176	0.1069	0.1069	55137	1416823	0.0374582189733417	C	G	FALSE	0	1.44828923903323e-42	0	0	0	0	0	0
rs117754181	17	44186478	0.006867	0.0887	0.0328	0.0527	0.0527	23980	886090	0.0263496214576901	A	G	FALSE	0	2.34989219043088e-64	0	0	0	0	0	0
rs117755594	17	43517732	0.000531	0.1091	0.0315	0.0549	0.0549	35578	1315675	0.0263296362709278	T	C	FALSE	0	2.23513961815444e-63	0	0	0	0	0	0
rs117801051	17	43962575	2.044e-06	0.0701	0.0148	0.1236	0.1236	55137	1416823	0.0374582189733417	T	C	FALSE	0	2.13112700440847e-61	0	0	0	0	0	0
rs117884330	17	43289312	0.22	-0.022	0.0179	0.8998	0.1002	56306	1417791	0.0381969436203995	C	G	FALSE	0	7.78119678231227e-66	0	0	0	0	0	0
rs117913167	17	44212362	0.0006339	0.0453	0.0133	0.162	0.162	55137	1416823	0.0374582189733417	T	C	FALSE	0	8.81925031047827e-64	0	0	0	0	0	0
rs117990338	17	44068356	0.01479	0.0588	0.0241	0.0509	0.0509	56306	1417791	0.0381969436203995	T	C	FALSE	0	9.2797318928666e-65	0	0	0	0	0	0
rs118185397	17	44141223	4.984e-08	0.1529	0.028	0.0719	0.0719	36747	1316643	0.0271518187662093	T	C	FALSE	0	1.28288267699495e-59	0	0	0	0	0	0
rs11867300	17	43254152	0.5879	0.008	0.0148	0.126	0.126	56306	1417791	0.0381969436203995	A	G	FALSE	0	3.52123325335741e-66	0	0	0	0	0	0
rs11867549	17	44013235	6.057e-09	-0.0657	0.0113	0.7396	0.2604	36519	980404	0.0359112735182506	A	G	FALSE	0	4.83156985276277e-59	0	0	0	0	0	0
rs11867635	17	43892021	7.557e-07	0.0695	0.0141	0.1293	0.1293	55137	1416823	0.0374582189733417	A	G	FALSE	0	5.15627346703174e-61	0	0	0	0	0	0
rs11869074	17	44130069	0.0001968	0.0502	0.0135	0.1452	0.1452	56306	1417791	0.0381969436203995	T	G	FALSE	0	2.70908802010587e-63	0	0	0	0	0	0
rs11869096	17	43945100	4.152e-11	0.0655	0.0099	0.4436	0.4436	36519	980404	0.0359112735182506	A	G	FALSE	0	6.19017745704302e-57	0	0	0	0	0	0
rs11869822	17	43306148	0.4486	0.0089	0.0118	0.2087	0.2087	56306	1417791	0.0381969436203995	A	T	FALSE	0	3.22660514597879e-66	0	0	0	0	0	0
rs11869999	17	43389726	0.0005945	0.0328	0.0095	0.5371	0.4629	55137	1416823	0.0374582189733417	A	T	FALSE	0	7.48969204595496e-64	0	0	0	0	0	0
rs11870697	17	43277758	0.05047	0.0225	0.0115	0.2708	0.2708	56306	1417791	0.0381969436203995	T	C	FALSE	0	1.59585743673512e-65	0	0	0	0	0	0
rs11871395	17	43790056	1.082e-07	0.0629	0.0118	0.2057	0.2057	55137	1416823	0.0374582189733417	A	G	FALSE	0	3.42241507772917e-60	0	0	0	0	0	0
rs12051901	17	44074586	2.76e-14	0.0824	0.0108	0.2826	0.2826	56306	1417791	0.0381969436203995	A	G	FALSE	0	8.93241047893691e-54	0	0	0	0	0	0
rs12103702	17	43310840	0.09324	0.0341	0.0203	0.0617	0.0617	56306	1417791	0.0381969436203995	T	C	FALSE	0	1.68372960862748e-65	0	0	0	0	0	0
rs12150247	17	43480759	0.001903	-0.0709	0.0228	0.9189	0.0811	56306	1417791	0.0381969436203995	C	G	FALSE	0	5.52720514051451e-64	0	0	0	0	0	0
rs12150530	17	44090393	8.433e-06	-0.0587	0.0132	0.8419	0.1581	56306	1417791	0.0381969436203995	T	C	FALSE	0	5.12539117421631e-62	0	0	0	0	0	0
rs1230074	17	43468128	2.036e-05	0.0448	0.0105	0.304	0.304	55137	1416823	0.0374582189733417	A	T	FALSE	0	1.89360056221714e-62	0	0	0	0	0	0
rs1230075	17	43494497	1.968e-05	0.0461	0.0108	0.2878	0.2878	55137	1416823	0.0374582189733417	A	G	FALSE	0	1.96011943610156e-62	0	0	0	0	0	0
rs1230078	17	43497395	1.988e-05	0.0463	0.0108	0.2869	0.2869	55137	1416823	0.0374582189733417	T	C	FALSE	0	2.12122380111096e-62	0	0	0	0	0	0
rs1230079	17	43497978	1.131e-05	0.0474	0.0108	0.2925	0.2925	55137	1416823	0.0374582189733417	T	C	FALSE	0	3.29543480680932e-62	0	0	0	0	0	0
rs1230082	17	43500344	6.313e-06	-0.0487	0.0108	0.7002	0.2998	55137	1416823	0.0374582189733417	C	G	FALSE	0	5.62104577967107e-62	0	0	0	0	0	0
rs1230089	17	43468806	3.116e-05	0.0439	0.0105	0.3028	0.3028	55137	1416823	0.0374582189733417	T	C	FALSE	0	1.31973953078191e-62	0	0	0	0	0	0
rs1230090	17	43468865	2.4e-05	-0.0445	0.0105	0.6967	0.3033	55137	1416823	0.0374582189733417	A	G	FALSE	0	1.67752154285515e-62	0	0	0	0	0	0
rs1230091	17	43469064	3.212e-05	0.0437	0.0105	0.3025	0.3025	55137	1416823	0.0374582189733417	A	G	FALSE	0	1.219202562443e-62	0	0	0	0	0	0
rs1230092	17	43469284	2.964e-05	-0.0437	0.0105	0.6962	0.3038	55137	1416823	0.0374582189733417	A	C	FALSE	0	1.219202562443e-62	0	0	0	0	0	0
rs1230093	17	43469597	2.241e-05	0.0446	0.0105	0.302	0.302	55137	1416823	0.0374582189733417	A	G	FALSE	0	1.74650129442578e-62	0	0	0	0	0	0
rs1230094	17	43470156	2.644e-05	0.044	0.0105	0.3037	0.3037	55137	1416823	0.0374582189733417	A	G	FALSE	0	1.37326177060198e-62	0	0	0	0	0	0
rs1230095	17	43474440	6.15e-05	-0.0411	0.0103	0.6905	0.3095	56306	1417791	0.0381969436203995	C	G	FALSE	0	5.95859904439207e-63	0	0	0	0	0	0
rs1230096	17	43476527	4.072e-05	-0.0424	0.0103	0.693	0.307	56306	1417791	0.0381969436203995	A	T	FALSE	0	9.92519067241458e-63	0	0	0	0	0	0
rs1230098	17	43478193	3.171e-05	0.0426	0.0102	0.3102	0.3102	56306	1417791	0.0381969436203995	A	C	FALSE	0	1.26010419556282e-62	0	0	0	0	0	0
rs1230099	17	43478713	3.597e-05	0.0422	0.0102	0.3112	0.3112	56306	1417791	0.0381969436203995	A	G	FALSE	0	1.07101102676103e-62	0	0	0	0	0	0
rs1230101	17	43483774	3.81e-05	0.0421	0.0102	0.3098	0.3098	56306	1417791	0.0381969436203995	A	G	FALSE	0	1.02859616365558e-62	0	0	0	0	0	0
rs1230102	17	43485219	2.235e-05	0.046	0.0109	0.2935	0.2935	56306	1417791	0.0381969436203995	A	G	FALSE	0	1.61149189364249e-62	0	0	0	0	0	0
rs1230103	17	43485791	2.457e-05	0.0433	0.0103	0.3072	0.3072	56306	1417791	0.0381969436203995	A	G	FALSE	0	1.42623981692622e-62	0	0	0	0	0	0
rs1237651	17	43469114	3.372e-05	-0.0436	0.0105	0.6974	0.3026	55137	1416823	0.0374582189733417	T	C	FALSE	0	1.17200270128824e-62	0	0	0	0	0	0
rs12449740	17	43385349	4e-06	-0.0442	0.0096	0.4413	0.4413	55137	1416823	0.0374582189733417	A	G	FALSE	0	7.74231914236876e-62	0	0	0	0	0	0
rs12449792	17	43302259	9.666e-07	-0.0483	0.0099	0.4501	0.4501	56306	1417791	0.0381969436203995	T	C	FALSE	0	2.92179934456562e-61	0	0	0	0	0	0
rs12450321	17	43248581	0.405	0.0099	0.0119	0.2002	0.2002	56306	1417791	0.0381969436203995	T	C	FALSE	0	3.4598488624839e-66	0	0	0	0	0	0
rs12450413	17	43273187	0.01033	0.0294	0.0115	0.2323	0.2323	56306	1417791	0.0381969436203995	T	C	FALSE	0	6.15252513992115e-65	0	0	0	0	0	0
rs12452272	17	43424214	0.2006	0.0154	0.012	0.2274	0.2274	55137	1416823	0.0374582189733417	A	C	FALSE	0	5.61390455981845e-66	0	0	0	0	0	0
rs12453698	17	43306649	0.08311	0.0266	0.0153	0.1149	0.1149	56306	1417791	0.0381969436203995	T	C	FALSE	0	1.41407330817286e-65	0	0	0	0	0	0
rs12936181	17	43876479	0.0001243	-0.0603	0.0157	0.901	0.099	55137	1416823	0.0374582189733417	T	C	FALSE	0	4.9284008631163e-63	0	0	0	0	0	0
rs12939168	17	43461225	0.01753	-0.0532	0.0224	0.9289	0.0711000000000001	55137	1416823	0.0374582189733417	T	C	FALSE	0	7.44270159825249e-65	0	0	0	0	0	0
rs12940065	17	43865871	2.053e-06	0.0612	0.0129	0.1694	0.1694	55137	1416823	0.0374582189733417	A	G	FALSE	0	1.95593993913217e-61	0	0	0	0	0	0
rs12940312	17	43316360	0.9996	0	0.0168	0.11	0.11	56306	1417791	0.0381969436203995	A	G	FALSE	0	3.45382224260155e-66	0	0	0	0	0	0
rs12941738	17	44212030	0.0003425	-0.0587	0.0164	0.8395	0.1605	41429	1321541	0.0303961202374227	A	C	FALSE	0	1.95539233100826e-63	0	0	0	0	0	0
rs12942254	17	43858705	8.099e-06	0.0586	0.0131	0.1576	0.1576	55137	1416823	0.0374582189733417	A	C	FALSE	0	5.7209583630104e-62	0	0	0	0	0	0
rs12942300	17	43859405	1.93e-07	0.0674	0.013	0.1639	0.1639	55137	1416823	0.0374582189733417	A	T	FALSE	0	1.73762934211375e-60	0	0	0	0	0	0
rs12942322	17	43421431	0.08534	-0.0224	0.013	0.6942	0.3058	36519	980404	0.0359112735182506	T	C	FALSE	0	1.17365860531135e-65	0	0	0	0	0	0
rs12942912	17	43795899	0.0001926	0.0549	0.0147	0.1202	0.1202	55137	1416823	0.0374582189733417	A	G	FALSE	0	3.11277026540506e-63	0	0	0	0	0	0
rs12942994	17	43875330	0.0001286	-0.0607	0.0159	0.9017	0.0983000000000001	55137	1416823	0.0374582189733417	T	C	FALSE	0	4.56463392054923e-63	0	0	0	0	0	0
rs12943205	17	43448317	0.0002336	-0.0598	0.0163	0.8935	0.1065	55137	1416823	0.0374582189733417	A	G	FALSE	0	2.68326674288215e-63	0	0	0	0	0	0
rs12944705	17	43436791	0.0001415	-0.062	0.0163	0.8946	0.1054	55137	1416823	0.0374582189733417	A	G	FALSE	0	4.42813934481025e-63	0	0	0	0	0	0
rs12944996	17	43876453	0.0001245	-0.0603	0.0157	0.901	0.099	55137	1416823	0.0374582189733417	C	G	FALSE	0	4.9284008631163e-63	0	0	0	0	0	0
rs12945673	17	43877385	0.0001245	-0.0603	0.0157	0.901	0.099	55137	1416823	0.0374582189733417	T	C	FALSE	0	4.9284008631163e-63	0	0	0	0	0	0
rs12945838	17	43438430	0.0003575	-0.0585	0.0164	0.8957	0.1043	55137	1416823	0.0374582189733417	A	G	FALSE	0	1.87256031029774e-63	0	0	0	0	0	0
rs12946298	17	43760225	0.01955	-0.0358	0.0153	0.8796	0.1204	55137	1416823	0.0374582189733417	C	G	FALSE	0	4.78523538162281e-65	0	0	0	0	0	0
rs12947764	17	44004442	1.205e-09	-0.0651	0.0107	0.718	0.282	55137	1416823	0.0374582189733417	T	G	FALSE	0	2.28219694251172e-58	0	0	0	0	0	0
rs12949988	17	43437241	0.0007646	0.036	0.0107	0.379	0.379	55137	1416823	0.0374582189733417	A	G	FALSE	0	6.22760550158904e-64	0	0	0	0	0	0
rs12952082	17	43437238	0.0002676	0.0382	0.0105	0.4004	0.4004	55137	1416823	0.0374582189733417	T	C	FALSE	0	1.58969171273935e-63	0	0	0	0	0	0
rs12952708	17	43456728	2.442e-05	0.0416	0.0099	0.4149	0.4149	55137	1416823	0.0374582189733417	T	C	FALSE	0	1.36273915836591e-62	0	0	0	0	0	0
rs12952950	17	43456769	9.938e-06	0.0437	0.0099	0.406	0.406	55137	1416823	0.0374582189733417	T	C	FALSE	0	3.39091037371854e-62	0	0	0	0	0	0
rs12953076	17	43854015	7.99e-06	0.058	0.013	0.1582	0.1582	55137	1416823	0.0374582189733417	T	C	FALSE	0	5.39195922001486e-62	0	0	0	0	0	0
rs1317946	17	43516738	0.0002477	0.0418	0.0114	0.293	0.293	55137	1416823	0.0374582189733417	A	C	FALSE	0	1.90847959433508e-63	0	0	0	0	0	0
rs13313562	17	44056097	1.014e-08	0.0709	0.0124	0.1865	0.1865	56306	1417791	0.0381969436203995	C	G	FALSE	0	3.01316992015713e-59	0	0	0	0	0	0
rs140245332	17	43437308	0.0004077	0.0582	0.0165	0.1053	0.1053	55137	1416823	0.0374582189733417	T	C	FALSE	0	1.63657218485592e-63	0	0	0	0	0	0
rs141249601	17	43295879	0.2896	-0.0205	0.0194	0.9279	0.0721000000000001	56306	1417791	0.0381969436203995	T	C	FALSE	0	6.92621283302484e-66	0	0	0	0	0	0
rs143699161	17	43748712	9.329e-07	-0.0766	0.0156	0.7726	0.2274	36519	980404	0.0359112735182506	A	G	FALSE	0	5.13119687869091e-61	0	0	0	0	0	0
rs144647217	17	43270363	0.1844	0.0191	0.0144	0.1344	0.1344	56306	1417791	0.0381969436203995	A	G	FALSE	0	7.10911864493131e-66	0	0	0	0	0	0
rs145648014	17	43838457	0.002793	0.0512	0.0171	0.0875	0.0875	55137	1416823	0.0374582189733417	A	G	FALSE	0	3.00966185053092e-64	0	0	0	0	0	0
rs145729014	17	43269242	0.06724	-0.0237	0.0129	0.8201	0.1799	56306	1417791	0.0381969436203995	T	C	FALSE	0	1.42598331513729e-65	0	0	0	0	0	0
rs1467967	17	43986179	7.159e-16	-0.0837	0.0104	0.6712	0.3288	55137	1416823	0.0374582189733417	A	G	FALSE	0	2.28032659635603e-52	0	0	0	0	0	0
rs1476532	17	43383596	3.084e-05	0.0402	0.0097	0.5672	0.4328	56306	1417791	0.0381969436203995	A	G	FALSE	0	1.05107248922713e-62	0	0	0	0	0	0
rs1476533	17	43383595	0.01658	0.0372	0.0155	0.1162	0.1162	56306	1417791	0.0381969436203995	T	C	FALSE	0	5.58276572804153e-65	0	0	0	0	0	0
rs147904962	17	43454537	0.0003465	0.0579	0.0162	0.1087	0.1087	55137	1416823	0.0374582189733417	A	G	FALSE	0	1.89833119768489e-63	0	0	0	0	0	0
rs1552457	17	43300669	0.146	0.0152	0.0104	0.3088	0.3088	56306	1417791	0.0381969436203995	T	G	FALSE	0	6.21671104105508e-66	0	0	0	0	0	0
rs1552458	17	43298388	0.1571	0.0148	0.0104	0.309	0.309	56306	1417791	0.0381969436203995	A	G	FALSE	0	5.88211986431415e-66	0	0	0	0	0	0
rs1560313	17	43996561	7.378e-22	0.095	0.0099	0.4436	0.4436	55137	1416823	0.0374582189733417	A	G	FALSE	0	1.80382793397242e-46	0	0	0	0	0	0
rs1617406	17	43784777	1.764e-07	-0.064	0.0123	0.8204	0.1796	55137	1416823	0.0374582189733417	A	G	FALSE	0	1.82162355112275e-60	0	0	0	0	0	0
rs1635286	17	43776458	1.877e-06	0.055	0.0115	0.2346	0.2346	55137	1416823	0.0374582189733417	A	G	FALSE	0	2.11356159650095e-61	0	0	0	0	0	0
rs1635287	17	43763840	1.313e-05	0.0558	0.0128	0.1915	0.1915	55137	1416823	0.0374582189733417	T	C	FALSE	0	3.39394405927444e-62	0	0	0	0	0	0
rs1635290	17	43783953	2.288e-05	-0.0568	0.0134	0.8487	0.1513	55137	1416823	0.0374582189733417	A	G	FALSE	0	2.11252380035176e-62	0	0	0	0	0	0
rs1635299	17	43743079	4.624e-06	0.0703	0.0153	0.151	0.151	55137	1416823	0.0374582189733417	T	C	FALSE	0	1.13674929082562e-61	0	0	0	0	0	0
rs1635303	17	43710833	3.741e-07	0.0948	0.0186	0.1884	0.1884	22811	885122	0.0251241005668921	T	C	FALSE	0	1.49502394900508e-60	0	0	0	0	0	0
rs16939911	17	43290265	0.2769	0.0251	0.0231	0.9372	0.0628	56306	1417791	0.0381969436203995	T	C	FALSE	0	8.47721114206569e-66	0	0	0	0	0	0
rs16939943	17	43353763	0.01326	0.0334	0.0135	0.1378	0.1378	56306	1417791	0.0381969436203995	T	C	FALSE	0	5.84794249598401e-65	0	0	0	0	0	0
rs16939953	17	43368600	0.0001712	-0.0878	0.0234	0.0594	0.0594	56306	1417791	0.0381969436203995	T	C	FALSE	0	4.97291792678754e-63	0	0	0	0	0	0
rs16939964	17	43423890	0.0001841	-0.0607	0.0162	0.8954	0.1046	55137	1416823	0.0374582189733417	T	C	FALSE	0	3.55917645715253e-63	0	0	0	0	0	0
rs16940646	17	43879911	8.753e-05	-0.0617	0.0157	0.9011	0.0989	55137	1416823	0.0374582189733417	A	C	FALSE	0	6.95427794824192e-63	0	0	0	0	0	0
rs16940742	17	44004924	0.1154	-0.0327	0.0208	0.9388	0.0612	55137	1416823	0.0374582189733417	A	G	FALSE	0	1.44941127621837e-65	0	0	0	0	0	0
rs16940758	17	44040626	2.948e-07	0.0654	0.0128	0.1758	0.1758	56306	1417791	0.0381969436203995	T	C	FALSE	0	1.16546375137513e-60	0	0	0	0	0	0
rs16940797	17	44099417	0.0003259	0.0483	0.0134	0.1452	0.1452	56306	1417791	0.0381969436203995	T	C	FALSE	0	1.77531311775504e-63	0	0	0	0	0	0
rs16940845	17	44116843	4.071e-18	0.0848	0.0098	0.4062	0.4062	56306	1417791	0.0381969436203995	A	C	FALSE	0	3.35181388473087e-50	0	0	0	0	0	0
rs16969853	17	43880159	0.0001095	-0.0608	0.0157	0.9009	0.0991	55137	1416823	0.0374582189733417	A	C	FALSE	0	5.56828319405842e-63	0	0	0	0	0	0
rs171441	17	43893345	0.0008339	0.061	0.0183	0.0716	0.0716	55137	1416823	0.0374582189733417	A	G	FALSE	0	9.28694500600845e-64	0	0	0	0	0	0
rs171442	17	43891906	0.0008843	0.0606	0.0182	0.0732	0.0732	55137	1416823	0.0374582189733417	A	G	FALSE	0	9.13004809388958e-64	0	0	0	0	0	0
rs171443	17	43923898	0.001932	0.0583	0.0188	0.1067	0.1067	41429	1321541	0.0303961202374227	A	G	FALSE	0	4.53620500334376e-64	0	0	0	0	0	0
rs1724385	17	43783245	0.0001155	0.0603	0.0156	0.1095	0.1095	55137	1416823	0.0374582189733417	T	G	FALSE	0	5.38449717308199e-63	0	0	0	0	0	0
rs1724386	17	43783760	2.232e-06	0.0622	0.0132	0.1706	0.1706	36519	980404	0.0359112735182506	T	C	FALSE	0	1.71708611905866e-61	0	0	0	0	0	0
rs1724418	17	43672331	3.027e-06	0.3713	0.0795	0.9433	0.0567	8036	5803	0.580677794638341	T	G	FALSE	0	1.87657461259523e-61	0	0	0	0	0	0
rs1724424	17	43779962	1.577e-05	-0.0499	0.0116	0.7792	0.2208	55137	1416823	0.0374582189733417	T	G	FALSE	0	2.41572221558246e-62	0	0	0	0	0	0
rs1724434	17	43658289	0.0001702	0.1424	0.0379	0.4984	0.4984	8036	5803	0.580677794638341	T	C	FALSE	0	6.99345432193817e-63	0	0	0	0	0	0
rs1724437	17	43655912	1.126e-05	-0.1409	0.0321	0.4978	0.4978	9205	6771	0.576176765147722	T	C	FALSE	0	7.83766225747071e-62	0	0	0	0	0	0
rs17335035	17	43829558	2.514e-05	-0.0954	0.0226	0.9435	0.0565	55137	1416823	0.0374582189733417	A	G	FALSE	0	3.06480094120588e-62	0	0	0	0	0	0
rs17630064	17	43289122	0.1997	-0.0234	0.0182	0.9212	0.0788	56306	1417791	0.0381969436203995	A	G	FALSE	0	8.48804505210516e-66	0	0	0	0	0	0
rs17642476	17	43656380	0.6816	0.0134	0.0328	0.0597	0.0597	18129	880224	0.0201802632150168	C	G	FALSE	0	7.24304561034458e-66	0	0	0	0	0	0
rs17651507	17	44059010	1.647e-14	-0.0831	0.0108	0.7222	0.2778	56306	1417791	0.0381969436203995	A	T	FALSE	0	1.46560890808845e-53	0	0	0	0	0	0
rs17685379	17	43352049	0.0063	0.0379	0.0139	0.1305	0.1305	56306	1417791	0.0381969436203995	T	C	FALSE	0	1.15636741137437e-64	0	0	0	0	0	0
rs17686238	17	43417273	8.254e-27	-0.1896	0.0177	0.1071	0.1071	55137	1416823	0.0374582189733417	T	G	FALSE	0	1.92093934063141e-41	0	0	0	0	0	0
rs17687796	17	43757971	0.03735	0.033	0.0159	0.109	0.109	55137	1416823	0.0374582189733417	A	G	FALSE	0	2.78004316308133e-65	0	0	0	0	0	0
rs17689948	17	43910402	0.1725	0.0251	0.0184	0.0715	0.0715	55137	1416823	0.0374582189733417	C	G	FALSE	0	9.5102637051904e-66	0	0	0	0	0	0
rs17690883	17	43928866	1.307e-06	0.0676	0.014	0.1331	0.1331	55137	1416823	0.0374582189733417	T	C	FALSE	0	3.1456282767685e-61	0	0	0	0	0	0
rs17759555	17	43417995	0.9836	2e-04	0.0112	0.2858	0.2858	55137	1416823	0.0374582189733417	A	C	FALSE	0	2.3074093723503e-66	0	0	0	0	0	0
rs17763104	17	43905795	1.194e-06	0.068	0.014	0.1294	0.1294	55137	1416823	0.0374582189733417	A	G	FALSE	0	3.6099946602122e-61	0	0	0	0	0	0
rs17763658	17	43922640	0.1982	0.0236	0.0183	0.0716	0.0716	55137	1416823	0.0374582189733417	A	G	FALSE	0	8.57630385640803e-66	0	0	0	0	0	0
rs1801353	17	43319770	0.009144	-0.0253	0.0097	0.4918	0.4918	56306	1417791	0.0381969436203995	T	C	FALSE	0	5.95052379402582e-65	0	0	0	0	0	0
rs183086	17	43945745	1.275e-17	-0.0901	0.0105	0.655	0.345	36519	980404	0.0359112735182506	A	G	FALSE	0	1.90680956073871e-50	0	0	0	0	0	0
rs1879587	17	43567545	0.01015	0.0441	0.0172	0.1851	0.1851	41429	1321541	0.0303961202374227	A	G	FALSE	0	9.23550445244507e-65	0	0	0	0	0	0
rs1880748	17	43788796	2.088e-08	0.0661	0.0118	0.207	0.207	55137	1416823	0.0374582189733417	T	C	FALSE	0	1.49923043724805e-59	0	0	0	0	0	0
rs1906342	17	43303608	0.1508	0.0145	0.0101	0.4558	0.4558	37688	981372	0.0369831020744608	A	G	FALSE	0	5.81705979093723e-66	0	0	0	0	0	0
rs1918803	17	43650954	1.726e-05	-0.1381	0.0321	0.4981	0.4981	9205	6771	0.576176765147722	T	C	FALSE	0	5.41616482849297e-62	0	0	0	0	0	0
rs1967982	17	44006223	1.086e-17	0.0901	0.0105	0.3383	0.3383	55137	1416823	0.0374582189733417	A	G	FALSE	0	1.90680956073871e-50	0	0	0	0	0	0
rs1969519	17	43653868	0.3154	0.0355	0.0353	0.5636	0.4364	9205	6771	0.576176765147722	A	G	FALSE	0	1.17114539960217e-65	0	0	0	0	0	0
rs1971375	17	43659881	0.0002746	-0.1221	0.0336	0.474	0.474	9205	6771	0.576176765147722	T	C	FALSE	0	4.20364129526792e-63	0	0	0	0	0	0
rs1985556	17	43359241	0.411	0.0087	0.0106	0.2718	0.2718	56306	1417791	0.0381969436203995	A	G	FALSE	0	3.05550654451133e-66	0	0	0	0	0	0
rs1989229	17	43312893	0.4391	-0.0093	0.012	0.806	0.194	56306	1417791	0.0381969436203995	A	G	FALSE	0	3.33330190024624e-66	0	0	0	0	0	0
rs1989230	17	43312831	0.8512	-0.0027	0.0143	0.1316	0.1316	56306	1417791	0.0381969436203995	A	G	FALSE	0	2.99535373793065e-66	0	0	0	0	0	0
rs1989480	17	43820893	8.405e-06	-0.0553	0.0124	0.8118	0.1882	55137	1416823	0.0374582189733417	T	G	FALSE	0	5.12093797446289e-62	0	0	0	0	0	0
rs2016034	17	44189598	2.909e-26	0.1063	0.01	0.4694	0.4694	56306	1417791	0.0381969436203995	A	G	FALSE	0	6.16241514682981e-42	0	0	0	0	0	0
rs2019820	17	43959825	3.163e-06	0.0685	0.0147	0.1261	0.1261	55137	1416823	0.0374582189733417	T	C	FALSE	0	1.48093617710151e-61	0	0	0	0	0	0
rs2055797	17	44002632	4.04e-18	0.0911	0.0105	0.3383	0.3383	55137	1416823	0.0374582189733417	A	T	FALSE	0	4.32728961729715e-50	0	0	0	0	0	0
rs2072090	17	43351127	0.00187	-0.0293	0.0094	0.5346	0.4654	56306	1417791	0.0381969436203995	C	G	FALSE	0	2.46762909188275e-64	0	0	0	0	0	0
rs2074291	17	43361889	0.0007665	-0.0316	0.0094	0.5335	0.4665	56306	1417791	0.0381969436203995	A	C	FALSE	0	5.44185812785677e-64	0	0	0	0	0	0
rs2074292	17	43361491	0.001064	-0.0307	0.0094	0.533	0.467	56306	1417791	0.0381969436203995	A	G	FALSE	0	3.96512874519207e-64	0	0	0	0	0	0
rs2074293	17	43344073	0.00455	-0.0272	0.0096	0.5857	0.4143	56306	1417791	0.0381969436203995	A	G	FALSE	0	1.08515477228857e-64	0	0	0	0	0	0
rs2078200	17	43541834	0.0854	-0.0356	0.0207	0.7164	0.2836	32505	448088	0.0676351923561101	T	C	FALSE	0	1.83497849609486e-65	0	0	0	0	0	0
rs2106720	17	43498710	1.677e-05	-0.0464	0.0108	0.7093	0.2907	55137	1416823	0.0374582189733417	T	C	FALSE	0	2.20695845529604e-62	0	0	0	0	0	0
rs2158258	17	44163809	2.803e-25	0.1016	0.0098	0.4639	0.4639	56306	1417791	0.0381969436203995	A	C	FALSE	0	3.87894326897528e-43	4	1	0	0	0	0
rs2258689	17	44067382	0.0002826	-0.0419	0.0115	0.7944	0.2056	56306	1417791	0.0381969436203995	T	C	FALSE	0	1.76853886932813e-63	0	0	0	0	1	1
rs2285674	17	43342306	0.02015	-0.0219	0.0094	0.5335	0.4665	56306	1417791	0.0381969436203995	A	C	FALSE	0	2.90551867691695e-65	0	0	0	0	0	0
rs2291448	17	43332365	0.2471	-0.0224	0.0194	0.9299	0.0701000000000001	56306	1417791	0.0381969436203995	A	G	FALSE	0	7.71056198603172e-66	0	0	0	0	0	0
rs2301689	17	43935838	1.505e-19	0.0975	0.0108	0.3447	0.3447	36519	980404	0.0359112735182506	T	C	FALSE	0	9.85190745729211e-49	0	0	0	0	0	0
rs2316776	17	43996933	0.1184	0.0332	0.0213	0.0618	0.0618	55137	1416823	0.0374582189733417	T	C	FALSE	0	1.45241501008235e-65	0	0	0	0	0	0
rs242554	17	44039365	4.379e-20	0.092	0.01	0.4282	0.4282	56306	1417791	0.0381969436203995	T	C	FALSE	0	4.44103322912752e-48	0	0	0	0	0	0
rs242556	17	44002250	4.273e-06	0.0695	0.0151	0.236	0.236	22811	885122	0.0251241005668921	A	T	FALSE	0	1.16497370891667e-61	0	0	0	0	0	0
rs242557	17	44019712	2.387e-12	0.0707	0.0101	0.3726	0.3726	55137	1416823	0.0374582189733417	A	G	FALSE	0	8.53953915717628e-56	0	0	0	0	0	0
rs242562	17	44026739	3.47e-11	0.0697	0.0105	0.3705	0.3705	36519	980404	0.0359112735182506	A	G	FALSE	0	7.53792101485131e-57	0	0	0	0	0	0
rs242923	17	43945981	1.871e-15	0.0876	0.011	0.3092	0.3092	36519	980404	0.0359112735182506	A	G	FALSE	0	1.21644339148201e-52	0	0	0	0	0	0
rs242926	17	43966105	3.143e-05	0.0836	0.0201	0.1	0.1	36519	980404	0.0359112735182506	C	G	FALSE	0	2.15970863112822e-62	0	0	0	0	0	0
rs242928	17	43943051	2.683e-11	0.0667	0.01	0.4438	0.4438	36519	980404	0.0359112735182506	A	G	FALSE	0	8.92330694196675e-57	0	0	0	0	0	0
rs242929	17	43940229	6.565e-18	-0.0917	0.0106	0.6561	0.3439	36519	980404	0.0359112735182506	A	G	FALSE	0	3.50539198027284e-50	0	0	0	0	0	0
rs242930	17	43939497	1.253e-08	-0.076	0.0134	0.6527	0.3473	22811	885122	0.0251241005668921	T	C	FALSE	0	2.48040233367731e-59	0	0	0	0	0	0
rs242931	17	43939225	3.483e-18	0.0929	0.0107	0.3437	0.3437	36519	980404	0.0359112735182506	A	G	FALSE	0	4.62821312741394e-50	0	0	0	0	0	0
rs242932	17	43939136	2.608e-18	-0.0934	0.0107	0.6563	0.3437	36519	980404	0.0359112735182506	A	T	FALSE	0	6.94355503272652e-50	0	0	0	0	0	0
rs242933	17	43938470	3.652e-16	0.0913	0.0112	0.3065	0.3065	36519	980404	0.0359112735182506	A	G	FALSE	0	5.59408588358197e-52	0	0	0	0	0	0
rs242934	17	43936664	5.443e-11	0.067	0.0102	0.44	0.44	36519	980404	0.0359112735182506	C	G	FALSE	0	4.65018812524189e-57	0	0	0	0	0	0
rs242935	17	43936410	1.583e-17	0.0924	0.0108	0.352	0.352	36519	980404	0.0359112735182506	T	C	FALSE	0	1.56941154300204e-50	0	0	0	0	0	0
rs242936	17	43899209	8.32e-05	0.0601	0.0153	0.1065	0.1065	55137	1416823	0.0374582189733417	A	G	FALSE	0	6.74575580019906e-63	0	0	0	0	0	0
rs242938	17	43895936	0.001068	0.0596	0.0182	0.0719	0.0719	55137	1416823	0.0374582189733417	A	G	FALSE	0	7.62644400732683e-64	0	0	0	0	0	0
rs242939	17	43895579	0.0007981	-0.061	0.0182	0.928	0.072	55137	1416823	0.0374582189733417	T	C	FALSE	0	9.81968495795208e-64	0	0	0	0	0	0
rs242941	17	43892520	1.496e-12	0.072	0.0102	0.3161	0.3161	55137	1416823	0.0374582189733417	A	C	FALSE	0	1.30100109631801e-55	0	0	0	0	0	0
rs242942	17	43891633	0.01823	0.0433	0.0184	0.1151	0.1151	41429	1321541	0.0303961202374227	T	C	FALSE	0	5.88760064492449e-65	0	0	0	0	0	0
rs242943	17	43924412	1.161e-05	0.0594	0.0135	0.1411	0.1411	55137	1416823	0.0374582189733417	T	C	FALSE	0	4.25370403724187e-62	0	0	0	0	0	0
rs242950	17	43910653	9.485e-05	0.0597	0.0153	0.1065	0.1065	55137	1416823	0.0374582189733417	T	C	FALSE	0	6.09308947555431e-63	0	0	0	0	0	0
rs2435200	17	44071851	2.448e-39	-0.1289	0.0098	0.4078	0.4078	56306	1417791	0.0381969436203995	A	G	FALSE	0	6.05854853176401e-29	0	0	0	0	0	0
rs2435201	17	44078982	1.259e-38	0.1297	0.01	0.5863	0.4137	56306	1417791	0.0381969436203995	A	T	FALSE	0	5.64398174008774e-30	0	0	0	0	0	0
rs2435203	17	44083297	0.003263	-0.0455	0.0155	0.884	0.116	56306	1417791	0.0381969436203995	T	C	FALSE	0	2.30966638226828e-64	0	0	0	0	0	0
rs2435205	17	44018764	3.886e-10	-0.069	0.011	0.6009	0.3991	36519	980404	0.0359112735182506	A	G	FALSE	0	7.47484402261609e-58	0	0	0	0	0	0
rs2435206	17	44058111	3.622e-10	0.0652	0.0104	0.3087	0.3087	56306	1417791	0.0381969436203995	T	C	FALSE	0	6.95892941376909e-58	0	0	0	0	0	0
rs2435207	17	44058928	1.479e-10	0.0661	0.0103	0.3141	0.3141	56306	1417791	0.0381969436203995	A	G	FALSE	0	1.76243897951583e-57	0	0	0	0	0	0
rs2435208	17	44059497	0.0001172	0.0464	0.012	0.188	0.188	56306	1417791	0.0381969436203995	A	G	FALSE	0	4.24487737963194e-63	0	0	0	0	0	0
rs2435209	17	44061893	5.907e-10	0.0645	0.0104	0.3024	0.3024	56306	1417791	0.0381969436203995	T	G	FALSE	0	4.57888337734584e-58	0	0	0	0	0	0
rs2435210	17	44061894	5.512e-10	0.0646	0.0104	0.3016	0.3016	56306	1417791	0.0381969436203995	T	C	FALSE	0	4.85968843610284e-58	0	0	0	0	0	0
rs2435211	17	44063244	4.02e-10	0.0651	0.0104	0.3017	0.3017	56306	1417791	0.0381969436203995	T	C	FALSE	0	6.55319843500227e-58	0	0	0	0	0	0
rs2435212	17	44066464	3.683e-05	0.0485	0.0118	0.1951	0.1951	56306	1417791	0.0381969436203995	A	G	FALSE	0	1.09975278959606e-62	0	0	0	0	0	0
rs2435213	17	44067847	0.0001279	0.045	0.0118	0.1956	0.1956	56306	1417791	0.0381969436203995	T	G	FALSE	0	3.40967736531842e-63	0	0	0	0	0	0
rs2435214	17	44068339	2.975e-05	0.0531	0.0127	0.1694	0.1694	56306	1417791	0.0381969436203995	A	G	FALSE	0	1.57865416951133e-62	0	0	0	0	0	0
rs2471737	17	44070583	7.11e-38	0.126	0.0098	0.5847	0.4153	56306	1417791	0.0381969436203995	A	G	FALSE	0	1.30320260558356e-30	8	0.995833739705147	0	0	0	0
rs2471738	17	44076063	5.863e-08	0.0629	0.0116	0.2231	0.2231	56306	1417791	0.0381969436203995	T	C	FALSE	0	5.51477005989484e-60	0	0	0	0	0	0
rs2471739	17	44080354	4.072e-05	-0.049	0.0119	0.794	0.206	56306	1417791	0.0381969436203995	T	C	FALSE	0	1.14299418325402e-62	0	0	0	0	0	0
rs2521811	17	43934044	7.524e-17	0.0953	0.0114	0.3032	0.3032	36519	980404	0.0359112735182506	T	C	FALSE	0	3.13786172335429e-51	0	0	0	0	0	0
rs2521819	17	43543830	0.0002276	0.0526	0.0143	0.2581	0.2581	41429	1321541	0.0303961202374227	T	C	FALSE	0	2.46499424807253e-63	0	0	0	0	0	0
rs2521840	17	43537168	0.002514	-0.0421	0.0139	0.6747	0.3253	22811	885122	0.0251241005668921	C	G	FALSE	0	2.74731466832114e-64	0	0	0	0	0	0
rs2664006	17	44041771	1.088e-20	0.0929	0.01	0.427	0.427	56306	1417791	0.0381969436203995	T	C	FALSE	0	1.01844507509993e-47	0	0	0	0	0	0
rs2664008	17	43883103	0.00179	0.0576	0.0185	0.1044	0.1044	55137	1416823	0.0374582189733417	A	G	FALSE	0	4.64514176995832e-64	0	0	0	0	0	0
rs2668696	17	43660654	5.282e-06	-0.1458	0.032	0.4981	0.4981	9205	6771	0.576176765147722	T	G	FALSE	0	1.61997214346887e-61	0	0	0	0	0	0
rs2684631	17	43510650	7.657e-06	0.0487	0.0109	0.2962	0.2962	55137	1416823	0.0374582189733417	A	G	FALSE	0	4.71156214908065e-62	0	0	0	0	0	0
rs2693363	17	43651422	1.335e-05	0.1399	0.0321	0.5026	0.4974	9205	6771	0.576176765147722	T	C	FALSE	0	6.8627347854936e-62	0	0	0	0	0	0
rs2693364	17	43651511	1.038e-05	0.1417	0.0321	0.5021	0.4979	9205	6771	0.576176765147722	C	G	FALSE	0	8.72235685535163e-62	0	0	0	0	0	0
rs2693370	17	43655316	1.093e-05	0.1411	0.0321	0.5028	0.4972	9205	6771	0.576176765147722	C	G	FALSE	0	8.0495892087972e-62	0	0	0	0	0	0
rs2693371	17	43655688	9.211e-06	-0.1423	0.0321	0.4976	0.4976	9205	6771	0.576176765147722	A	C	FALSE	0	9.4545726927499e-62	0	0	0	0	0	0
rs2696468	17	43657474	1.071e-05	0.1412	0.0321	0.5016	0.4984	9205	6771	0.576176765147722	A	G	FALSE	0	8.15780777413664e-62	0	0	0	0	0	0
rs2696639	17	43651040	1.494e-05	0.1391	0.0321	0.5018	0.4982	9205	6771	0.576176765147722	T	C	FALSE	0	6.17506587573027e-62	0	0	0	0	0	0
rs2696640	17	43651233	1.42e-05	-0.1394	0.0321	0.498	0.498	9205	6771	0.576176765147722	A	G	FALSE	0	6.4240163232724e-62	0	0	0	0	0	0
rs2696649	17	43653121	1.077e-05	0.1413	0.0321	0.5024	0.4976	9205	6771	0.576176765147722	T	C	FALSE	0	8.26755944863866e-62	0	0	0	0	0	0
rs28364020	17	43861853	8.2e-06	0.0589	0.0132	0.1557	0.1557	55137	1416823	0.0374582189733417	T	C	FALSE	0	5.4816559548013e-62	0	0	0	0	0	0
rs28364032	17	43912342	0.1805	0.0246	0.0183	0.0716	0.0716	55137	1416823	0.0374582189733417	A	G	FALSE	0	9.21073328614626e-66	0	0	0	0	0	0
rs28510841	17	43257389	0.3608	0.0111	0.0121	0.1996	0.1996	56306	1417791	0.0381969436203995	C	G	FALSE	0	3.7894952806919e-66	0	0	0	0	0	0
rs28544002	17	43325839	0.8371	-0.0029	0.0139	0.8518	0.1482	56306	1417791	0.0381969436203995	T	C	FALSE	0	2.92342838695712e-66	0	0	0	0	0	0
rs2867316	17	43376447	4.558e-11	-0.0674	0.0102	0.3119	0.3119	56306	1417791	0.0381969436203995	T	C	FALSE	0	6.01706493171244e-57	0	0	0	0	0	0
rs28689858	17	44131368	0.0001483	0.0775	0.0204	0.0583	0.0583	56306	1417791	0.0381969436203995	T	C	FALSE	0	5.29198107898674e-63	0	0	0	0	1	1
rs2905453	17	43468385	1.801e-05	-0.0449	0.0105	0.6951	0.3049	55137	1416823	0.0374582189733417	A	G	FALSE	0	1.97200054278305e-62	0	0	0	0	0	0
rs2959950	17	43511598	1.337e-05	0.0482	0.0111	0.2874	0.2874	55137	1416823	0.0374582189733417	T	C	FALSE	0	2.761302266291e-62	0	0	0	0	0	0
rs2959953	17	43507008	1.747e-05	-0.0467	0.0109	0.7096	0.2904	55137	1416823	0.0374582189733417	C	G	FALSE	0	2.11580370539667e-62	0	0	0	0	0	0
rs34066137	17	43365015	0.5905	0.012	0.0223	0.0529	0.0529	56306	1417791	0.0381969436203995	A	G	FALSE	0	5.27529157186037e-66	0	0	0	0	0	0
rs34174655	17	43875417	0.0004232	-0.0583	0.0166	0.9076	0.0924	55137	1416823	0.0374582189733417	A	T	FALSE	0	1.5603010439702e-63	0	0	0	0	0	0
rs34271337	17	43450678	0.0003394	0.0582	0.0162	0.106	0.106	55137	1416823	0.0374582189733417	T	C	FALSE	0	2.02769700913091e-63	0	0	0	0	0	0
rs34517924	17	44193713	0.00025	0.054	0.0147	0.1388	0.1388	55137	1416823	0.0374582189733417	A	G	FALSE	0	2.4842011133217e-63	0	0	0	0	0	0
rs34562831	17	43259685	0.3668	0.011	0.0122	0.1993	0.1993	56306	1417791	0.0381969436203995	T	C	FALSE	0	3.7665784053939e-66	0	0	0	0	0	0
rs34619181	17	44051409	0.0009898	-0.049	0.0149	0.8078	0.1922	42598	1322509	0.0312048799105125	A	T	FALSE	0	6.63666150741919e-64	0	0	0	0	0	0
rs34702068	17	43416415	0.4464	0.0152	0.0199	0.0705	0.0705	55137	1416823	0.0374582189733417	C	G	FALSE	0	5.45352564086444e-66	0	0	0	0	0	0
rs34804414	17	43757579	0.01108	-0.039	0.0153	0.8806	0.1194	55137	1416823	0.0374582189733417	A	C	FALSE	0	7.95512979417328e-65	0	0	0	0	0	0
rs34993366	17	43404148	0.07458	-0.033	0.0185	0.9188	0.0812000000000001	55137	1416823	0.0374582189733417	T	C	FALSE	0	1.84041157639777e-65	0	0	0	0	0	0
rs35018866	17	44195593	0.00823	-0.0683	0.0258	0.9458	0.0542	42598	1322509	0.0312048799105125	T	C	FALSE	0	1.65744560087891e-64	0	0	0	0	0	0
rs35080075	17	43405333	0.3278	-0.019	0.0194	0.9252	0.0748	55137	1416823	0.0374582189733417	T	C	FALSE	0	6.40662344090297e-66	0	0	0	0	0	0
rs35082152	17	43416953	0.4387	0.0153	0.0198	0.0715	0.0715	55137	1416823	0.0374582189733417	T	C	FALSE	0	5.46344493170437e-66	0	0	0	0	0	0
rs35098769	17	43417205	0.3923	0.017	0.0199	0.0717	0.0717	55137	1416823	0.0374582189733417	A	G	FALSE	0	5.86337208211336e-66	0	0	0	0	0	0
rs35131568	17	43875337	0.0001198	-0.061	0.0158	0.9018	0.0981999999999999	55137	1416823	0.0374582189733417	T	C	FALSE	0	5.3509280628051e-63	0	0	0	0	0	0
rs35152905	17	43853072	5.785e-06	-0.0591	0.013	0.8422	0.1578	55137	1416823	0.0374582189733417	T	G	FALSE	0	7.88056919588393e-62	0	0	0	0	0	0
rs35403192	17	43417216	0.3778	0.0175	0.0198	0.0719	0.0719	55137	1416823	0.0374582189733417	A	C	FALSE	0	5.98476881422468e-66	0	0	0	0	0	0
rs35410914	17	43419922	0.3543	0.0186	0.0201	0.0711	0.0711	55137	1416823	0.0374582189733417	T	C	FALSE	0	6.30403385706619e-66	0	0	0	0	0	0
rs35427715	17	43416944	0.4365	-0.0154	0.0198	0.9285	0.0715	55137	1416823	0.0374582189733417	T	C	FALSE	0	5.48467009375602e-66	0	0	0	0	0	0
rs35457051	17	43409653	0.4605	0.0145	0.0196	0.0716	0.0716	55137	1416823	0.0374582189733417	T	G	FALSE	0	5.27729995051589e-66	0	0	0	0	0	0
rs35518221	17	43365441	0.01615	-0.0338	0.0141	0.873	0.127	56306	1417791	0.0381969436203995	A	G	FALSE	0	5.0617618480523e-65	0	0	0	0	0	0
rs35587712	17	43815530	0.06972	0.0406	0.0224	0.0518	0.0518	55137	1416823	0.0374582189733417	A	G	FALSE	0	2.32586032542275e-65	0	0	0	0	0	0
rs35625124	17	43262629	0.0793	-0.0211	0.012	0.2578	0.2578	37688	981372	0.0369831020744608	A	T	FALSE	0	1.153113783799e-65	0	0	0	0	0	0
rs35785975	17	43874619	0.0001101	-0.0608	0.0157	0.9009	0.0991	55137	1416823	0.0374582189733417	T	C	FALSE	0	5.56828319405842e-63	0	0	0	0	0	0
rs35838379	17	44040184	0.0002339	-0.0488	0.0133	0.8327	0.1673	56306	1417791	0.0381969436203995	A	G	FALSE	0	2.22821053087138e-63	0	0	0	0	0	0
rs35908989	17	43994021	3.368e-07	-0.0615	0.0121	0.7498	0.2502	36519	980404	0.0359112735182506	T	C	FALSE	0	9.67556799326876e-61	0	0	0	0	0	0
rs35925307	17	43405754	0.4997	-0.0133	0.0197	0.9285	0.0715	55137	1416823	0.0374582189733417	T	G	FALSE	0	5.06886751063821e-66	0	0	0	0	0	0
rs35971701	17	43359891	0.0012	-0.0381	0.0118	0.8024	0.1976	56306	1417791	0.0381969436203995	T	C	FALSE	0	4.38130412957175e-64	0	0	0	0	0	0
rs36057737	17	43427544	0.0001518	0.0613	0.0162	0.1055	0.1055	55137	1416823	0.0374582189733417	A	G	FALSE	0	4.08810115973962e-63	0	0	0	0	0	0
rs36107645	17	43352642	0.001751	-0.0369	0.0118	0.8047	0.1953	56306	1417791	0.0381969436203995	T	C	FALSE	0	3.17492665285645e-64	0	0	0	0	0	0
rs36121378	17	43435277	0.0001485	0.0617	0.0163	0.1055	0.1055	55137	1416823	0.0374582189733417	T	C	FALSE	0	4.13134603116624e-63	0	0	0	0	0	0
rs3744456	17	43972176	0.0006745	-0.0492	0.0145	0.8546	0.1454	55137	1416823	0.0374582189733417	C	G	FALSE	0	9.15638250790732e-64	0	0	0	0	0	0
rs3744457	17	43972915	8.255e-15	-0.0818	0.0105	0.6819	0.3181	55137	1416823	0.0374582189733417	T	C	FALSE	0	3.00524800653198e-53	0	0	0	0	0	0
rs3760357	17	43369904	0.01836	0.0331	0.0141	0.1272	0.1272	56306	1417791	0.0381969436203995	C	G	FALSE	0	4.50199813458574e-65	0	0	0	0	0	0
rs3785802	17	43361350	0.9592	7e-04	0.013	0.273	0.273	42598	1322509	0.0312048799105125	C	G	FALSE	0	2.6802314473155e-66	0	0	0	0	0	0
rs3785803	17	43361213	0.008552	0.0366	0.0139	0.1293	0.1293	56306	1417791	0.0381969436203995	A	G	FALSE	0	9.01094025489844e-65	0	0	0	0	0	0
rs3785804	17	43360994	0.009087	0.0362	0.0139	0.1313	0.1313	56306	1417791	0.0381969436203995	A	G	FALSE	0	8.35987316164416e-65	0	0	0	0	0	0
rs3785879	17	43985636	3.967e-17	0.0821	0.0098	0.4584	0.4584	55137	1416823	0.0374582189733417	A	C	FALSE	0	3.22732107860056e-51	0	0	0	0	0	0
rs3785883	17	44054433	3.469e-07	0.062	0.0122	0.1807	0.1807	56306	1417791	0.0381969436203995	A	G	FALSE	0	9.71426270689687e-61	0	0	0	0	0	0
rs3785885	17	44058640	2.421e-15	0.0856	0.0108	0.2805	0.2805	56306	1417791	0.0381969436203995	A	G	FALSE	0	8.89000385748495e-53	0	0	0	0	0	0
rs3961270	17	43652280	1.15e-05	0.1409	0.0321	0.5022	0.4978	9205	6771	0.576176765147722	T	C	FALSE	0	7.83766225747071e-62	0	0	0	0	0	0
rs4062006	17	43657073	0.2708	-0.0397	0.036	0.3964	0.3964	9205	6771	0.576176765147722	T	G	FALSE	0	1.31730181212911e-65	0	0	0	0	0	0
rs4076452	17	43855894	6.836e-06	0.0587	0.013	0.158	0.158	55137	1416823	0.0374582189733417	C	G	FALSE	0	6.85911463985066e-62	0	0	0	0	0	0
rs4077814	17	43855333	7.608e-06	-0.0582	0.013	0.8418	0.1582	55137	1416823	0.0374582189733417	T	G	FALSE	0	5.77406841038455e-62	0	0	0	0	0	0
rs41543317	17	44087500	1.298e-18	0.0886	0.0101	0.3975	0.3975	56306	1417791	0.0381969436203995	A	G	FALSE	0	9.68005573308784e-50	0	0	0	0	0	0
rs4239141	17	43554902	0.0001959	-0.0535	0.0144	0.7427	0.2573	41429	1321541	0.0303961202374227	A	T	FALSE	0	2.84213843088362e-63	0	0	0	0	0	0
rs4247364	17	43336687	0.3817	-0.0089	0.0101	0.6874	0.3126	56306	1417791	0.0381969436203995	C	G	FALSE	0	3.06527965075358e-66	0	0	0	0	0	0
rs4247365	17	43348887	0.5277	-0.0067	0.0106	0.7313	0.2687	56306	1417791	0.0381969436203995	A	G	FALSE	0	2.66517536120727e-66	0	0	0	0	0	0
rs4248280	17	43334978	0.005038	0.0269	0.0096	0.4839	0.4839	56306	1417791	0.0381969436203995	C	G	FALSE	0	9.93890387375482e-65	0	0	0	0	0	0
rs4248914	17	43336480	0.7416	-0.0035	0.0106	0.7363	0.2637	56306	1417791	0.0381969436203995	T	C	FALSE	0	2.30580370621434e-66	0	0	0	0	0	0
rs4264434	17	43834351	2.143e-11	-0.0711	0.0106	0.6907	0.3093	36519	980404	0.0359112735182506	A	T	FALSE	0	1.20659238492983e-56	0	0	0	0	0	0
rs4328483	17	43401540	4.136e-07	-0.0502	0.0099	0.3878	0.3878	55137	1416823	0.0374582189733417	T	G	FALSE	0	7.57319848076454e-61	0	0	0	0	0	0
rs4414533	17	43809844	4.296e-07	0.0614	0.0121	0.1872	0.1872	55137	1416823	0.0374582189733417	T	C	FALSE	0	9.27929739716818e-61	0	0	0	0	0	0
rs4510068	17	44184828	2.937e-07	-0.0998	0.0195	0.3747	0.3747	33674	449056	0.0697574213328362	T	G	FALSE	0	1.72488934312689e-60	0	0	0	0	0	0
rs4523963	17	43570226	7.739e-05	0.0579	0.0146	0.2547	0.2547	41429	1321541	0.0303961202374227	T	G	FALSE	0	7.49431085240568e-63	0	0	0	0	0	0
rs4559944	17	43260880	0.2553	0.012	0.0105	0.302	0.302	56306	1417791	0.0381969436203995	A	G	FALSE	0	4.14906679070447e-66	0	0	0	0	0	0
rs4588023	17	43535952	1.34e-05	-0.0521	0.012	0.7081	0.2919	55137	1416823	0.0374582189733417	T	C	FALSE	0	2.96125764096648e-62	0	0	0	0	0	0
rs4632173	17	43260783	0.0543	0.0188	0.0098	0.5031	0.4969	56306	1417791	0.0381969436203995	A	G	FALSE	0	1.26601692425702e-65	0	0	0	0	0	0
rs4792809	17	43346980	0.5178	-0.0068	0.0106	0.7318	0.2682	56306	1417791	0.0381969436203995	T	G	FALSE	0	2.68118940866214e-66	0	0	0	0	0	0
rs4792811	17	43347336	0.4377	0.0082	0.0106	0.2712	0.2712	56306	1417791	0.0381969436203995	C	G	FALSE	0	2.9430556159213e-66	0	0	0	0	0	0
rs4792814	17	43403005	4.951e-07	-0.0497	0.0099	0.3898	0.3898	55137	1416823	0.0374582189733417	T	C	FALSE	0	5.87330443175758e-61	0	0	0	0	0	0
rs4792816	17	43541129	0.0002268	-0.048	0.013	0.7124	0.2876	55137	1416823	0.0374582189733417	T	C	FALSE	0	2.37404080241641e-63	0	0	0	0	0	0
rs4792818	17	43557687	0.0001145	-0.0557	0.0144	0.734	0.266	41429	1321541	0.0303961202374227	T	C	FALSE	0	5.0573955235937e-63	0	0	0	0	0	0
rs4792819	17	43247957	0.2487	-0.0121	0.0105	0.7013	0.2987	56306	1417791	0.0381969436203995	A	C	FALSE	0	4.19453757852966e-66	0	0	0	0	0	0
rs4792825	17	43919681	9.307e-05	-0.0597	0.0153	0.8941	0.1059	55137	1416823	0.0374582189733417	A	G	FALSE	0	6.09308947555431e-63	0	0	0	0	0	0
rs4792827	17	44131305	9.137e-25	0.0994	0.0097	0.4642	0.4642	56306	1417791	0.0381969436203995	T	C	FALSE	0	1.12157435143757e-43	0	0	0	0	0	0
rs4792830	17	44199290	0.0002914	-0.0473	0.0131	0.8383	0.1617	56306	1417791	0.0381969436203995	T	C	FALSE	0	1.77716320275926e-63	0	0	0	0	0	0
rs4792836	17	43336770	0.721	0.0038	0.0106	0.2639	0.2639	56306	1417791	0.0381969436203995	T	C	FALSE	0	2.3283211185049e-66	0	0	0	0	0	0
rs4792842	17	43360057	0.001129	-0.0306	0.0094	0.5326	0.4674	56306	1417791	0.0381969436203995	A	G	FALSE	0	3.8302387559415e-64	0	0	0	0	0	0
rs4792846	17	43367152	0.0001901	-0.0354	0.0095	0.5185	0.4815	56306	1417791	0.0381969436203995	A	G	FALSE	0	1.9959364715824e-63	0	0	0	0	0	0
rs4792847	17	43383484	0.0004629	-0.033	0.0094	0.4596	0.4596	56306	1417791	0.0381969436203995	A	G	FALSE	0	9.06809848791134e-64	0	0	0	0	0	0
rs4792849	17	43395178	5.199e-13	-0.0795	0.011	0.2628	0.2628	55137	1416823	0.0374582189733417	A	G	FALSE	0	4.60682061655209e-55	0	0	0	0	0	0
rs4792850	17	43403777	9.251e-07	-0.0487	0.0099	0.395	0.395	55137	1416823	0.0374582189733417	A	C	FALSE	0	3.55962360974634e-61	0	0	0	0	0	0
rs4792851	17	43422855	3.126e-05	-0.0424	0.0102	0.5943	0.4057	55137	1416823	0.0374582189733417	T	C	FALSE	0	1.16149389229538e-62	0	0	0	0	0	0
rs4792854	17	43458641	0.004321	-0.0305	0.0107	0.703	0.297	55137	1416823	0.0374582189733417	T	C	FALSE	0	1.26649046451059e-64	0	0	0	0	0	0
rs4792855	17	43459697	0.0003603	0.0346	0.0097	0.4703	0.4703	55137	1416823	0.0374582189733417	T	C	FALSE	0	1.14072724446458e-63	0	0	0	0	0	0
rs4792857	17	43543064	5.904e-05	-0.0666	0.0166	0.7783	0.2217	22811	885122	0.0251241005668921	A	C	FALSE	0	1.01050283905225e-62	0	0	0	0	0	0
rs4792858	17	43244700	0.1392	-0.0156	0.0106	0.6943	0.3057	55137	1416823	0.0374582189733417	A	C	FALSE	0	6.43006018693163e-66	0	0	0	0	0	0
rs4792867	17	43249444	0.2538	0.0118	0.0104	0.2987	0.2987	56306	1417791	0.0381969436203995	T	C	FALSE	0	4.07151065592259e-66	0	0	0	0	0	0
rs4792879	17	43843861	9.819e-06	0.0592	0.0134	0.1531	0.1531	55137	1416823	0.0374582189733417	T	C	FALSE	0	4.57061255612984e-62	0	0	0	0	0	0
rs4792884	17	43875948	0.0001262	-0.0649	0.0169	0.9072	0.0928	55137	1416823	0.0374582189733417	T	C	FALSE	0	5.25432313054559e-63	0	0	0	0	0	0
rs4792886	17	43876832	0.0001224	0.0603	0.0157	0.099	0.099	55137	1416823	0.0374582189733417	A	G	FALSE	0	4.9284008631163e-63	0	0	0	0	0	0
rs4792887	17	43877020	0.0001126	0.0607	0.0157	0.099	0.099	55137	1416823	0.0374582189733417	T	C	FALSE	0	5.43354457550335e-63	0	0	0	0	0	0
rs4792888	17	43877954	0.0001252	-0.0602	0.0157	0.901	0.099	55137	1416823	0.0374582189733417	A	G	FALSE	0	4.81011545580817e-63	0	0	0	0	0	0
rs4792889	17	43934332	6.666e-07	0.0736	0.0148	0.1483	0.1483	55137	1416823	0.0374582189733417	T	C	FALSE	0	6.67571484142411e-61	0	0	0	0	0	0
rs4792890	17	43934387	7.897e-07	0.0731	0.0148	0.1483	0.1483	55137	1416823	0.0374582189733417	A	G	FALSE	0	5.65168087423751e-61	0	0	0	0	0	0
rs4792892	17	43307719	0.8528	-0.0025	0.0137	0.1484	0.1484	56306	1417791	0.0381969436203995	T	G	FALSE	0	2.86694060226811e-66	0	0	0	0	0	0
rs4792893	17	43985723	7.549e-07	0.072	0.0146	0.1172	0.1172	55137	1416823	0.0374582189733417	A	G	FALSE	0	5.37888050842323e-61	0	0	0	0	0	0
rs4792894	17	43999203	2.466e-05	0.0651	0.0154	0.1078	0.1078	56306	1417791	0.0381969436203995	A	G	FALSE	0	2.28175320943522e-62	0	0	0	0	0	0
rs4792897	17	44086267	9.393e-06	-0.0584	0.0132	0.8419	0.1581	56306	1417791	0.0381969436203995	A	G	FALSE	0	4.63592079521046e-62	0	0	0	0	0	0
rs4986168	17	43336574	0.009941	-0.0243	0.0094	0.5436	0.4564	56306	1417791	0.0381969436203995	T	C	FALSE	0	5.43392768624187e-65	0	0	0	0	0	0
rs4997213	17	44186267	0.0006032	0.0453	0.0132	0.1625	0.1625	55137	1416823	0.0374582189733417	A	G	FALSE	0	9.56049740965129e-64	0	0	0	0	0	0
rs55818489	17	43841308	5.258e-17	0.0889	0.0106	0.3945	0.3945	36519	980404	0.0359112735182506	C	G	FALSE	0	3.71702544528429e-51	0	0	0	0	0	0
rs55968221	17	43799852	3.108e-06	-0.0612	0.0131	0.6655	0.3345	22811	885122	0.0251241005668921	A	G	FALSE	0	1.41226846031595e-61	0	0	0	0	0	0
rs56059526	17	43402859	0.07871	0.0325	0.0185	0.0812	0.0812	55137	1416823	0.0374582189733417	A	G	FALSE	0	1.75514239256949e-65	0	0	0	0	0	0
rs56087321	17	44084403	7.488e-19	0.0894	0.0101	0.4004	0.4004	56306	1417791	0.0381969436203995	C	G	FALSE	0	1.9419213720209e-49	0	0	0	0	0	0
rs56166297	17	44132710	0.0003095	-0.0487	0.0135	0.8548	0.1452	56306	1417791	0.0381969436203995	A	G	FALSE	0	1.80662801719826e-63	0	0	0	0	0	0
rs56265946	17	43444133	0.0001949	0.0613	0.0165	0.1042	0.1042	55137	1416823	0.0374582189733417	T	C	FALSE	0	3.21669214182913e-63	0	0	0	0	0	0
rs56269837	17	43335650	0.01122	0.024	0.0095	0.455	0.455	56306	1417791	0.0381969436203995	A	G	FALSE	0	4.72633486946461e-65	0	0	0	0	0	0
rs56276534	17	43335413	0.005546	0.0265	0.0096	0.4934	0.4934	56306	1417791	0.0381969436203995	T	C	FALSE	0	8.8537200018763e-65	0	0	0	0	0	0
rs56807059	17	44189270	1.022e-20	-0.0952	0.0102	0.589	0.411	55137	1416823	0.0374582189733417	A	C	FALSE	0	1.54674362554231e-47	0	0	0	0	0	0
rs56842912	17	43914914	0.1962	0.0237	0.0184	0.0715	0.0715	55137	1416823	0.0374582189733417	A	G	FALSE	0	8.60480284077539e-66	0	0	0	0	0	0
rs57240476	17	44195432	0.6069	0.0154	0.0299	0.0546	0.0546	41429	1321541	0.0303961202374227	T	C	FALSE	0	6.94598152219928e-66	0	0	0	0	0	0
rs57319081	17	44180819	0.002584	0.0501	0.0166	0.109	0.109	55137	1416823	0.0374582189733417	C	G	FALSE	0	3.14444614988376e-64	0	0	0	0	0	0
rs57344356	17	43306685	0.8447	0.003	0.0151	0.1167	0.1167	56306	1417791	0.0381969436203995	A	G	FALSE	0	3.16798286342268e-66	0	0	0	0	0	0
rs57431070	17	43330929	0.8068	0.0034	0.0138	0.1487	0.1487	56306	1417791	0.0381969436203995	A	G	FALSE	0	2.92741251330681e-66	0	0	0	0	0	0
rs57804037	17	43405024	0.01958	0.039	0.0167	0.1008	0.1008	55137	1416823	0.0374582189733417	T	C	FALSE	0	5.1498549323576e-65	0	0	0	0	0	0
rs57989921	17	43331177	0.8982	0.0018	0.0138	0.1495	0.1495	56306	1417791	0.0381969436203995	T	C	FALSE	0	2.86445552483495e-66	0	0	0	0	0	0
rs58007130	17	43353269	0.006949	0.0373	0.0138	0.1315	0.1315	56306	1417791	0.0381969436203995	T	C	FALSE	0	1.07709043480626e-64	0	0	0	0	0	0
rs58299347	17	43451359	0.04766	0.0238	0.012	0.2723	0.2723	55137	1416823	0.0374582189733417	T	C	FALSE	0	1.75399050780541e-65	0	0	0	0	0	0
rs58314091	17	43334653	0.005291	0.0269	0.0096	0.5145	0.4855	56306	1417791	0.0381969436203995	T	C	FALSE	0	9.93890387375482e-65	0	0	0	0	0	0
rs58428160	17	43354681	0.002139	0.0363	0.0118	0.1948	0.1948	56306	1417791	0.0381969436203995	A	G	FALSE	0	2.7131717158791e-64	0	0	0	0	0	0
rs58744688	17	43308183	0.3546	-0.0109	0.0118	0.7915	0.2085	56306	1417791	0.0381969436203995	A	C	FALSE	0	3.71782113511856e-66	0	0	0	0	0	0
rs58810165	17	44151005	0.0003087	-0.0495	0.0137	0.856	0.144	56306	1417791	0.0381969436203995	T	C	FALSE	0	1.86977603527782e-63	0	0	0	0	0	0
rs59113655	17	43434595	0.09933	-0.0195	0.0118	0.7614	0.2386	55137	1416823	0.0374582189733417	T	C	FALSE	0	9.47533212713924e-66	0	0	0	0	0	0
rs59193782	17	43434565	0.0001318	-0.0401	0.0105	0.6499	0.3501	55137	1416823	0.0374582189733417	T	G	FALSE	0	3.11546827541633e-63	0	0	0	0	0	0
rs59375097	17	43411574	0.4764	-0.0141	0.0198	0.9289	0.0711000000000001	55137	1416823	0.0374582189733417	A	G	FALSE	0	5.22534509076251e-66	0	0	0	0	0	0
rs59542675	17	43253143	0.4837	0.013	0.0185	0.0743	0.0743	56306	1417791	0.0381969436203995	A	G	FALSE	0	4.85461602897133e-66	0	0	0	0	0	0
rs59950134	17	43791248	2.919e-08	0.0654	0.0118	0.21	0.21	55137	1416823	0.0374582189733417	C	G	FALSE	0	1.07848166300951e-59	0	0	0	0	0	0
rs60163605	17	43334649	0.00557	-0.0267	0.0096	0.4856	0.4856	56306	1417791	0.0381969436203995	A	C	FALSE	0	9.37860198753019e-65	0	0	0	0	0	0
rs60221345	17	43434386	0.0001093	0.04	0.0103	0.3558	0.3558	55137	1416823	0.0374582189733417	T	C	FALSE	0	3.91769183878293e-63	0	0	0	0	0	0
rs60308509	17	43404943	0.07442	-0.033	0.0185	0.9192	0.0808	55137	1416823	0.0374582189733417	T	C	FALSE	0	1.84041157639777e-65	0	0	0	0	0	0
rs60420573	17	43331438	0.2319	-0.0141	0.0118	0.7876	0.2124	56306	1417791	0.0381969436203995	A	G	FALSE	0	4.95013585248041e-66	0	0	0	0	0	0
rs60426848	17	44007550	0.154	0.0294	0.0206	0.0627	0.0627	55137	1416823	0.0374582189733417	A	G	FALSE	0	1.15810417238969e-65	0	0	0	0	0	0
rs60521849	17	44172812	1.765e-19	0.0909	0.0101	0.4106	0.4106	56306	1417791	0.0381969436203995	A	G	FALSE	0	7.28568299038352e-49	0	0	0	0	0	0
rs60645916	17	43878030	0.1292	0.0284	0.0187	0.0699	0.0699	55137	1416823	0.0374582189733417	C	G	FALSE	0	1.20497634754329e-65	0	0	1	1	0	0
rs60742188	17	43249437	0.4135	0.0098	0.012	0.1993	0.1993	56306	1417791	0.0381969436203995	A	G	FALSE	0	3.44527645622074e-66	0	0	0	0	0	0
rs61160218	17	43274555	0.08789	0.0182	0.0107	0.3353	0.3353	56306	1417791	0.0381969436203995	A	G	FALSE	0	9.32681364153486e-66	0	0	0	0	0	0
rs61421488	17	43991509	0.0002797	-0.065	0.0179	0.8907	0.1093	55137	1416823	0.0374582189733417	A	C	FALSE	0	2.54822427761569e-63	0	0	0	0	0	0
rs62053943	17	43744203	3.584e-68	-0.27	0.0155	0.1552	0.1552	55137	1416823	0.0374582189733417	T	C	TRUE	1	1	1	1	0	0	1	1
rs62054826	17	43930700	6.493e-06	0.0658	0.0146	0.1318	0.1318	36519	980404	0.0359112735182506	A	C	FALSE	0	7.32764164588646e-62	0	0	0	0	0	0
rs62056907	17	43783175	3.276e-08	0.1123	0.0203	0.0707	0.0707	55137	1416823	0.0374582189733417	T	C	FALSE	0	1.57555261928964e-59	0	0	0	0	0	0
rs62057097	17	43873284	6.743e-07	0.0703	0.0141	0.1282	0.1282	55137	1416823	0.0374582189733417	T	C	FALSE	0	6.82161750192541e-61	0	0	0	0	0	0
rs62062775	17	44021960	4.503e-14	0.0938	0.0124	0.2392	0.2392	36519	980404	0.0359112735182506	A	G	FALSE	0	6.09682448809941e-54	0	0	0	0	0	0
rs62063286	17	44041987	1.564e-10	-0.0812	0.0127	0.7742	0.2258	37688	981372	0.0369831020744608	T	C	FALSE	0	1.81404688825993e-57	0	0	0	0	0	0
rs62063287	17	44041992	1.719e-10	0.081	0.0127	0.2258	0.2258	37688	981372	0.0369831020744608	T	G	FALSE	0	1.64115435578899e-57	0	0	0	0	0	0
rs62063662	17	44119840	4.522e-18	-0.0851	0.0098	0.595	0.405	56306	1417791	0.0381969436203995	T	C	FALSE	0	4.36764622445632e-50	0	0	0	0	0	0
rs62066677	17	43254421	0.01378	0.0415	0.0168	0.0951	0.0951	56306	1417791	0.0381969436203995	A	G	FALSE	0	7.14603214498711e-65	0	0	0	0	0	0
rs62066678	17	43259719	0.005763	-0.0444	0.0161	0.8919	0.1081	56306	1417791	0.0381969436203995	C	G	FALSE	0	1.44800302495447e-64	0	0	0	0	0	0
rs62066682	17	43266487	0.0006273	0.036	0.0105	0.3618	0.3618	56306	1417791	0.0381969436203995	A	G	FALSE	0	7.59767766408714e-64	0	0	0	0	0	0
rs62066707	17	43273992	7.348e-09	-0.0643	0.0111	0.3173	0.3173	56306	1417791	0.0381969436203995	A	T	FALSE	0	4.20229870287712e-59	0	0	0	0	0	0
rs62066708	17	43274408	0.0003181	0.0768	0.0213	0.0625	0.0625	56306	1417791	0.0381969436203995	A	G	FALSE	0	2.70290535373608e-63	0	0	0	0	0	0
rs62066710	17	43279850	0.0002485	-0.0826	0.0225	0.9423	0.0577	56306	1417791	0.0381969436203995	A	G	FALSE	0	3.58013189439618e-63	0	0	0	0	0	0
rs62066713	17	43285302	0.0005599	-0.0748	0.0217	0.9394	0.0606	56306	1417791	0.0381969436203995	T	G	FALSE	0	1.5795177919856e-63	0	0	0	0	0	0
rs62066715	17	43288734	0.0004799	0.0758	0.0217	0.0603	0.0603	56306	1417791	0.0381969436203995	A	G	FALSE	0	1.84996915626011e-63	0	0	0	0	0	0
rs62066716	17	43289187	0.0004924	0.0756	0.0217	0.0604	0.0604	56306	1417791	0.0381969436203995	T	C	FALSE	0	1.79210549016899e-63	0	0	0	0	0	0
rs62066719	17	43302680	0.0007661	-0.0735	0.0219	0.9407	0.0593	56306	1417791	0.0381969436203995	A	G	FALSE	0	1.17302018140609e-63	0	0	0	0	0	0
rs62066720	17	43305456	0.4241	-0.0093	0.0117	0.7881	0.2119	56306	1417791	0.0381969436203995	C	G	FALSE	0	3.30135181243841e-66	0	0	0	0	0	0
rs62066723	17	43327309	0.7541	-0.0043	0.0138	0.8502	0.1498	56306	1417791	0.0381969436203995	T	C	FALSE	0	2.98090642600259e-66	0	0	0	0	0	0
rs62066724	17	43330066	0.6853	-0.0057	0.0141	0.8589	0.1411	56306	1417791	0.0381969436203995	A	G	FALSE	0	3.14753980111218e-66	0	0	0	0	0	0
rs63750072	17	44060859	0.009039	-0.0571	0.0219	0.9473	0.0527	56306	1417791	0.0381969436203995	A	G	FALSE	0	1.29139766532674e-64	0	0	0	0	0	0
rs63750222	17	44061025	0.01712	0.0391	0.0164	0.115	0.115	56306	1417791	0.0381969436203995	T	C	FALSE	0	5.67492947341215e-65	0	0	0	0	0	0
rs6503426	17	43268267	0.05348	-0.025	0.013	0.675	0.325	42598	1322509	0.0312048799105125	T	C	FALSE	0	1.68743099116499e-65	0	0	0	0	0	0
rs6503427	17	43268712	0.03876	-0.0217	0.0105	0.6845	0.3155	56306	1417791	0.0381969436203995	T	C	FALSE	0	1.81978394725564e-65	0	0	0	0	0	0
rs6503428	17	43273867	0.07324	-0.0201	0.0112	0.7237	0.2763	56306	1417791	0.0381969436203995	A	T	FALSE	0	1.14880070508009e-65	0	0	0	0	0	0
rs6503430	17	43278732	0.001718	-0.0327	0.0104	0.5109	0.4891	37688	981372	0.0369831020744608	T	C	FALSE	0	2.96437781907745e-64	0	0	0	0	0	0
rs6503435	17	43445484	6.649e-05	-0.0614	0.0154	0.876	0.124	55137	1416823	0.0374582189733417	T	C	FALSE	0	8.55541364137345e-63	0	0	0	0	0	0
rs6503436	17	43459770	0.006778	-0.0285	0.0105	0.6981	0.3019	55137	1416823	0.0374582189733417	A	C	FALSE	0	8.52139812167807e-65	0	0	0	0	0	0
rs6503437	17	43518152	1.237e-05	0.0495	0.0113	0.2866	0.2866	55137	1416823	0.0374582189733417	A	G	FALSE	0	3.31508131044788e-62	0	0	0	0	0	0
rs6503444	17	43783370	0.3354	-0.0178	0.0185	0.9177	0.0823	36519	980404	0.0359112735182506	T	C	FALSE	0	6.01394029968545e-66	0	0	0	0	0	0
rs6503447	17	43834912	2.555e-11	-0.0709	0.0106	0.6914	0.3086	36519	980404	0.0359112735182506	A	T	FALSE	0	1.0637226471215e-56	0	0	0	0	0	0
rs6503454	17	44118269	9.673e-05	-0.0505	0.0129	0.8374	0.1626	56306	1417791	0.0381969436203995	A	G	FALSE	0	5.47295524985485e-63	0	0	0	0	0	0
rs6503455	17	44140748	6.781e-18	0.0847	0.0098	0.407	0.407	56306	1417791	0.0381969436203995	T	C	FALSE	0	3.06935838140276e-50	0	0	0	0	0	0
rs6503456	17	44148705	8.967e-05	-0.0511	0.0131	0.8376	0.1624	56306	1417791	0.0381969436203995	A	C	FALSE	0	5.25831879835881e-63	0	0	0	0	0	0
rs66499584	17	44091780	0.0009179	0.0445	0.0134	0.1565	0.1565	56306	1417791	0.0381969436203995	A	G	FALSE	0	6.67917390823481e-64	0	0	0	0	0	0
rs66524664	17	44162713	0.0002522	0.0501	0.0137	0.1454	0.1454	56306	1417791	0.0381969436203995	A	G	FALSE	0	2.19081544508108e-63	0	0	0	0	1	1
rs66660193	17	43994763	0.00664	-0.0453	0.0167	0.8924	0.1076	55137	1416823	0.0374582189733417	A	G	FALSE	0	1.32569968804489e-64	0	0	0	0	0	0
rs66672743	17	43837594	5.953e-11	0.0695	0.0106	0.3062	0.3062	36519	980404	0.0359112735182506	T	G	FALSE	0	4.44651834830063e-57	0	0	0	0	0	0
rs66827053	17	43250653	0.3792	-0.0098	0.0112	0.7401	0.2599	56306	1417791	0.0381969436203995	A	G	FALSE	0	3.37900816467722e-66	0	0	0	0	0	0
rs67141028	17	43412337	0.4352	0.0154	0.0197	0.0715	0.0715	55137	1416823	0.0374582189733417	A	G	FALSE	0	5.47406125349882e-66	0	0	0	0	0	0
rs67170803	17	43415383	0.01239	-0.0419	0.0167	0.8967	0.1033	55137	1416823	0.0374582189733417	A	C	FALSE	0	7.81988687485119e-65	0	0	0	0	0	0
rs67492300	17	43837777	3.247e-11	0.0701	0.0106	0.3132	0.3132	36519	980404	0.0359112735182506	A	G	FALSE	0	6.44824395158344e-57	0	0	0	0	0	0
rs67622136	17	43452519	0.0003733	-0.0576	0.0162	0.8943	0.1057	55137	1416823	0.0374582189733417	A	G	FALSE	0	1.77782444673028e-63	0	0	0	0	0	0
rs67676322	17	44097249	0.0002988	0.0487	0.0135	0.1457	0.1457	56306	1417791	0.0381969436203995	A	G	FALSE	0	1.80662801719826e-63	0	0	0	0	0	0
rs67682367	17	44120994	0.0002583	-0.0489	0.0134	0.8544	0.1456	56306	1417791	0.0381969436203995	A	T	FALSE	0	2.08683390618739e-63	0	0	0	0	0	0
rs67882608	17	43270288	0.1344	0.02	0.0134	0.3608	0.3608	23980	886090	0.0263496214576901	A	T	FALSE	0	8.3602608572838e-66	0	0	0	0	0	0
rs708563	17	43340936	0.02275	-0.0216	0.0095	0.5388	0.4612	56306	1417791	0.0381969436203995	A	G	FALSE	0	2.58105741057225e-65	0	0	0	0	0	0
rs713522	17	44065263	6.915e-39	0.1277	0.0098	0.5835	0.4165	56306	1417791	0.0381969436203995	T	C	FALSE	0	1.22412706101653e-29	0	0.00416626029485268	0	0	1	1
rs71375325	17	44005297	0.005101	0.0458	0.0164	0.1205	0.1205	55137	1416823	0.0374582189733417	T	C	FALSE	0	1.62234435306785e-64	0	0	0	0	0	0
rs7207244	17	43277541	0.002166	-0.033	0.0108	0.6027	0.3973	37688	981372	0.0369831020744608	C	G	FALSE	0	2.33771805688585e-64	0	0	0	0	0	0
rs7207549	17	43360128	0.407	0.0087	0.0105	0.2713	0.2713	56306	1417791	0.0381969436203995	A	G	FALSE	0	3.04633445204636e-66	0	0	0	0	0	0
rs7208466	17	43271947	0.06096	0.021	0.0112	0.2772	0.2772	56306	1417791	0.0381969436203995	A	G	FALSE	0	1.33069133933449e-65	0	0	0	0	0	0
rs7208548	17	43247930	0.01009	-0.0248	0.0097	0.4849	0.4849	56306	1417791	0.0381969436203995	A	C	FALSE	0	5.2104926523474e-65	0	0	0	0	0	0
rs7209707	17	44059666	0.00631	0.0506	0.0185	0.0835	0.0835	56306	1417791	0.0381969436203995	T	C	FALSE	0	1.55070238208833e-64	0	0	0	0	0	0
rs7209805	17	43327946	0.2322	-0.0144	0.0121	0.7935	0.2065	56306	1417791	0.0381969436203995	T	C	FALSE	0	5.04583278395837e-66	0	0	0	0	0	0
rs7210761	17	43336997	0.3812	0.0089	0.0101	0.314	0.314	56306	1417791	0.0381969436203995	T	C	FALSE	0	3.06527965075358e-66	0	0	0	0	0	0
rs7211069	17	43337171	0.7104	0.0039	0.0106	0.2638	0.2638	56306	1417791	0.0381969436203995	T	C	FALSE	0	2.33629033880261e-66	0	0	0	0	0	0
rs7211561	17	43712623	0.0003482	0.079	0.0221	0.1566	0.1566	16960	879256	0.0189240093905933	A	T	FALSE	0	2.49777490984649e-63	0	0	0	0	0	0
rs7212192	17	43277652	0.06116	0.0216	0.0115	0.2741	0.2741	56306	1417791	0.0381969436203995	T	C	FALSE	0	1.37416867599869e-65	0	0	0	0	0	0
rs7212404	17	43317574	0.9187	0.0014	0.0137	0.1522	0.1522	55137	1416823	0.0374582189733417	A	G	FALSE	0	2.83451380270444e-66	0	0	0	0	0	0
rs7212802	17	43266091	0.01579	-0.0256	0.0106	0.6723	0.3277	56306	1417791	0.0381969436203995	A	G	FALSE	0	4.00144640817099e-65	0	0	0	0	0	0
rs7213077	17	44119051	4.529e-18	-0.0849	0.0098	0.5937	0.4063	56306	1417791	0.0381969436203995	T	C	FALSE	0	3.6606423785229e-50	0	0	0	0	1	1
rs7213493	17	43349176	0.01104	0.0344	0.0135	0.1373	0.1373	56306	1417791	0.0381969436203995	A	G	FALSE	0	7.03751034644164e-65	0	0	0	0	0	0
rs7214310	17	43281946	0.03354	-0.023	0.0108	0.6173	0.3827	37688	981372	0.0369831020744608	T	C	FALSE	0	2.13441223218814e-65	0	0	0	0	0	0
rs7214514	17	43387104	2.647e-11	-0.0696	0.0104	0.3122	0.3122	55137	1416823	0.0374582189733417	T	G	FALSE	0	1.07178486340419e-56	0	0	0	0	0	0
rs7214657	17	43349920	0.505	-0.007	0.0106	0.7299	0.2701	56306	1417791	0.0381969436203995	T	G	FALSE	0	2.71422931926428e-66	0	0	0	0	0	0
rs7214661	17	43430696	0.000105	-0.0397	0.0102	0.6451	0.3549	55137	1416823	0.0374582189733417	A	G	FALSE	0	4.0138238909679e-63	0	0	0	0	0	0
rs7214674	17	44113969	8.8e-05	0.0508	0.013	0.1628	0.1628	56306	1417791	0.0381969436203995	T	C	FALSE	0	5.36347223446447e-63	0	0	0	0	0	0
rs7215363	17	43300231	0.1979	0.0224	0.0174	0.0882	0.0882	56306	1417791	0.0381969436203995	C	G	FALSE	0	8.13956274601961e-66	0	0	0	0	0	0
rs7215764	17	43338941	0.367	-0.0095	0.0106	0.7277	0.2723	56306	1417791	0.0381969436203995	C	G	FALSE	0	3.25944077048856e-66	0	0	0	0	0	0
rs721579	17	43370481	4.359e-13	-0.0786	0.0109	0.2642	0.2642	56306	1417791	0.0381969436203995	T	C	FALSE	0	4.06654170598518e-55	0	0	0	0	0	0
rs7216796	17	43392208	0.000535	0.033	0.0095	0.537	0.463	55137	1416823	0.0374582189733417	A	G	FALSE	0	8.05483183164307e-64	0	0	0	0	0	0
rs7216893	17	44078213	0.001485	-0.0557	0.0175	0.9103	0.0897	55137	1416823	0.0374582189733417	A	G	FALSE	0	5.48292502499761e-64	0	0	0	0	0	0
rs7217315	17	43295429	0.001084	0.0716	0.0219	0.0589	0.0589	56306	1417791	0.0381969436203995	A	G	FALSE	0	8.83005777547503e-64	0	0	0	0	0	0
rs7218286	17	43945524	1.879e-17	0.0896	0.0105	0.343	0.343	36519	980404	0.0359112735182506	A	G	FALSE	0	1.27006553697582e-50	0	0	0	0	0	0
rs7218351	17	43279320	0.08322	0.0192	0.0111	0.3589	0.3589	37688	981372	0.0369831020744608	A	G	FALSE	0	1.01595505994909e-65	0	0	0	0	0	0
rs7218457	17	43802506	6.962e-13	-0.0722	0.01	0.6622	0.3378	55137	1416823	0.0374582189733417	A	G	FALSE	0	4.0298165918118e-55	0	0	0	0	0	0
rs7219397	17	43266519	0.02222	-0.0241	0.0106	0.6766	0.3234	56306	1417791	0.0381969436203995	A	T	FALSE	0	2.87438572192306e-65	0	0	0	0	0	0
rs7220051	17	43459253	0.01368	-0.0299	0.0121	0.5311	0.4689	41429	1321541	0.0303961202374227	A	T	FALSE	0	5.2193962839119e-65	0	0	0	0	0	0
rs7220421	17	43945726	1.418e-12	0.0692	0.0098	0.4393	0.4393	55137	1416823	0.0374582189733417	A	G	FALSE	0	1.27774469053648e-55	0	0	0	0	0	0
rs7220988	17	44109474	5.048e-18	0.0843	0.0097	0.4065	0.4065	56306	1417791	0.0381969436203995	A	G	FALSE	0	4.60391314244698e-50	0	0	0	0	0	0
rs7221167	17	43933307	1.364e-37	0.1443	0.0113	0.581	0.419	36519	980404	0.0359112735182506	T	C	FALSE	0	4.61917517804295e-31	0	0	0	0	1	1
rs7221403	17	43380666	0.0003144	0.034	0.0094	0.5412	0.4588	56306	1417791	0.0381969436203995	A	C	FALSE	0	1.32375537058085e-63	0	0	0	0	0	0
rs7222094	17	43367653	0.0005129	0.033	0.0095	0.5353	0.4647	56306	1417791	0.0381969436203995	T	C	FALSE	0	8.05483183164307e-64	0	0	0	0	0	0
rs7222377	17	43436472	0.0001309	0.0396	0.0104	0.3542	0.3542	55137	1416823	0.0374582189733417	A	T	FALSE	0	2.95656998306764e-63	0	0	0	0	0	0
rs7222658	17	43882035	0.1317	-0.0278	0.0185	0.929	0.071	55137	1416823	0.0374582189733417	A	G	FALSE	0	1.16418714597123e-65	0	0	2	1	0	0
rs7222751	17	43354930	0.01331	0.0334	0.0135	0.1378	0.1378	56306	1417791	0.0381969436203995	A	G	FALSE	0	5.84794249598401e-65	0	0	0	0	0	0
rs7223853	17	43384632	0.0001929	0.0471	0.0126	0.6902	0.3098	42598	1322509	0.0312048799105125	A	T	FALSE	0	2.73091497126859e-63	0	0	0	0	0	0
rs7224541	17	43974594	1.588e-06	0.0694	0.0145	0.1219	0.1219	55137	1416823	0.0374582189733417	A	G	FALSE	0	2.6490966767349e-61	0	0	0	0	0	0
rs7224548	17	43337136	0.3661	-0.0092	0.0101	0.6871	0.3129	56306	1417791	0.0381969436203995	T	G	FALSE	0	3.14774442463393e-66	0	0	0	0	0	0
rs7225002	17	44189067	1.841e-40	0.1351	0.0101	0.6094	0.3906	55137	1416823	0.0374582189733417	A	G	FALSE	0	1.18099612131209e-27	2	1	0	0	1	1
rs7225082	17	43848495	1.001e-17	-0.0861	0.01	0.6364	0.3636	55137	1416823	0.0374582189733417	T	G	FALSE	0	2.35186672601896e-50	0	0	0	0	0	0
rs7225083	17	43337501	0.3573	-0.0093	0.0101	0.6851	0.3149	56306	1417791	0.0381969436203995	C	G	FALSE	0	3.1763438827766e-66	0	0	0	0	0	0
rs72628323	17	44171207	0.0002951	0.0508	0.014	0.142	0.142	56306	1417791	0.0381969436203995	A	G	FALSE	0	2.01705973119835e-63	0	0	0	0	0	0
rs72628324	17	44171757	0.0003034	0.051	0.0141	0.1408	0.1408	56306	1417791	0.0381969436203995	A	G	FALSE	0	1.94765978541592e-63	0	0	0	0	0	0
rs72628325	17	44202101	0.0001328	0.0555	0.0145	0.1435	0.1435	55137	1416823	0.0374582189733417	T	C	FALSE	0	4.35923529997893e-63	0	0	0	0	0	0
rs72832877	17	43278576	6.839e-09	-0.0653	0.0113	0.3175	0.3175	56306	1417791	0.0381969436203995	T	C	FALSE	0	3.93786981423996e-59	0	0	0	0	0	0
rs72832896	17	43421720	0.03941	-0.0325	0.0158	0.8791	0.1209	55137	1416823	0.0374582189733417	A	G	FALSE	0	2.66008329149031e-65	0	0	0	0	0	0
rs72834548	17	43805398	4.775e-05	0.0598	0.0147	0.1199	0.1199	55137	1416823	0.0374582189733417	A	G	FALSE	0	1.13472903406881e-62	0	0	0	0	0	0
rs72834567	17	43845746	9.862e-06	0.059	0.0134	0.1535	0.1535	55137	1416823	0.0374582189733417	A	C	FALSE	0	4.28068838966565e-62	0	0	0	0	0	0
rs72834580	17	43892684	1.266e-05	0.0696	0.0159	0.1178	0.1178	55137	1416823	0.0374582189733417	C	G	FALSE	0	4.45892976238553e-62	0	0	0	0	0	0
rs72836329	17	44161763	1.873e-18	0.0873	0.01	0.4063	0.4063	56306	1417791	0.0381969436203995	T	C	FALSE	0	6.63935520178163e-50	0	0	0	0	0	0
rs732589	17	43470760	2.183e-05	0.0444	0.0105	0.302	0.302	55137	1416823	0.0374582189733417	T	C	FALSE	0	1.61141196452018e-62	0	0	0	0	0	0
rs73307518	17	43504217	0.0009978	0.0561	0.0171	0.124	0.124	55137	1416823	0.0374582189733417	T	C	FALSE	0	7.3472938491019e-64	0	0	0	0	0	0
rs73313152	17	43928950	0.1042	-0.0289	0.0178	0.9223	0.0777	55137	1416823	0.0374582189733417	C	G	FALSE	0	1.35250686975793e-65	0	0	0	0	0	0
rs73317025	17	44081178	1.016e-05	-0.0631	0.0143	0.867	0.133	56306	1417791	0.0381969436203995	T	C	FALSE	0	4.73477707922087e-62	0	0	0	0	0	0
rs73317026	17	44081268	0.000101	0.057	0.0147	0.1349	0.1349	37688	981372	0.0369831020744608	A	G	FALSE	0	5.345864529576e-63	0	0	0	0	0	0
rs73319060	17	43265323	0.959	9e-04	0.0166	0.8918	0.1082	56306	1417791	0.0381969436203995	T	G	FALSE	0	3.41797381448048e-66	0	0	0	0	0	0
rs735423	17	43757020	6.987e-06	-0.058	0.0129	0.8066	0.1934	55137	1416823	0.0374582189733417	C	G	FALSE	0	6.24711172804849e-62	0	0	0	0	0	0
rs73984616	17	43881290	0.1222	0.0285	0.0185	0.071	0.071	55137	1416823	0.0374582189733417	T	C	FALSE	0	1.2325800093609e-65	0	0	3	1	0	0
rs74253615	17	43290262	0.1324	0.0261	0.0173	0.089	0.089	56306	1417791	0.0381969436203995	A	C	FALSE	0	1.10032317572128e-65	0	0	0	0	0	0
rs74371720	17	43768534	0.00157	0.0532	0.0168	0.1189	0.1189	55137	1416823	0.0374582189733417	A	G	FALSE	0	5.01819393580662e-64	0	0	0	0	0	0
rs74518378	17	44185410	0.002175	0.051	0.0166	0.1085	0.1085	55137	1416823	0.0374582189733417	T	C	FALSE	0	3.7047224220664e-64	0	0	0	0	0	0
rs74970811	17	43396328	0.01673	0.034	0.0142	0.1302	0.1302	55137	1416823	0.0374582189733417	T	C	FALSE	0	5.06258976025802e-65	0	0	0	0	0	0
rs7502280	17	43670221	3.413e-09	0.3286	0.0556	0.8835	0.1165	8036	5803	0.580677794638341	T	G	FALSE	0	1.21346346846017e-58	0	0	0	0	0	0
rs75074511	17	43846129	0.6732	0.0117	0.0276	0.0503	0.0503	55137	1416823	0.0374582189733417	A	G	FALSE	0	6.16059603877293e-66	0	0	0	0	0	0
rs75184106	17	43385263	0.01552	0.0344	0.0142	0.1277	0.1277	55137	1416823	0.0374582189733417	A	C	FALSE	0	5.41613011701367e-65	0	0	0	0	0	0
rs7521	17	44105395	4.13e-24	0.098	0.0097	0.463	0.463	56306	1417791	0.0381969436203995	A	G	FALSE	0	2.5913292188139e-44	0	0	0	0	0	0
rs75239108	17	43310182	0.103	-0.0326	0.02	0.9367	0.0633	56306	1417791	0.0381969436203995	T	C	FALSE	0	1.52972393436723e-65	0	0	0	0	0	0
rs75864910	17	43308547	0.1098	0.032	0.02	0.0633	0.0633	56306	1417791	0.0381969436203995	T	C	FALSE	0	1.45807487525805e-65	0	0	0	0	0	0
rs75911690	17	43380115	0.02	0.0325	0.014	0.1279	0.1279	56306	1417791	0.0381969436203995	T	C	FALSE	0	4.20814957331102e-65	0	0	0	0	0	0
rs7613	17	43471481	4.048e-05	0.0425	0.0104	0.3015	0.3015	56306	1417791	0.0381969436203995	A	G	FALSE	0	8.86135468083667e-63	0	0	0	0	0	0
rs76281607	17	44042782	2.27e-06	0.0594	0.0126	0.1864	0.1864	56306	1417791	0.0381969436203995	T	C	FALSE	0	1.66316726056215e-61	0	0	0	0	0	0
rs76679230	17	43253551	0.6022	0.0077	0.0148	0.1259	0.1259	56306	1417791	0.0381969436203995	A	G	FALSE	0	3.48378162541369e-66	0	0	0	0	0	0
rs77044114	17	43482264	0.01535	-0.073	0.0301	0.0526	0.0526	42598	1322509	0.0312048799105125	T	C	FALSE	0	1.08932048458038e-64	0	0	0	0	0	0
rs77045387	17	43263774	1.687e-05	-0.0518	0.012	0.283	0.283	37688	981372	0.0369831020744608	A	G	FALSE	0	2.65852941263156e-62	0	0	0	0	0	0
rs77169816	17	44042942	1.601e-07	0.0657	0.0125	0.1816	0.1816	56306	1417791	0.0381969436203995	T	C	FALSE	0	2.4324739512348e-60	0	0	0	0	0	0
rs77564485	17	43326807	0.06537	0.0388	0.0211	0.0598	0.0598	56306	1417791	0.0381969436203995	A	G	FALSE	0	2.304511454845e-65	0	0	0	0	0	0
rs77766814	17	43314544	0.09731	-0.0337	0.0203	0.9381	0.0619	56306	1417791	0.0381969436203995	A	G	FALSE	0	1.62977415149158e-65	0	0	0	0	0	0
rs78509373	17	43266542	0.2537	-0.0151	0.0133	0.8251	0.1749	55137	1416823	0.0374582189733417	T	C	FALSE	0	5.2009173705286e-66	0	0	0	0	0	0
rs78746179	17	44204606	0.04783	0.1329	0.0672	0.0736	0.0736	8036	5803	0.580677794638341	T	C	FALSE	0	7.61748617491237e-65	0	0	0	0	0	0
rs79039330	17	43385620	0.01556	0.0343	0.0142	0.1276	0.1276	55137	1416823	0.0374582189733417	T	G	FALSE	0	5.3251010806761e-65	0	0	0	0	0	0
rs79084945	17	43424018	0.2167	0.0304	0.0246	0.0545	0.0545	55137	1416823	0.0374582189733417	A	G	FALSE	0	1.06871668167667e-65	0	0	0	0	0	0
rs79091156	17	43304649	0.1126	0.0262	0.0165	0.0947	0.0947	56306	1417791	0.0381969436203995	A	G	FALSE	0	1.18667936839667e-65	0	0	0	0	0	0
rs79152928	17	43254231	0.1378	-0.0315	0.0212	0.9046	0.0954	42598	1322509	0.0312048799105125	T	C	FALSE	0	1.29570643095579e-65	0	0	0	0	0	0
rs79181461	17	43310143	0.1032	0.0326	0.02	0.0633	0.0633	56306	1417791	0.0381969436203995	A	G	FALSE	0	1.52972393436723e-65	0	0	0	0	0	0
rs79206700	17	43445610	0.0004807	0.058	0.0166	0.1028	0.1028	55137	1416823	0.0374582189733417	A	C	FALSE	0	1.46521864048407e-63	0	0	0	0	0	0
rs79337476	17	43279074	0.0005841	0.0741	0.0216	0.0617	0.0617	56306	1417791	0.0381969436203995	C	G	FALSE	0	1.48775748092729e-63	0	0	0	0	0	0
rs79442196	17	43379488	0.01944	0.0326	0.014	0.1281	0.1281	56306	1417791	0.0381969436203995	T	C	FALSE	0	4.27827197728543e-65	0	0	0	0	0	0
rs79470695	17	43468366	0.7223	0.0092	0.0258	0.0506	0.0506	55137	1416823	0.0374582189733417	T	C	FALSE	0	5.61969803068058e-66	0	0	0	0	0	0
rs79592359	17	43286143	0.504	-0.0132	0.0198	0.9154	0.0846	56306	1417791	0.0381969436203995	T	G	FALSE	0	5.06568260528044e-66	0	0	0	0	0	0
rs79789477	17	43380341	0.03044	0.0305	0.0141	0.1265	0.1265	56306	1417791	0.0381969436203995	A	G	FALSE	0	2.97636766426373e-65	0	0	0	0	0	0
rs80069680	17	43275886	0.4771	0.0124	0.0174	0.0915	0.0915	56306	1417791	0.0381969436203995	T	C	FALSE	0	4.60131043627679e-66	0	0	0	0	0	0
rs80189278	17	44060492	0.001191	0.0745	0.023	0.0639	0.0639	56306	1417791	0.0381969436203995	A	G	FALSE	0	8.35519519288912e-64	0	0	0	0	0	0
rs8064986	17	44119367	1.932e-24	0.0986	0.0097	0.4648	0.4648	56306	1417791	0.0381969436203995	A	G	FALSE	0	4.84305903164822e-44	0	0	0	0	0	0
rs8065345	17	43332015	0.8951	-0.0018	0.0137	0.8485	0.1515	56306	1417791	0.0381969436203995	A	G	FALSE	0	2.8441503522693e-66	0	0	0	0	0	0
rs8065800	17	44010478	1.289e-15	-0.0867	0.0108	0.6608	0.3392	36519	980404	0.0359112735182506	A	G	FALSE	0	1.99858071628154e-52	0	0	0	0	0	0
rs8065825	17	44175489	1.379e-19	-0.0911	0.0101	0.5879	0.4121	56306	1417791	0.0381969436203995	A	G	FALSE	0	8.7047706559221e-49	0	0	0	0	0	0
rs8066287	17	43457711	0.003496	0.0314	0.0108	0.298	0.298	55137	1416823	0.0374582189733417	C	G	FALSE	0	1.50494832052654e-64	0	0	0	0	0	0
rs8068300	17	44202690	1.811e-26	0.1076	0.0101	0.4716	0.4716	56306	1417791	0.0381969436203995	T	C	FALSE	0	7.96172761009312e-42	0	0	0	0	0	0
rs8068730	17	43294324	0.2587	0.0197	0.0175	0.0876	0.0876	56306	1417791	0.0381969436203995	A	G	FALSE	0	6.74504145776376e-66	0	0	0	0	0	0
rs8068816	17	43263019	0.01217	0.0395	0.0158	0.1211	0.1211	56306	1417791	0.0381969436203995	A	T	FALSE	0	7.25397883048294e-65	0	0	0	0	0	0
rs8070221	17	43245893	0.01065	0.0248	0.0097	0.5148	0.4852	56306	1417791	0.0381969436203995	C	G	FALSE	0	5.2104926523474e-65	0	0	0	0	0	0
rs8070420	17	44185479	1.301e-19	0.0919	0.0101	0.4152	0.4152	56306	1417791	0.0381969436203995	T	G	FALSE	0	1.78075511611583e-48	0	0	0	0	0	0
rs8070437	17	43257270	0.2646	-0.0117	0.0105	0.7005	0.2995	56306	1417791	0.0381969436203995	T	C	FALSE	0	4.01777060127176e-66	0	0	0	0	0	0
rs8071573	17	43264915	0.01253	0.0267	0.0107	0.3305	0.3305	56306	1417791	0.0381969436203995	A	G	FALSE	0	4.91499526387087e-65	0	0	0	0	0	0
rs8074761	17	44124640	0.0001544	0.0491	0.013	0.1636	0.1636	56306	1417791	0.0381969436203995	A	G	FALSE	0	3.25199902728163e-63	0	0	0	0	0	0
rs8077692	17	43292154	0.6745	-0.0058	0.0138	0.6848	0.3152	23980	886090	0.0263496214576901	T	C	FALSE	0	3.10128100609043e-66	0	0	0	0	0	0
rs8078067	17	44125466	6.136e-18	0.0848	0.0098	0.4054	0.4054	56306	1417791	0.0381969436203995	A	G	FALSE	0	3.35181388473087e-50	0	0	0	0	0	0
rs8078967	17	44008101	4.948e-22	0.0941	0.0098	0.4435	0.4435	55137	1416823	0.0374582189733417	T	C	FALSE	0	1.89699985888196e-46	0	0	0	0	0	0
rs8079215	17	44064851	1.984e-14	-0.0811	0.0106	0.7149	0.2851	56306	1417791	0.0381969436203995	T	C	FALSE	0	1.0345288408925e-53	7	1	0	0	0	0
rs8079270	17	43414434	0.07319	0.0333	0.0186	0.0814	0.0814	55137	1416823	0.0374582189733417	T	C	FALSE	0	1.87156321288991e-65	0	0	0	0	0	0
rs8079387	17	43926777	1.836e-08	-0.0619	0.011	0.7552	0.2448	55137	1416823	0.0374582189733417	A	T	FALSE	0	1.6245910758537e-59	0	0	0	0	0	0
rs8080903	17	43996140	5.186e-22	0.0953	0.0099	0.4438	0.4438	55137	1416823	0.0374582189733417	T	C	FALSE	0	2.41197266852049e-46	0	0	0	0	0	0
rs8082105	17	43821478	5.833e-07	0.0606	0.0121	0.1858	0.1858	55137	1416823	0.0374582189733417	A	G	FALSE	0	6.6571456858009e-61	0	0	0	0	0	0
rs8182370	17	43316613	0.3656	0.0105	0.0117	0.2137	0.2137	56306	1417791	0.0381969436203995	C	G	FALSE	0	3.59959395034333e-66	0	0	0	0	0	0
rs8327	17	43472507	1.632e-13	-0.0806	0.0109	0.7297	0.2703	56306	1417791	0.0381969436203995	A	G	FALSE	0	1.54680912101733e-54	0	0	0	0	0	0
rs867139	17	43454804	0.0003053	-0.0552	0.0153	0.8783	0.1217	55137	1416823	0.0374582189733417	C	G	FALSE	0	2.03236034216008e-63	0	0	0	0	0	0
rs878918	17	44031596	5.103e-16	-0.0896	0.0111	0.6812	0.3188	36519	980404	0.0359112735182506	A	G	FALSE	0	2.91527517837448e-52	0	0	0	0	0	0
rs916896	17	44098797	3.841e-18	0.0863	0.0099	0.4014	0.4014	56306	1417791	0.0381969436203995	T	C	FALSE	0	5.8899097885203e-50	0	0	0	0	0	0
rs919463	17	44065741	0.0001168	0.0462	0.012	0.1868	0.1868	56306	1417791	0.0381969436203995	A	G	FALSE	0	3.98141804098931e-63	0	0	0	0	0	0
rs930119	17	43979972	1.23e-14	0.0824	0.0107	0.3164	0.3164	55137	1416823	0.0374582189733417	A	G	FALSE	0	1.52866318923914e-53	0	0	0	0	0	0
rs9303471	17	43456342	4.646e-14	-0.0782	0.0104	0.3545	0.3545	55137	1416823	0.0374582189733417	A	C	FALSE	0	3.75930489611435e-54	0	0	0	0	0	0
rs9303524	17	44136576	0.0002018	-0.049	0.0132	0.8376	0.1624	55137	1416823	0.0374582189733417	A	T	FALSE	0	2.59074669652512e-63	0	0	0	0	0	0
rs933317	17	44136030	7.911e-05	0.0513	0.013	0.1632	0.1632	56306	1417791	0.0381969436203995	T	C	FALSE	0	6.23395917761769e-63	0	0	0	0	0	0
rs962885	17	43935631	2.942e-19	0.0971	0.0108	0.3437	0.3437	36519	980404	0.0359112735182506	T	C	FALSE	0	7.06362933155973e-49	0	0	0	0	0	0
rs9709123	17	43244620	0.006168	-0.0267	0.0097	0.4883	0.4883	56306	1417791	0.0381969436203995	A	G	FALSE	0	8.75333722685672e-65	0	0	0	0	0	0
rs9889614	17	43305401	0.1111	0.0194	0.0122	0.1885	0.1885	56306	1417791	0.0381969436203995	A	G	FALSE	0	8.8535698767831e-66	0	0	0	0	0	0
rs9890016	17	43929696	0.06635	-0.0323	0.0176	0.9202	0.0798	55137	1416823	0.0374582189733417	T	C	FALSE	0	1.92353304831456e-65	0	0	0	0	0	0
rs9891541	17	43305520	0.08956	0.0336	0.0198	0.0646	0.0646	56306	1417791	0.0381969436203995	T	C	FALSE	0	1.69167047681933e-65	0	0	0	0	0	0
rs9891552	17	43313404	0.1033	0.033	0.0203	0.0621	0.0621	56306	1417791	0.0381969436203995	A	T	FALSE	0	1.54090341140543e-65	0	0	0	0	0	0
rs9892359	17	43870691	1.102e-05	-0.0657	0.0149	0.8832	0.1168	55137	1416823	0.0374582189733417	A	G	FALSE	0	4.84331664950357e-62	0	0	0	0	0	0
rs9893052	17	43306763	0.4223	-0.0094	0.0117	0.7886	0.2114	56306	1417791	0.0381969436203995	T	C	FALSE	0	3.32390079389778e-66	0	0	0	0	0	0
rs9893586	17	43548671	0.0001615	0.0539	0.0143	0.2581	0.2581	41429	1321541	0.0303961202374227	A	C	FALSE	0	3.45213459427997e-63	0	0	0	0	0	0
rs9895436	17	43457886	2.647e-06	0.0468	0.01	0.4131	0.4131	55137	1416823	0.0374582189733417	A	G	FALSE	0	1.14330101057076e-61	0	0	0	0	0	0
rs9896485	17	44050828	1.644e-19	0.0885	0.0098	0.4263	0.4263	56306	1417791	0.0381969436203995	C	G	FALSE	0	9.36674002154163e-49	0	0	0	0	0	0
rs9896752	17	43930200	0.04098	-0.0361	0.0177	0.9174	0.0826	55137	1416823	0.0374582189733417	T	C	FALSE	0	2.86455053714485e-65	0	0	0	0	0	0
rs9898030	17	44147404	0.000101	0.0507	0.013	0.1625	0.1625	56306	1417791	0.0381969436203995	A	C	FALSE	0	5.20546130642323e-63	0	0	0	0	0	0
rs9898221	17	43311620	0.1038	-0.0325	0.02	0.9367	0.0633	56306	1417791	0.0381969436203995	A	G	FALSE	0	1.51744857192435e-65	0	0	0	0	0	0
rs9898786	17	43984081	9.503e-07	0.0713	0.0145	0.1184	0.1184	55137	1416823	0.0374582189733417	A	G	FALSE	0	4.98601860060061e-61	0	0	0	0	0	0
rs9903656	17	43312700	0.1032	0.0325	0.0199	0.0635	0.0635	56306	1417791	0.0381969436203995	A	G	FALSE	0	1.5301545092382e-65	0	0	0	0	0	0
rs9904290	17	44002271	2.88e-22	0.0955	0.0098	0.4447	0.4447	55137	1416823	0.0374582189733417	A	G	FALSE	0	7.52994518509702e-46	0	0	0	0	0	0
rs9904766	17	44186952	9.522e-27	0.1086	0.0101	0.4702	0.4702	55137	1416823	0.0374582189733417	T	C	FALSE	0	2.29117623098696e-41	0	0	0	0	0	0
rs9905609	17	43358166	0.007268	0.0332	0.0124	0.1797	0.1797	56306	1417791	0.0381969436203995	T	C	FALSE	0	9.07363779954482e-65	0	0	0	0	0	0
rs9905657	17	43312507	0.04268	-0.0517	0.0255	0.9386	0.0614	41429	1321541	0.0303961202374227	A	T	FALSE	0	3.94342997967038e-65	0	0	0	0	0	0
rs9906359	17	43312800	0.1085	-0.032	0.0199	0.9364	0.0636	56306	1417791	0.0381969436203995	A	G	FALSE	0	1.46968665925774e-65	0	0	0	0	0	0
rs9907333	17	43309466	0.1069	0.0322	0.02	0.0633	0.0633	56306	1417791	0.0381969436203995	A	G	FALSE	0	1.48143035353332e-65	0	0	0	0	0	0
rs9907503	17	43421115	0.1124	-0.0287	0.0181	0.9071	0.0929	55137	1416823	0.0374582189733417	T	C	FALSE	0	1.29404620477044e-65	0	0	0	0	0	0
rs9908076	17	43376110	0.04744	0.0416	0.021	0.0566	0.0566	56306	1417791	0.0381969436203995	T	C	FALSE	0	3.00045309818077e-65	0	0	0	0	0	0
rs9908267	17	43334005	0.005537	-0.0267	0.0096	0.4943	0.4943	56306	1417791	0.0381969436203995	C	G	FALSE	0	9.37860198753019e-65	0	0	0	0	0	0
rs9908320	17	43309171	0.1043	0.0329	0.0202	0.0621	0.0621	56306	1417791	0.0381969436203995	T	C	FALSE	0	1.54126021126763e-65	0	0	0	0	0	0
rs9908330	17	43383100	6.192e-05	0.0378	0.0094	0.551	0.449	56306	1417791	0.0381969436203995	A	G	FALSE	0	6.17791579309133e-63	0	0	0	0	0	0
rs9908462	17	43353423	0.001931	0.0366	0.0118	0.1952	0.1952	56306	1417791	0.0381969436203995	T	C	FALSE	0	2.93403722210706e-64	0	0	0	0	0	0
rs9908905	17	43309078	0.5	-0.0082	0.0121	0.8064	0.1936	56306	1417791	0.0381969436203995	A	G	FALSE	0	3.13236589794381e-66	0	0	0	0	0	0
rs9910173	17	43969897	1.94e-06	-0.0692	0.0145	0.877	0.123	55137	1416823	0.0374582189733417	A	C	FALSE	0	2.48095079409007e-61	0	0	0	0	0	0
rs9910393	17	43311968	0.1026	0.0326	0.02	0.0633	0.0633	56306	1417791	0.0381969436203995	A	T	FALSE	0	1.52972393436723e-65	0	0	0	0	0	0
rs9911183	17	43350514	0.01104	0.0342	0.0135	0.1383	0.1383	56306	1417791	0.0381969436203995	A	G	FALSE	0	6.77869484193822e-65	0	0	0	0	0	0
rs9912362	17	43784228	1.616e-13	0.077	0.0104	0.3594	0.3594	36519	980404	0.0359112735182506	T	C	FALSE	0	1.59298409848318e-54	0	0	0	0	0	0
rs9913462	17	43991643	1.167e-06	0.0715	0.0147	0.1193	0.1193	55137	1416823	0.0374582189733417	C	G	FALSE	0	3.89334991479885e-61	0	0	0	0	0	0
rs9913962	17	43309942	0.08702	0.0347	0.0203	0.0632	0.0632	55137	1416823	0.0374582189733417	A	G	FALSE	0	1.76930487942938e-65	0	0	0	0	0	0
rs9916564	17	43305131	0.05946	0.0227	0.0121	0.1899	0.1899	56306	1417791	0.0381969436203995	A	G	FALSE	0	1.43870614212778e-65	0	0	0	0	0	0
rs9916625	17	43327944	0.2288	0.0145	0.0121	0.2065	0.2065	56306	1417791	0.0381969436203995	A	G	FALSE	0	5.09569600330773e-66	0	0	0	0	0	0
rs9972936	17	43353677	0.001184	-0.0305	0.0094	0.5333	0.4667	56306	1417791	0.0381969436203995	A	G	FALSE	0	3.70035543366792e-64	0	0	0	0	0	0
