SNP	CHR	POS	P	Effect	StdErr	Freq	MAF	N_cases	N_controls	proportion_cases	A1	A2	leadSNP	ABF.Credible_Set	ABF.PP	SUSIE.Credible_Set	SUSIE.PP	POLYFUN_SUSIE.Credible_Set	POLYFUN_SUSIE.PP	FINEMAP.Credible_Set	FINEMAP.PP
rs1002115	5	61039870	0.2948	-0.0127	0.0121	0.783	0.217	49053	1411006	0.0335965875351613	A	G	FALSE	0	4.68992080602265e-22	0	0	0	0	0	0
rs1003218	5	59165074	0.1819	0.0262	0.0197	0.9282	0.0718	49053	1411006	0.0335965875351613	T	C	FALSE	0	1.05582224018324e-21	0	0	0	0	0	0
rs1003219	5	59164993	0.2891	-0.0204	0.0193	0.0752	0.0752	49053	1411006	0.0335965875351613	A	C	FALSE	0	7.49446789649911e-22	0	0	0	0	0	0
rs10035484	5	60858543	0.2578	-0.0285	0.0252	0.047	0.047	30435	974587	0.0302829191798786	A	C	FALSE	0	1.05247553781936e-21	0	0	0	0	0	0
rs10036399	5	60860146	0.9886	2e-04	0.0106	0.6456	0.3544	49053	1411006	0.0335965875351613	T	C	FALSE	0	2.37467021225919e-22	0	0	0	0	0	0
rs10036497	5	60140077	0.03418	0.061	0.0288	0.9542	0.0458	49053	1411006	0.0335965875351613	T	C	FALSE	0	5.75615653392111e-21	0	0	0	0	0	0
rs10036678	5	59820001	3.426e-08	-0.0858	0.0155	0.8998	0.1002	56306	1417791	0.0381969436203995	T	G	FALSE	0	1.42518206583958e-15	0	0	0	0	0	0
rs10037011	5	59317726	0.7862	0.0037	0.0138	0.1535	0.1535	50455	1411925	0.0345019762305283	C	G	FALSE	0	3.20046497897644e-22	0	0	0	0	0	0
rs10037329	5	61026362	0.2849	0.0269	0.0251	0.0443	0.0443	49053	1411006	0.0335965875351613	T	G	FALSE	0	9.83220633739311e-22	0	0	0	0	0	0
rs10039502	5	59339539	0.5513	-0.0081	0.0135	0.8397	0.1603	50455	1411925	0.0345019762305283	A	G	FALSE	0	3.61405325727966e-22	0	0	0	0	0	0
rs10041046	5	59315297	0.8243	-0.0021	0.0097	0.4621	0.4621	56306	1417791	0.0381969436203995	T	C	FALSE	0	2.22456358347108e-22	0	0	0	0	0	0
rs10041093	5	59315472	0.8761	-0.0015	0.0097	0.4612	0.4612	56306	1417791	0.0381969436203995	T	C	FALSE	0	2.19923444219887e-22	0	0	0	0	0	0
rs10041431	5	60010917	0.0004839	0.0334	0.0096	0.4366	0.4366	56306	1417791	0.0381969436203995	A	G	FALSE	0	9.01653161185976e-20	0	0	0	0	0	0
rs10041973	5	60576278	0.04874	-0.0285	0.0145	0.8699	0.1301	55267	1417037	0.0375377639400559	T	C	FALSE	0	2.21599362011372e-21	0	0	0	0	0	0
rs10041978	5	60742205	0.3061	0.0103	0.0101	0.5068	0.4932	49053	1411006	0.0335965875351613	A	G	FALSE	0	3.8006298724166e-22	0	0	0	0	0	0
rs10042020	5	59163826	0.2883	-0.0204	0.0193	0.0753	0.0753	49053	1411006	0.0335965875351613	A	G	FALSE	0	7.49446789649911e-22	0	0	0	0	0	0
rs10042052	5	60731898	2.327e-05	0.1235	0.0292	0.0378	0.0378	49580	1411478	0.0339343133537478	T	C	FALSE	0	4.12048263131757e-18	0	0	0	0	0	0
rs10042706	5	60861122	0.1058	-0.0265	0.0164	0.8932	0.1068	49053	1411006	0.0335965875351613	A	G	FALSE	0	1.34090816752652e-21	0	0	0	0	0	0
rs10042872	5	60577603	0.3819	0.0322	0.0368	0.0193	0.0193	50092	1411760	0.0342661226991515	C	G	FALSE	0	1.17559102609426e-21	0	0	0	0	1	1
rs10043291	5	60058858	1.671e-05	0.0406	0.0094	0.5706	0.4294	56306	1417791	0.0381969436203995	T	C	FALSE	0	2.31975207551015e-18	0	0	0	0	0	0
rs10043558	5	59276338	0.3621	-0.0098	0.0108	0.7172	0.2828	56306	1417791	0.0381969436203995	A	G	FALSE	0	3.64667920590449e-22	0	0	0	0	0	0
rs10044518	5	60604261	0.7961	0.0064	0.0249	0.0435	0.0435	49053	1411006	0.0335965875351613	A	C	FALSE	0	5.72552511716435e-22	0	0	0	0	0	0
rs10044523	5	59278193	0.2896	-0.0104	0.0098	0.432	0.432	56306	1417791	0.0381969436203995	A	G	FALSE	0	3.8503454476247e-22	0	0	0	0	0	0
rs10044529	5	59315503	0.7307	0.0047	0.0137	0.1545	0.1545	50455	1411925	0.0345019762305283	A	T	FALSE	0	3.25065655768422e-22	0	0	0	0	0	0
rs10044575	5	60604392	0.7924	0.0066	0.0249	0.0437	0.0437	49053	1411006	0.0335965875351613	C	G	FALSE	0	5.73735903028703e-22	0	0	0	0	0	0
rs10044683	5	60574860	0.3837	-0.0291	0.0334	0.9761	0.0239	49053	1411006	0.0335965875351613	T	C	FALSE	0	1.06896799275024e-21	0	0	0	0	0	0
rs10044734	5	59449588	0.9627	5e-04	0.0096	0.5262	0.4738	56306	1417791	0.0381969436203995	A	T	FALSE	0	2.15371711847626e-22	0	0	0	0	0	0
rs10044835	5	59820179	3.382e-08	0.0859	0.0156	0.1008	0.1008	56306	1417791	0.0381969436203995	A	C	FALSE	0	1.22136816219048e-15	0	0	0	0	0	0
rs10044874	5	60562640	0.7342	-0.0065	0.0192	0.926	0.074	49053	1411006	0.0335965875351613	A	G	FALSE	0	4.53731265248373e-22	0	0	0	0	0	0
rs10045093	5	59808255	5.54e-08	-0.0856	0.0158	0.8992	0.1008	56306	1417791	0.0381969436203995	A	G	FALSE	0	7.62511563255315e-16	0	0	0	0	0	0
rs10045433	5	59732614	0.0007277	-0.045	0.0133	0.851	0.149	56306	1417791	0.0381969436203995	A	G	FALSE	0	8.88453700134055e-20	0	0	0	0	0	0
rs10045507	5	59450470	0.9553	-6e-04	0.0099	0.4777	0.4777	37688	981372	0.0369831020744608	T	G	FALSE	0	2.22192244645557e-22	0	0	0	0	0	0
rs10045925	5	60824853	0.0001614	-0.1115	0.0296	0.9631	0.0369	49053	1411006	0.0335965875351613	A	G	FALSE	0	6.80107052671648e-19	0	0	0	0	0	0
rs10050451	5	60870354	0.6551	0.005	0.0112	0.7182	0.2818	49053	1411006	0.0335965875351613	A	G	FALSE	0	2.77018898231752e-22	0	0	0	0	0	0
rs10050803	5	60038225	1.07e-06	0.0577	0.0118	0.4368	0.4368	42598	1322509	0.0312048799105125	A	G	FALSE	0	3.94486852578505e-17	0	0	0	0	0	0
rs10051717	5	59536807	0.1503	0.015	0.0104	0.3652	0.3652	49565	1411288	0.0339288073474881	T	C	FALSE	0	6.57323469135538e-22	0	0	0	0	0	0
rs10051923	5	59213215	0.1089	0.0168	0.0105	0.6021	0.3979	50092	1411760	0.0342661226991515	T	C	FALSE	0	8.42927127760367e-22	0	0	0	0	0	0
rs10052649	5	60154984	1.672e-10	0.0639	0.01	0.3669	0.3669	56306	1417791	0.0381969436203995	A	T	FALSE	0	1.56586372414596e-13	0	0	0	0	0	0
rs10052753	5	60482695	0.4425	0.0115	0.0149	0.129	0.129	49053	1411006	0.0335965875351613	A	G	FALSE	0	4.48180695574995e-22	0	0	0	0	0	0
rs10052849	5	60534081	1.782e-07	-0.15	0.0287	0.961	0.039	50092	1411760	0.0342661226991515	T	C	FALSE	0	4.1325733364441e-16	0	0	0	0	0	0
rs10053166	5	60842210	1.41e-05	-0.0652	0.015	0.8711	0.1289	49053	1411006	0.0335965875351613	A	G	FALSE	0	4.0311415293126e-18	0	0	0	0	0	0
rs10053221	5	60919296	0.2078	-0.0142	0.0113	0.3024	0.3024	49053	1411006	0.0335965875351613	A	C	FALSE	0	5.55942535038091e-22	0	0	0	0	0	0
rs10053273	5	60771438	6.288e-05	-0.1105	0.0276	0.9582	0.0417999999999999	49580	1411478	0.0339343133537478	A	G	FALSE	0	1.59679110495108e-18	0	0	0	0	0	0
rs10053423	5	60859416	0.01397	0.0326	0.0133	0.1744	0.1744	49053	1411006	0.0335965875351613	T	C	FALSE	0	5.92387072347229e-21	0	0	0	0	0	0
rs10053459	5	59715460	0.04421	-0.0337	0.0167	0.8503	0.1497	42598	1322509	0.0312048799105125	A	T	FALSE	0	2.81953185883819e-21	0	0	0	0	0	0
rs10054247	5	60427184	0.2509	-0.022	0.0191	0.8711	0.1289	35345	1315724	0.0261607660304544	T	G	FALSE	0	8.22963913279816e-22	0	0	0	0	0	0
rs10054494	5	59916984	3.176e-13	-0.1424	0.0195	0.9333	0.0667	56306	1417791	0.0381969436203995	A	T	FALSE	0	1.28727603850937e-10	0	0	0	0	1	1
rs10054633	5	59224233	0.07146	-0.0238	0.0132	0.4483	0.4483	35872	1316196	0.0265312099687294	T	C	FALSE	0	1.49047880112189e-21	0	0	0	0	0	0
rs10054744	5	60040047	1.148e-05	-0.042	0.0096	0.5652	0.4348	56306	1417791	0.0381969436203995	C	G	FALSE	0	3.01564831554034e-18	0	0	0	0	0	0
rs10055076	5	60484087	0.2697	0.0164	0.0149	0.1257	0.1257	55267	1417037	0.0375377639400559	A	G	FALSE	0	6.08738378333887e-22	0	0	0	0	0	0
rs10056275	5	59829465	0.5619	-0.0167	0.0288	0.0297	0.0297	56306	1417791	0.0381969436203995	T	C	FALSE	0	7.53868050410317e-22	0	0	0	0	0	0
rs10056472	5	60554875	0.06711	0.0285	0.0156	0.1083	0.1083	55267	1417037	0.0375377639400559	A	G	FALSE	0	1.8323785451113e-21	0	0	0	0	0	0
rs10056638	5	59712172	0.07262	-0.0208	0.0116	0.777	0.223	56306	1417791	0.0381969436203995	A	G	FALSE	0	1.28941747503983e-21	0	0	0	0	0	0
rs10057004	5	60041034	2.413e-07	0.05	0.0097	0.3963	0.3963	56306	1417791	0.0381969436203995	C	G	FALSE	0	1.23942310272112e-16	0	0	0	0	0	0
rs10057395	5	60088794	0.4121	-0.0078	0.0095	0.4529	0.4529	56306	1417791	0.0381969436203995	A	G	FALSE	0	2.97933305194516e-22	0	0	0	0	0	0
rs10058219	5	60883190	0.3797	0.0095	0.0108	0.537	0.463	30435	974587	0.0302829191798786	T	C	FALSE	0	3.55753949418318e-22	0	0	0	0	0	0
rs10058456	5	60037941	9.739e-06	-0.0423	0.0096	0.5672	0.4328	56306	1417791	0.0381969436203995	T	C	FALSE	0	3.45805561463163e-18	0	0	0	0	0	0
rs10059334	5	59517876	0.158	-0.0146	0.0104	0.6311	0.3689	50455	1411925	0.0345019762305283	A	G	FALSE	0	6.22404444081412e-22	0	0	0	0	0	0
rs10059353	5	60844874	0.2147	-0.013	0.0105	0.5889	0.4111	49053	1411006	0.0335965875351613	A	T	FALSE	0	5.0508767540858e-22	0	0	0	0	0	0
rs10059859	5	59231307	0.1883	0.02	0.0152	0.1048	0.1048	56306	1417791	0.0381969436203995	T	C	FALSE	0	8.03916336906585e-22	0	0	0	0	0	0
rs10059992	5	60862543	0.003744	0.0373	0.0129	0.1827	0.1827	49053	1411006	0.0335965875351613	T	G	FALSE	0	1.85558408095279e-20	0	0	0	0	0	0
rs10060358	5	60884182	0.6527	-0.0123	0.0273	0.9525	0.0475	49053	1411006	0.0335965875351613	T	C	FALSE	0	6.70280954353949e-22	0	0	0	0	0	0
rs10060668	5	60792575	5.11e-05	0.0659	0.0163	0.114	0.114	49053	1411006	0.0335965875351613	C	G	FALSE	0	1.22325890476346e-18	0	0	0	0	0	0
rs10061031	5	59214567	0.8583	-0.0084	0.0469	0.0261	0.0261	33787	744950	0.0433869201026791	A	G	FALSE	0	1.03987404916122e-21	0	0	0	0	0	0
rs10061522	5	60655782	0.6538	0.0069	0.0153	0.8739	0.1261	49053	1411006	0.0335965875351613	A	G	FALSE	0	3.78582877550644e-22	0	0	0	0	0	0
rs10062207	5	59195964	0.8212	-0.0084	0.0371	0.025	0.025	47495	840232	0.0535018085515029	A	G	FALSE	0	8.38722804270486e-22	0	0	0	0	0	0
rs10062240	5	60078412	1.022e-05	0.0417	0.0094	0.5616	0.4384	56306	1417791	0.0381969436203995	T	C	FALSE	0	3.86750848396688e-18	0	0	0	0	0	0
rs10062338	5	60554013	0.05918	-0.0227	0.012	0.7956	0.2044	55267	1417037	0.0375377639400559	A	T	FALSE	0	1.59765632244613e-21	0	0	0	0	0	0
rs10062465	5	60108671	4.244e-19	0.1445	0.0162	0.0903	0.0903	56306	1417791	0.0381969436203995	C	G	FALSE	0	5.28419447793913e-05	0	0	0	0	1	1
rs10062839	5	60103452	0.1967	0.0154	0.0119	0.7914	0.2086	56306	1417791	0.0381969436203995	T	C	FALSE	0	6.13749820375994e-22	0	0	0	0	0	0
rs10063166	5	60008844	0.0005119	0.0332	0.0096	0.4365	0.4365	56306	1417791	0.0381969436203995	T	C	FALSE	0	8.38932639349715e-20	0	0	0	0	0	0
rs10063407	5	60009063	0.0005242	0.0332	0.0096	0.4363	0.4363	56306	1417791	0.0381969436203995	A	G	FALSE	0	8.38932639349715e-20	0	0	0	0	0	0
rs10063473	5	60920490	0.2116	0.0196	0.0157	0.8249	0.1751	30435	974587	0.0302829191798786	T	C	FALSE	0	7.61642327337847e-22	0	0	0	0	0	0
rs10064124	5	60864458	0.01432	-0.047	0.0192	0.9247	0.0753	49053	1411006	0.0335965875351613	C	G	FALSE	0	8.3457760256487e-21	0	0	0	0	0	0
rs10064174	5	60887485	0.04034	-0.0274	0.0133	0.4235	0.4235	35345	1315724	0.0261607660304544	A	C	FALSE	0	2.46198736238186e-21	0	0	0	0	0	0
rs10064187	5	60210131	1.324e-10	-0.0643	0.01	0.6401	0.3599	56306	1417791	0.0381969436203995	T	G	FALSE	0	2.02222455570838e-13	0	0	0	0	0	0
rs10064373	5	60857714	0.8057	-0.0028	0.0114	0.7388	0.2612	49053	1411006	0.0335965875351613	A	G	FALSE	0	2.63079618494452e-22	0	0	0	0	0	0
rs10064439	5	59233819	0.1798	0.0205	0.0153	0.1037	0.1037	56306	1417791	0.0381969436203995	T	C	FALSE	0	8.35255195342221e-22	0	0	0	0	0	0
rs10064516	5	59507873	0.2411	0.0122	0.0104	0.3674	0.3674	50455	1411925	0.0345019762305283	C	G	FALSE	0	4.62688789331035e-22	0	0	0	0	0	0
rs10064959	5	59833476	0.1947	0.0433	0.0334	0.0256	0.0256	56306	1417791	0.0381969436203995	C	G	FALSE	0	1.67360897980704e-21	0	0	0	0	0	0
rs10065444	5	60569280	0.0376	-0.0248	0.0119	0.7956	0.2044	55267	1417037	0.0375377639400559	T	C	FALSE	0	2.3195033270918e-21	0	0	0	0	0	0
rs10065640	5	59821598	3.893e-06	-0.0645	0.014	0.8704	0.1296	56306	1417791	0.0381969436203995	A	G	FALSE	0	1.20931072384761e-17	0	0	0	0	0	0
rs10066181	5	61076857	0.5649	0.0059	0.0102	0.403	0.403	49053	1411006	0.0335965875351613	A	G	FALSE	0	2.69979525315555e-22	0	0	0	0	0	0
rs10066510	5	59234558	0.167	0.0214	0.0155	0.1024	0.1024	56306	1417791	0.0381969436203995	A	C	FALSE	0	8.93946450873113e-22	0	0	0	0	0	0
rs10066777	5	59174758	0.575	0.0122	0.0217	0.9353	0.0647	49053	1411006	0.0335965875351613	C	G	FALSE	0	5.65699263894148e-22	0	0	0	0	0	0
rs10066957	5	59307118	0.9959	1e-04	0.01	0.5365	0.4635	37688	981372	0.0369831020744608	A	G	FALSE	0	2.24031420767818e-22	0	0	0	0	0	0
rs10067156	5	60193420	0.514	0.0468	0.0717	0.9893	0.0107	15558	878337	0.0174047287433088	A	C	FALSE	0	1.82840165599188e-21	0	0	0	0	0	0
rs10067201	5	60867365	0.6409	0.0052	0.0112	0.7152	0.2848	49053	1411006	0.0335965875351613	T	C	FALSE	0	2.79273527201263e-22	0	0	0	0	0	0
rs10067431	5	60281632	0.4152	0.0321	0.0394	0.0254	0.0254	49053	1411006	0.0335965875351613	T	C	FALSE	0	1.19346275082053e-21	0	0	0	0	0	0
rs10067618	5	60010995	2.566e-05	0.0406	0.0096	0.4001	0.4001	56306	1417791	0.0381969436203995	A	G	FALSE	0	1.61263560381217e-18	0	0	0	0	0	0
rs10068194	5	59323488	0.8191	-0.0022	0.0096	0.4627	0.4627	56306	1417791	0.0381969436203995	A	G	FALSE	0	2.20789669862703e-22	0	0	0	0	0	0
rs10068304	5	59306723	0.8752	0.0018	0.0118	0.7499	0.2501	37688	981372	0.0369831020744608	A	T	FALSE	0	2.67295841914917e-22	0	0	0	0	0	0
rs10068474	5	60077912	1.253e-05	-0.0413	0.0095	0.4399	0.4399	56306	1417791	0.0381969436203995	T	G	FALSE	0	2.64742412288184e-18	0	0	0	0	0	0
rs10069718	5	60483547	0.3825	-0.0129	0.0148	0.8671	0.1329	49416	1411171	0.0338329726336055	A	G	FALSE	0	4.83035313889192e-22	0	0	0	0	0	0
rs10069755	5	59216859	0.9647	-0.0017	0.0376	0.0247	0.0247	47495	840232	0.0535018085515029	T	C	FALSE	0	8.2966679757816e-22	0	0	0	0	0	0
rs10069878	5	59232230	0.224	0.0134	0.011	0.2637	0.2637	56306	1417791	0.0381969436203995	T	C	FALSE	0	5.16218735237604e-22	0	0	0	0	0	0
rs10069929	5	60040060	1.023e-05	-0.0422	0.0096	0.5664	0.4336	56306	1417791	0.0381969436203995	A	T	FALSE	0	3.30345096223553e-18	0	0	0	0	0	0
rs10070347	5	60572119	0.5163	-0.0214	0.033	0.9756	0.0244	49053	1411006	0.0335965875351613	A	G	FALSE	0	8.96206064336972e-22	0	0	0	0	0	0
rs10070511	5	59357741	0.9604	-5e-04	0.0096	0.5314	0.4686	56306	1417791	0.0381969436203995	T	C	FALSE	0	2.15371711847626e-22	0	0	0	0	0	0
rs10071281	5	60384096	0.9505	7e-04	0.0117	0.7578	0.2422	49053	1411006	0.0335965875351613	T	C	FALSE	0	2.62450915841167e-22	0	0	0	0	0	0
rs10071763	5	60569133	0.8204	0.0023	0.0101	0.4984	0.4984	49053	1411006	0.0335965875351613	T	G	FALSE	0	2.32182704432481e-22	0	0	0	0	0	0
rs10071856	5	60341808	0.65	-0.0197	0.0435	0.9774	0.0226	49053	1411006	0.0335965875351613	A	G	FALSE	0	1.05149186361609e-21	0	0	0	0	0	0
rs10072118	5	60864610	0.1075	0.0558	0.0347	0.0248	0.0248	47884	1410038	0.032844006743845	T	C	FALSE	0	2.69046821103892e-21	0	0	0	0	0	0
rs10072456	5	61070907	0.04698	-0.1571	0.0791	0.988	0.012	15558	878337	0.0174047287433088	T	G	FALSE	0	9.08114782483169e-21	0	0	0	0	0	0
rs10072745	5	60083275	0.5579	0.0055	0.0094	0.525	0.475	56306	1417791	0.0381969436203995	A	C	FALSE	0	2.49835734683604e-22	0	0	0	0	0	0
rs10073390	5	59712284	0.103	0.0187	0.0115	0.2243	0.2243	56306	1417791	0.0381969436203995	T	G	FALSE	0	9.61812087909206e-22	0	0	0	0	0	0
rs10073395	5	60643489	2.353e-05	0.1308	0.0309	0.0353	0.0353	49580	1411478	0.0339343133537478	A	C	FALSE	0	4.32392664173795e-18	0	0	0	0	0	0
rs10073437	5	59306675	0.8238	0.0026	0.0117	0.7493	0.2507	37688	981372	0.0369831020744608	A	G	FALSE	0	2.68509842170172e-22	0	0	0	0	0	0
rs10073941	5	60934459	0.2256	0.0145	0.012	0.6765	0.3235	30435	974587	0.0302829191798786	C	G	FALSE	0	5.56087519848922e-22	0	0	0	0	0	0
rs10073959	5	60055611	4.348e-12	-0.1002	0.0145	0.8762	0.1238	56306	1417791	0.0381969436203995	T	C	FALSE	0	6.70259394462337e-12	0	0	0	0	1	1
rs10074348	5	60904910	0.1938	-0.0136	0.0105	0.3961	0.3961	49053	1411006	0.0335965875351613	A	G	FALSE	0	5.42893967712291e-22	0	0	0	0	0	0
rs10074696	5	59553178	0.03637	0.0211	0.0101	0.4621	0.4621	49053	1411006	0.0335965875351613	A	G	FALSE	0	1.99479937282766e-21	0	0	0	0	0	0
rs10074908	5	59834620	1.882e-08	-0.089	0.0158	0.8996	0.1004	56306	1417791	0.0381969436203995	T	C	FALSE	0	2.48551546123764e-15	0	0	0	0	0	0
rs10075600	5	61093745	0.2743	0.0366	0.0335	0.9471	0.0529	35345	1315724	0.0261607660304544	A	C	FALSE	0	1.3243031028301e-21	0	0	0	0	0	0
rs10075757	5	59815534	1.058e-06	-0.0709	0.0145	0.8782	0.1218	56306	1417791	0.0381969436203995	T	C	FALSE	0	4.73834926744018e-17	0	0	0	0	0	0
rs10075791	5	59714045	0.001102	0.0438	0.0134	0.1503	0.1503	56306	1417791	0.0381969436203995	T	C	FALSE	0	6.1181494608019e-20	0	0	0	0	0	0
rs10075959	5	60479320	0.2571	0.0217	0.0191	0.1289	0.1289	35345	1315724	0.0261607660304544	T	C	FALSE	0	8.08440019124632e-22	0	0	0	0	0	0
rs10076058	5	59151148	0.7715	0.0212	0.073	0.9898	0.0102	15586	878019	0.0174417108230146	A	G	FALSE	0	1.59644918235459e-21	0	0	0	0	0	0
rs10076314	5	59214499	0.9325	-0.0032	0.0375	0.0248	0.0248	47495	840232	0.0535018085515029	T	C	FALSE	0	8.29631613723859e-22	0	0	0	0	0	0
rs10076363	5	59854482	2.635e-09	0.1274	0.0214	0.0806	0.0806	42598	1322509	0.0312048799105125	A	C	FALSE	0	1.93939835245413e-14	0	0	0	0	1	1
rs10076568	5	60471080	0.5014	-0.0101	0.015	0.8717	0.1283	49053	1411006	0.0335965875351613	T	C	FALSE	0	4.20340990138936e-22	0	0	0	0	0	0
rs10076599	5	61081845	0.4613	0.0076	0.0103	0.396	0.396	49053	1411006	0.0335965875351613	A	G	FALSE	0	3.02693553534965e-22	0	0	0	0	0	0
rs10076679	5	60090951	0.7188	0.0042	0.0116	0.4743	0.4743	42598	1322509	0.0312048799105125	C	G	FALSE	0	2.77286956268015e-22	0	0	0	0	0	0
rs10076742	5	60091046	0.5312	0.0059	0.0094	0.526	0.474	56306	1417791	0.0381969436203995	T	C	FALSE	0	2.56351691672709e-22	0	0	0	0	0	0
rs10076937	5	60203370	3.383e-08	0.0544	0.0099	0.399	0.399	56306	1417791	0.0381969436203995	A	G	FALSE	0	7.70110300414618e-16	0	0	0	0	0	0
rs10077172	5	59555514	0.4602	-0.0076	0.0103	0.6092	0.3908	49053	1411006	0.0335965875351613	T	C	FALSE	0	3.02693553534965e-22	0	0	0	0	0	0
rs10077663	5	60103492	0.547	-0.0057	0.0094	0.4736	0.4736	56306	1417791	0.0381969436203995	A	G	FALSE	0	2.53015593469369e-22	0	0	0	0	0	0
rs10078642	5	60900104	0.4773	-0.0072	0.0102	0.4349	0.4349	49053	1411006	0.0335965875351613	A	G	FALSE	0	2.92942786763802e-22	0	0	0	0	0	0
rs10079009	5	59514640	0.1975	0.013	0.0101	0.4869	0.4869	49053	1411006	0.0335965875351613	A	C	FALSE	0	5.16928590722969e-22	0	0	0	0	0	0
rs10079115	5	60556337	0.03562	-0.0301	0.0143	0.8693	0.1307	55267	1417037	0.0375377639400559	C	G	FALSE	0	2.89903698779585e-21	0	0	0	0	0	0
rs10079986	5	60582040	0.2487	0.0418	0.0362	0.02	0.02	50092	1411760	0.0342661226991515	T	C	FALSE	0	1.52363606191501e-21	0	0	0	0	0	0
rs1017409	5	59225621	0.05071	-0.0204	0.0104	0.4441	0.4441	49580	1411478	0.0339343133537478	T	C	FALSE	0	1.58681479466538e-21	0	0	0	0	0	0
rs1017410	5	59225762	0.05071	0.0204	0.0104	0.5559	0.4441	49580	1411478	0.0339343133537478	T	G	FALSE	0	1.58681479466538e-21	0	0	0	0	0	0
rs1020371	5	60145010	2.057e-22	-0.1526	0.0157	0.9015	0.0985	56306	1417791	0.0381969436203995	A	C	FALSE	0	0.0859807748606986	0	0	1	1	1	1
rs1021005	5	60191460	4.2e-07	0.0487	0.0096	0.5792	0.4208	56306	1417791	0.0381969436203995	A	G	FALSE	0	8.0896084756616e-17	0	0	0	0	0	0
rs10223052	5	60800336	3.096e-05	-0.0443	0.0106	0.3558	0.3558	49053	1411006	0.0335965875351613	A	G	FALSE	0	1.43752639449946e-18	0	0	0	0	0	0
rs10223301	5	59412516	0.3339	0.0118	0.0122	0.7697	0.2303	50455	1411925	0.0345019762305283	A	G	FALSE	0	4.35282500526517e-22	0	0	0	0	0	0
rs10223314	5	59412316	0.9264	9e-04	0.0099	0.4677	0.4677	37688	981372	0.0369831020744608	T	C	FALSE	0	2.22701664156616e-22	0	0	0	0	0	0
rs10223317	5	59412573	0.9113	0.0011	0.0099	0.47	0.47	37688	981372	0.0369831020744608	T	C	FALSE	0	2.23155461913299e-22	0	0	0	0	0	0
rs1026418	5	59975007	0.08105	0.0605	0.0347	0.0218	0.0218	56306	1417791	0.0381969436203995	T	C	FALSE	0	3.35369531802533e-21	0	0	0	0	0	0
rs1031744	5	60052569	6.486e-18	0.1386	0.0161	0.0904	0.0904	56306	1417791	0.0381969436203995	A	C	FALSE	0	3.51029358124689e-06	0	0	0	0	0	0
rs1031745	5	60058398	1.221e-17	0.138	0.0161	0.0905	0.0905	56306	1417791	0.0381969436203995	T	C	FALSE	0	2.55393237786807e-06	0	0	0	0	0	0
rs1032750	5	61002694	0.3989	-0.0096	0.0114	0.2288	0.2288	56306	1417791	0.0381969436203995	T	C	FALSE	0	3.63512484500945e-22	0	0	0	0	0	0
rs1037106	5	61042352	0.1898	-0.0135	0.0103	0.3933	0.3933	56306	1417791	0.0381969436203995	A	G	FALSE	0	5.43422843503383e-22	0	0	0	0	0	0
rs1038144	5	60199201	9.9e-17	-0.1568	0.0189	0.8998	0.1002	42598	1322509	0.0312048799105125	T	C	FALSE	0	2.74787575996271e-07	0	0	2	1	0	0
rs10434525	5	59556461	0.3065	0.0114	0.0111	0.743	0.257	56306	1417791	0.0381969436203995	T	C	FALSE	0	4.205569402904e-22	0	0	0	0	0	0
rs10434526	5	60568861	0.03652	0.025	0.0119	0.2063	0.2063	55267	1417037	0.0375377639400559	T	C	FALSE	0	2.40222652681638e-21	0	0	0	0	0	0
rs10440618	5	60039033	9.716e-06	-0.0422	0.0095	0.5658	0.4342	56306	1417791	0.0381969436203995	T	C	FALSE	0	4.01081061058917e-18	0	0	0	0	0	0
rs10447098	5	60831133	0.7294	-0.0043	0.0124	0.2054	0.2054	49053	1411006	0.0335965875351613	T	C	FALSE	0	2.94734182262581e-22	0	0	0	0	0	0
rs1045352	5	60833080	0.1392	-0.0153	0.0103	0.6238	0.3762	49053	1411006	0.0335965875351613	A	C	FALSE	0	6.93368988182053e-22	0	0	0	0	0	0
rs10454818	5	60780994	0.5569	0.0192	0.0327	0.0253	0.0253	49053	1411006	0.0335965875351613	A	T	FALSE	0	8.56172870741521e-22	0	0	0	0	0	0
rs10461373	5	59630405	0.7983	0.004	0.0155	0.8829	0.1171	50455	1411925	0.0345019762305283	T	C	FALSE	0	3.58291000992962e-22	0	0	0	0	0	0
rs10461451	5	59628700	0.2144	-0.015	0.0121	0.2056	0.2056	56306	1417791	0.0381969436203995	A	G	FALSE	0	5.82521647652896e-22	0	0	0	0	0	0
rs10461452	5	59662093	0.6313	0.0075	0.0157	0.8849	0.1151	50455	1411925	0.0345019762305283	C	G	FALSE	0	3.93228945284414e-22	0	0	0	0	0	0
rs10461453	5	59662927	0.6231	0.0077	0.0157	0.8847	0.1153	50455	1411925	0.0345019762305283	T	G	FALSE	0	3.95646371773935e-22	0	0	0	0	0	0
rs10461467	5	60566789	0.04412	-0.0241	0.012	0.797	0.203	55267	1417037	0.0375377639400559	A	T	FALSE	0	2.00415333493132e-21	0	0	0	0	0	0
rs10461469	5	61101476	0.06128	0.0254	0.0136	0.838	0.162	49053	1411006	0.0335965875351613	T	C	FALSE	0	1.72708154290759e-21	0	0	0	0	0	0
rs10461470	5	61101963	0.04292	-0.028	0.0138	0.1549	0.1549	49053	1411006	0.0335965875351613	A	C	FALSE	0	2.39546119517127e-21	0	0	0	0	0	0
rs10461664	5	59258582	0.2408	-0.0115	0.0098	0.4329	0.4329	56306	1417791	0.0381969436203995	A	G	FALSE	0	4.36351951669741e-22	0	0	0	0	0	0
rs10461667	5	59368458	0.7587	0.0031	0.0101	0.6918	0.3082	56306	1417791	0.0381969436203995	T	C	FALSE	0	2.37138678859229e-22	0	0	0	0	0	0
rs10471256	5	59736085	0.0004866	-0.0464	0.0133	0.8507	0.1493	56306	1417791	0.0381969436203995	A	G	FALSE	0	1.27357576515068e-19	0	0	0	0	0	0
rs10471258	5	60008728	0.0005415	-0.0332	0.0096	0.5633	0.4367	56306	1417791	0.0381969436203995	C	G	FALSE	0	8.38932639349715e-20	0	0	0	0	0	0
rs10471269	5	60575543	0.3638	0.0304	0.0335	0.0239	0.0239	49053	1411006	0.0335965875351613	T	C	FALSE	0	1.10612456987614e-21	0	0	0	0	0	0
rs10471473	5	59348230	0.9723	3e-04	0.0096	0.4682	0.4682	56306	1417791	0.0381969436203995	T	C	FALSE	0	2.1518526773748e-22	0	0	0	0	0	0
rs10471474	5	59546595	0.2534	-0.012	0.0105	0.6465	0.3535	50092	1411760	0.0342661226991515	T	C	FALSE	0	4.51089146977763e-22	0	0	0	0	0	0
rs10471475	5	59554750	0.1723	-0.0137	0.01	0.5053	0.4947	49053	1411006	0.0335965875351613	A	C	FALSE	0	5.71260980369406e-22	0	0	0	0	0	0
rs10471476	5	59569640	0.1546	-0.0163	0.0114	0.5988	0.4012	30435	974587	0.0302829191798786	A	C	FALSE	0	7.07176331160779e-22	0	0	0	0	0	0
rs10471477	5	59569731	0.3961	0.0109	0.0129	0.6516	0.3484	31837	975506	0.0316049250354646	C	G	FALSE	0	4.12011830246358e-22	0	0	0	0	0	0
rs10471485	5	60009164	0.0004971	0.0333	0.0096	0.4365	0.4365	56306	1417791	0.0381969436203995	A	G	FALSE	0	8.69680620626424e-20	0	0	0	0	0	0
rs10471493	5	60035222	0.0005658	0.033	0.0096	0.4367	0.4367	42598	1322509	0.0312048799105125	T	C	FALSE	0	7.80913148973479e-20	0	0	0	0	0	0
rs10471496	5	60068347	4.104e-14	0.1466	0.0194	0.0934	0.0934	42598	1322509	0.0312048799105125	A	G	FALSE	0	8.33550326421125e-10	0	0	0	0	0	0
rs10471498	5	60162211	0.649	-0.0058	0.0128	0.1793	0.1793	55779	1417319	0.0378650979093041	T	C	FALSE	0	3.17362129764451e-22	0	0	0	0	0	0
rs10471502	5	60369083	2.066e-09	0.0606	0.0101	0.3564	0.3564	56306	1417791	0.0381969436203995	A	G	FALSE	0	1.41910025471068e-14	0	0	0	0	0	0
rs10471503	5	60370037	0.8136	-0.003	0.0129	0.1727	0.1727	55267	1417037	0.0375377639400559	A	G	FALSE	0	2.9662861347386e-22	0	0	0	0	0	0
rs10471505	5	60487850	0.3882	0.0127	0.0148	0.1322	0.1322	49416	1411171	0.0338329726336055	A	C	FALSE	0	4.77453156256624e-22	0	0	0	0	0	0
rs10471510	5	60573487	0.03697	0.0249	0.0119	0.2043	0.2043	55267	1417037	0.0375377639400559	A	C	FALSE	0	2.36041952842346e-21	0	0	0	0	0	0
rs10471511	5	60573539	0.5882	-0.0182	0.0336	0.9757	0.0243	47884	1410038	0.032844006743845	A	G	FALSE	0	8.57210809360245e-22	0	0	0	0	0	0
rs10471513	5	60603462	2.594e-06	0.0724	0.0154	0.1407	0.1407	49053	1411006	0.0335965875351613	A	G	FALSE	0	2.03335030026139e-17	0	0	0	0	0	0
rs10471519	5	61071912	0.5321	-0.0064	0.0102	0.6045	0.3955	49053	1411006	0.0335965875351613	T	C	FALSE	0	2.78056794173866e-22	0	0	0	0	0	0
rs10471520	5	61072029	0.5917	-0.0056	0.0104	0.6355	0.3645	49053	1411006	0.0335965875351613	T	C	FALSE	0	2.69194693958627e-22	0	0	0	0	0	0
rs10472117	5	59370952	0.2896	-0.0132	0.0125	0.2301	0.2301	31837	975506	0.0316049250354646	T	C	FALSE	0	4.87640075685631e-22	0	0	0	0	0	0
rs10514885	5	59246431	0.8947	-0.0025	0.0187	0.8809	0.1191	30435	974587	0.0302829191798786	C	G	FALSE	0	4.21335832981393e-22	0	0	0	0	0	0
rs10514886	5	59261986	0.5305	0.0109	0.0174	0.1581	0.1581	36747	1316643	0.0271518187662093	T	C	FALSE	0	4.72405295499005e-22	0	0	0	0	0	0
rs10514887	5	59396548	0.5793	0.0075	0.0136	0.1567	0.1567	50455	1411925	0.0345019762305283	A	G	FALSE	0	3.54080016496005e-22	0	0	0	0	0	0
rs10514888	5	59152509	0.2635	0.0218	0.0195	0.9274	0.0726	49053	1411006	0.0335965875351613	T	C	FALSE	0	8.08437751745213e-22	0	0	0	0	0	0
rs10514890	5	59582595	0.6243	-0.0077	0.0157	0.1159	0.1159	49565	1411288	0.0339288073474881	A	G	FALSE	0	3.95646371773935e-22	0	0	0	0	0	0
rs10514891	5	59583170	0.5492	0.0094	0.0157	0.8837	0.1163	49565	1411288	0.0339288073474881	A	G	FALSE	0	4.19526868055031e-22	0	0	0	0	0	0
rs10514892	5	59585722	0.6208	-0.0078	0.0157	0.1168	0.1168	49565	1411288	0.0339288073474881	T	C	FALSE	0	3.9688465589378e-22	0	0	0	0	0	0
rs10514893	5	59657695	0.9635	0.0012	0.0271	0.9646	0.0354	50455	1411925	0.0345019762305283	A	G	FALSE	0	6.02928941690016e-22	0	0	0	0	0	0
rs10514894	5	59658798	0.9994	0	0.027	0.0354	0.0354	50455	1411925	0.0345019762305283	T	C	FALSE	0	6.00165945879562e-22	0	0	0	0	0	0
rs10514895	5	59659076	0.6616	-0.0068	0.0156	0.1163	0.1163	50455	1411925	0.0345019762305283	C	G	FALSE	0	3.83395348519398e-22	0	0	0	0	0	0
rs10514896	5	59701333	0.7189	0.0056	0.0156	0.8907	0.1093	56306	1417791	0.0381969436203995	A	G	FALSE	0	3.7192029905246e-22	0	0	0	0	0	0
rs10514902	5	59380441	0.5904	0.0073	0.0136	0.1575	0.1575	50455	1411925	0.0345019762305283	A	G	FALSE	0	3.51271006023972e-22	0	0	0	0	0	0
rs10514905	5	60528127	0.1567	0.0345	0.0243	0.9542	0.0458	49053	1411006	0.0335965875351613	A	G	FALSE	0	1.46079587904105e-21	0	0	0	0	0	0
rs10514906	5	60474581	3.479e-20	-0.135	0.0147	0.8893	0.1107	56306	1417791	0.0381969436203995	A	T	FALSE	0	0.000540428602631297	0	0	0	0	0	0
rs10514907	5	60713484	0.6825	-0.0062	0.0152	0.1257	0.1257	49053	1411006	0.0335965875351613	A	G	FALSE	0	3.69269540379293e-22	0	0	0	0	0	0
rs10514908	5	60759524	0.04878	-0.0263	0.0133	0.8395	0.1605	55267	1417037	0.0375377639400559	T	C	FALSE	0	2.08493117781996e-21	0	0	0	0	0	0
rs10514909	5	60759598	0.05002	0.0261	0.0133	0.1602	0.1602	55267	1417037	0.0375377639400559	A	C	FALSE	0	2.0243392281003e-21	0	0	0	0	0	0
rs10514910	5	60834332	0.1887	0.0543	0.0413	0.0154	0.0154	49053	1411006	0.0335965875351613	T	C	FALSE	0	2.07838098667415e-21	0	0	0	0	0	0
rs10514913	5	60936191	0.09219	0.1555	0.0924	0.0172	0.0172	26421	442271	0.056371775067635	T	C	FALSE	0	6.04378287677143e-21	0	0	0	0	0	0
rs10514914	5	60936255	0.1972	-0.0921	0.0714	0.0577	0.0577	7803	5852	0.571439033321128	T	G	FALSE	0	3.15459752433326e-21	0	0	0	0	0	0
rs10514916	5	60976083	0.721	0.0041	0.0114	0.777	0.223	56306	1417791	0.0381969436203995	A	G	FALSE	0	2.72286705377348e-22	0	0	0	0	0	0
rs10514918	5	61049086	0.3419	0.0328	0.0345	0.0223	0.0223	49053	1411006	0.0335965875351613	A	C	FALSE	0	1.18272610857442e-21	0	0	0	0	0	0
rs10514920	5	61064463	0.1737	-0.0839	0.0617	0.0108	0.0108	29266	973619	0.0291818104767745	A	T	FALSE	0	3.07610590911439e-21	0	0	0	0	0	0
rs10514921	5	61065097	0.7541	-0.0112	0.0359	0.0495	0.0495	35345	1315724	0.0261607660304544	A	G	FALSE	0	8.30831527902841e-22	0	0	0	0	0	0
rs10514922	5	61098274	0.03614	0.0289	0.0138	0.8443	0.1557	49053	1411006	0.0335965875351613	T	C	FALSE	0	2.73844566035117e-21	0	0	0	0	0	0
rs10514923	5	61102598	0.5872	0.0214	0.0394	0.0176	0.0176	49053	1411006	0.0335965875351613	A	G	FALSE	0	9.9936689778836e-22	0	0	0	0	0	0
rs10516153	5	59819861	0.447	0.0429	0.0564	0.0107	0.0107	30668	974538	0.0305091692648074	T	C	FALSE	0	1.59174108484783e-21	0	0	0	0	0	0
rs10516154	5	59791348	0.0145	-0.0332	0.0136	0.8572	0.1428	56306	1417791	0.0381969436203995	T	C	FALSE	0	5.90833652703245e-21	0	0	0	0	0	0
rs1072667	5	60482972	0.0006228	-0.0449	0.0131	0.7751	0.2249	36649	980618	0.0360269231185126	A	G	FALSE	0	1.0168059134588e-19	0	0	0	0	0	0
rs10755240	5	59249858	0.6902	-0.0054	0.0135	0.8401	0.1599	50455	1411925	0.0345019762305283	T	C	FALSE	0	3.27161414982368e-22	0	0	0	0	0	0
rs1077766	5	61023736	0.1666	-0.0363	0.0262	0.9587	0.0413	49053	1411006	0.0335965875351613	A	G	FALSE	0	1.49705944511816e-21	0	0	0	0	0	0
rs10805370	5	59984244	0.003128	0.0282	0.0095	0.4143	0.4143	56306	1417791	0.0381969436203995	A	T	FALSE	0	1.72645126202489e-20	0	0	0	0	0	0
rs10805374	5	60299905	5.801e-07	0.0485	0.0097	0.57	0.43	56306	1417791	0.0381969436203995	A	G	FALSE	0	5.66281518995198e-17	0	0	0	0	0	0
rs10805376	5	61078275	0.5743	-0.0057	0.0102	0.5997	0.4003	49053	1411006	0.0335965875351613	T	C	FALSE	0	2.66993814339123e-22	0	0	0	0	0	0
rs10805517	5	59257396	0.2471	0.0126	0.0109	0.279	0.279	56306	1417791	0.0381969436203995	T	C	FALSE	0	4.75243168264475e-22	0	0	0	0	0	0
rs10805518	5	59290079	0.4142	-0.0088	0.0108	0.718	0.282	56306	1417791	0.0381969436203995	A	G	FALSE	0	3.36799044904161e-22	0	0	0	0	0	0
rs10805519	5	59353199	0.9071	-0.0012	0.0099	0.5312	0.4688	37688	981372	0.0369831020744608	A	G	FALSE	0	2.2341681421868e-22	0	0	0	0	0	0
rs10939837	5	59451019	0.9854	-2e-04	0.0096	0.5232	0.4768	56306	1417791	0.0381969436203995	T	C	FALSE	0	2.15127037059631e-22	0	0	0	0	0	0
rs10939838	5	59555682	0.1258	-0.0257	0.0168	0.9041	0.0959	50455	1411925	0.0345019762305283	T	C	FALSE	0	1.20008842999995e-21	0	0	0	0	0	0
rs10939839	5	59564053	0.1225	-0.0266	0.0172	0.9044	0.0956	50455	1411925	0.0345019762305283	C	G	FALSE	0	1.25978243998962e-21	0	0	0	0	0	0
rs10939840	5	59586116	0.03412	-0.038	0.0179	0.9163	0.0837	50455	1411925	0.0345019762305283	A	G	FALSE	0	3.73935211337498e-21	0	0	0	0	0	0
rs10939842	5	59622392	0.02399	0.0412	0.0183	0.0807	0.0807	50455	1411925	0.0345019762305283	A	G	FALSE	0	5.04632239067747e-21	0	0	0	0	0	0
rs10939844	5	59665111	0.01863	0.042	0.0179	0.0858	0.0858	50455	1411925	0.0345019762305283	T	G	FALSE	0	6.1368055978247e-21	0	0	0	0	0	0
rs10939848	5	59768000	0.006589	-0.0325	0.012	0.7974	0.2026	56306	1417791	0.0381969436203995	T	C	FALSE	0	1.03826209526547e-20	0	0	0	0	0	0
rs10939849	5	59779005	0.006367	0.0365	0.0134	0.1531	0.1531	56306	1417791	0.0381969436203995	A	G	FALSE	0	1.20473387632307e-20	0	0	0	0	0	0
rs10939850	5	59811352	6.066e-08	-0.0851	0.0157	0.8991	0.1009	56306	1417791	0.0381969436203995	A	G	FALSE	0	7.69529259476021e-16	0	0	0	0	0	0
rs10939851	5	59841361	0.2329	-0.0157	0.0132	0.8437	0.1563	56306	1417791	0.0381969436203995	A	G	FALSE	0	5.97470287386605e-22	0	0	0	0	0	0
rs10939855	5	59930271	0.0004021	-0.0337	0.0095	0.4224	0.4224	56306	1417791	0.0381969436203995	A	G	FALSE	0	1.13358644827386e-19	0	0	0	0	0	0
rs10939857	5	59956801	0.003599	-0.0276	0.0095	0.5883	0.4117	56306	1417791	0.0381969436203995	T	C	FALSE	0	1.43476461075612e-20	0	0	0	0	0	0
rs10939858	5	59983481	0.000177	-0.0357	0.0095	0.417	0.417	56306	1417791	0.0381969436203995	A	T	FALSE	0	2.44154352072145e-19	0	0	0	0	0	0
rs10939859	5	59986066	0.09967	0.0556	0.0338	0.9616	0.0384	49053	1411006	0.0335965875351613	A	G	FALSE	0	2.78547879933634e-21	0	0	0	0	0	0
rs10939860	5	59999360	0.003576	-0.0275	0.0094	0.5481	0.4519	56306	1417791	0.0381969436203995	T	C	FALSE	0	1.50621822708058e-20	0	0	0	0	0	0
rs10939862	5	60001644	0.003932	-0.0274	0.0095	0.5458	0.4542	56306	1417791	0.0381969436203995	A	C	FALSE	0	1.35012362677891e-20	0	0	0	0	0	0
rs10939863	5	60006379	9.448e-06	0.0444	0.01	0.4044	0.4044	56306	1417791	0.0381969436203995	C	G	FALSE	0	4.17220774682455e-18	0	0	0	0	0	0
rs10939864	5	60010288	0.0005122	0.0332	0.0096	0.4363	0.4363	56306	1417791	0.0381969436203995	A	G	FALSE	0	8.38932639349715e-20	0	0	0	0	0	0
rs10939868	5	60024812	0.05911	0.0331	0.0175	0.0888	0.0888	56306	1417791	0.0381969436203995	T	C	FALSE	0	2.30756254988794e-21	0	0	0	0	0	0
rs10939871	5	60122201	0.5849	0.006	0.0109	0.2638	0.2638	56306	1417791	0.0381969436203995	A	T	FALSE	0	2.83931605090663e-22	0	0	0	0	0	0
rs10939874	5	60176552	0.8869	0.0023	0.0161	0.1748	0.1748	42071	1322037	0.0308413996545728	A	T	FALSE	0	3.6362669119693e-22	0	0	0	0	0	0
rs10939879	5	60315823	5.44e-07	0.049	0.0098	0.5681	0.4319	56306	1417791	0.0381969436203995	T	C	FALSE	0	5.71758690213275e-17	0	0	0	0	0	0
rs10939881	5	60382973	7.324e-07	-0.0486	0.0098	0.435	0.435	56306	1417791	0.0381969436203995	A	G	FALSE	0	4.6682535559334e-17	0	0	0	0	0	0
rs10939882	5	60410404	2.999e-05	-0.0409	0.0098	0.5534	0.4466	55779	1417319	0.0378650979093041	A	G	FALSE	0	1.30230513749927e-18	0	0	0	0	0	0
rs10939886	5	60531565	0.3675	-0.009	0.01	0.5113	0.4887	49053	1411006	0.0335965875351613	A	T	FALSE	0	3.35535063768633e-22	0	0	0	0	0	0
rs10939887	5	60531720	0.05247	-0.0726	0.0374	0.982	0.018	50092	1411760	0.0342661226991515	A	G	FALSE	0	5.09140635382913e-21	0	0	0	0	1	1
rs10939888	5	60555264	0.0205	0.0304	0.0131	0.1658	0.1658	55267	1417037	0.0375377639400559	A	G	FALSE	0	4.28118794948927e-21	0	0	0	0	0	0
rs10939892	5	60564322	0.04322	-0.0258	0.0128	0.8243	0.1757	55267	1417037	0.0375377639400559	T	C	FALSE	0	2.16653988516182e-21	0	0	0	0	0	0
rs10939893	5	60564573	0.02792	0.0344	0.0156	0.1921	0.1921	41559	1321755	0.0304838063718263	A	C	FALSE	0	3.90975724975825e-21	0	0	0	0	0	0
rs10939894	5	60567617	0.06859	-0.0286	0.0157	0.8943	0.1057	55267	1417037	0.0375377639400559	A	G	FALSE	0	1.82629084989294e-21	0	0	0	0	0	0
rs10939895	5	60567819	0.06139	-0.0302	0.0161	0.8975	0.1025	55267	1417037	0.0375377639400559	A	G	FALSE	0	2.06715973326934e-21	0	0	0	0	0	0
rs10939896	5	60572533	0.5287	0.0208	0.0331	0.0246	0.0246	49053	1411006	0.0335965875351613	A	G	FALSE	0	8.87670700090583e-22	0	0	0	0	0	0
rs10939897	5	60600524	0.0433	0.0278	0.0137	0.1408	0.1408	55267	1417037	0.0375377639400559	T	C	FALSE	0	2.3795341047226e-21	0	0	0	0	0	0
rs10939898	5	60612602	0.04536	0.0278	0.0139	0.1397	0.1397	55267	1417037	0.0375377639400559	A	G	FALSE	0	2.27620589040465e-21	0	0	0	0	0	0
rs10939900	5	60643659	0.01094	0.0316	0.0124	0.1818	0.1818	55267	1417037	0.0375377639400559	T	C	FALSE	0	7.05069968464379e-21	0	0	0	0	0	0
rs10939901	5	60696425	0.01234	0.0311	0.0124	0.1827	0.1827	55267	1417037	0.0375377639400559	T	C	FALSE	0	6.36982911936802e-21	0	0	0	0	0	0
rs10939902	5	60727990	0.5338	-0.0062	0.01	0.5178	0.4822	49053	1411006	0.0335965875351613	T	C	FALSE	0	2.71362926264858e-22	0	0	0	0	0	0
rs10939903	5	60751467	0.2759	-0.011	0.0101	0.4952	0.4952	49053	1411006	0.0335965875351613	T	C	FALSE	0	4.08802504141146e-22	0	0	0	0	0	0
rs10939905	5	60810610	0.1537	0.0147	0.0103	0.377	0.377	49053	1411006	0.0335965875351613	T	G	FALSE	0	6.37116852693615e-22	0	0	0	0	0	0
rs10939907	5	60872053	0.6607	-0.0048	0.0109	0.3051	0.3051	49053	1411006	0.0335965875351613	A	G	FALSE	0	2.6890389246811e-22	0	0	0	0	0	0
rs10939908	5	60879560	0.9289	-9e-04	0.0101	0.5639	0.4361	49053	1411006	0.0335965875351613	A	C	FALSE	0	2.27152547428512e-22	0	0	0	0	0	0
rs10939916	5	61134192	0.08836	0.0304	0.0179	0.9079	0.0921	49053	1411006	0.0335965875351613	A	G	FALSE	0	1.6722133218297e-21	0	0	0	0	0	0
rs10939917	5	61134208	0.1575	-0.0245	0.0174	0.1069	0.1069	49053	1411006	0.0335965875351613	A	G	FALSE	0	1.03997267537563e-21	0	0	0	0	0	0
rs10940650	5	59249174	0.1622	0.0137	0.0098	0.5492	0.4508	56306	1417791	0.0381969436203995	A	G	FALSE	0	5.81951751930804e-22	0	0	0	0	0	0
rs10940651	5	59249236	0.1574	-0.0139	0.0098	0.451	0.451	56306	1417791	0.0381969436203995	A	T	FALSE	0	5.98877299519089e-22	0	0	0	0	0	0
rs10940654	5	59304650	0.8021	-0.0029	0.0117	0.2516	0.2516	37688	981372	0.0369831020744608	T	C	FALSE	0	2.70127414041322e-22	0	0	0	0	0	0
rs10940655	5	59306617	0.9114	-0.0013	0.0114	0.2499	0.2499	56306	1417791	0.0381969436203995	A	G	FALSE	0	2.56947611502844e-22	0	0	0	0	0	0
rs10940659	5	59360341	0.82	-0.0023	0.0099	0.5341	0.4659	37688	981372	0.0369831020744608	A	G	FALSE	0	2.27837349384689e-22	0	0	0	0	0	0
rs1100917	5	59387067	0.9846	-2e-04	0.0105	0.3093	0.3093	37688	981372	0.0369831020744608	A	G	FALSE	0	2.35233754621808e-22	0	0	0	0	0	0
rs1100918	5	59386615	0.9343	9e-04	0.0105	0.6925	0.3075	37688	981372	0.0369831020744608	A	G	FALSE	0	2.36054375990107e-22	0	0	0	0	0	0
rs1107232	5	60020423	0.8972	-0.0055	0.0425	0.016	0.016	55779	1417319	0.0378650979093041	A	T	FALSE	0	9.39955541203388e-22	0	0	0	0	1	0.999769
rs1107232	5	60020423	0.8972	-0.0055	0.0425	0.016	0.016	55779	1417319	0.0378650979093041	A	T	FALSE	0	9.39955541203388e-22	0	0	0	0	1	0.999769
rs1107232	5	60020423	0.8972	-0.0055	0.0425	0.016	0.016	55779	1417319	0.0378650979093041	A	T	FALSE	0	9.39955541203388e-22	0	0	0	0	1	0.999769
rs1107232	5	60020423	0.8972	-0.0055	0.0425	0.016	0.016	55779	1417319	0.0378650979093041	A	T	FALSE	0	9.39955541203388e-22	0	0	0	0	1	0.999769
rs1107233	5	60020520	0.8263	-0.0094	0.043	0.0156	0.0156	55779	1417319	0.0378650979093041	T	C	FALSE	0	9.64725855537444e-22	0	0	0	0	0	0.000231101
rs1108977	5	59703601	0.07344	0.0244	0.0136	0.8518	0.1482	56306	1417791	0.0381969436203995	A	C	FALSE	0	1.51048221411644e-21	0	0	0	0	0	0
rs111250022	5	59607129	0.04749	-0.0898	0.0453	0.0219	0.0219	36747	1316643	0.0271518187662093	A	G	FALSE	0	6.42303669777284e-21	0	0	0	0	0	0
rs111250165	5	59566490	0.1162	0.1086	0.0691	0.0105	0.0105	15558	878337	0.0174047287433088	A	C	FALSE	0	4.4155474136653e-21	0	0	0	0	0	0
rs111266849	5	60185346	0.06639	0.0495	0.0269	0.9644	0.0356	56306	1417791	0.0381969436203995	T	C	FALSE	0	3.15439344579493e-21	0	0	0	0	0	0
rs111271621	5	59527471	0.03239	0.0759	0.0355	0.9776	0.0224	50455	1411925	0.0345019762305283	T	G	FALSE	0	7.18818509330185e-21	0	0	0	0	0	0
rs111274143	5	60628414	0.05709	0.0331	0.0174	0.1427	0.1427	41559	1321755	0.0304838063718263	T	G	FALSE	0	2.34227499244706e-21	0	0	0	0	0	0
rs111289794	5	59940421	0.2544	0.0422	0.037	0.9806	0.0194	56306	1417791	0.0381969436203995	C	G	FALSE	0	1.53055246387417e-21	0	0	0	0	0	0
rs111307526	5	59817962	0.1522	0.0467	0.0326	0.9758	0.0242	56306	1417791	0.0381969436203995	C	G	FALSE	0	1.96077584350747e-21	0	0	0	0	0	0
rs111309770	5	60493292	1.508e-15	0.1276	0.016	0.101	0.101	56306	1417791	0.0381969436203995	C	G	FALSE	0	1.88989632581534e-08	0	0	0	0	0	0
rs111322044	5	59707452	0.01671	-0.0609	0.0254	0.0391	0.0391	56306	1417791	0.0381969436203995	T	C	FALSE	0	9.56492510313802e-21	0	0	0	0	0	0
rs111327682	5	61085339	0.85	-0.0086	0.0453	0.0208	0.0208	49053	1411006	0.0335965875351613	A	G	FALSE	0	1.00811070325182e-21	0	0	0	0	0	0
rs111360331	5	60149172	0.07316	-0.0484	0.027	0.0358	0.0358	56306	1417791	0.0381969436203995	A	G	FALSE	0	2.90777193100584e-21	0	0	0	0	0	0
rs111369878	5	59976046	0.1482	0.0515	0.0356	0.9798	0.0202	56306	1417791	0.0381969436203995	T	C	FALSE	0	2.16761398042581e-21	0	0	0	0	0	0
rs111384082	5	59281270	0.9877	-0.001	0.064	0.0102	0.0102	28880	973126	0.0288221827015008	A	G	FALSE	0	1.36737591175637e-21	0	0	0	0	0	0
rs111390120	5	60203359	0.482	-0.024	0.0341	0.0346	0.0346	42071	1322037	0.0308413996545728	A	T	FALSE	0	9.59151067680075e-22	0	0	0	0	0	0
rs111448199	5	59531010	0.159	0.0636	0.0451	0.979	0.021	36747	1316643	0.0271518187662093	T	G	FALSE	0	2.54197928668589e-21	0	0	0	0	0	0
rs111459597	5	60093766	0.02746	0.077	0.0349	0.9776	0.0224	56306	1417791	0.0381969436203995	C	G	FALSE	0	8.18332898087526e-21	0	0	0	0	0	0
rs111461981	5	60740242	0.3548	-0.016	0.0173	0.1052	0.1052	49053	1411006	0.0335965875351613	T	C	FALSE	0	5.91038815842554e-22	0	0	0	0	0	0
rs111463104	5	59909003	0.2062	-0.045	0.0356	0.0202	0.0202	56306	1417791	0.0381969436203995	A	G	FALSE	0	1.70533848453749e-21	0	0	0	0	0	0
rs111475128	5	60162048	0.0654	0.0497	0.027	0.9642	0.0358000000000001	56306	1417791	0.0381969436203995	T	C	FALSE	0	3.16860260531186e-21	0	0	0	0	0	0
rs111477074	5	59895334	0.1945	-0.046	0.0355	0.0207	0.0207	56306	1417791	0.0381969436203995	T	C	FALSE	0	1.7692239465343e-21	0	0	0	0	0	0
rs111480899	5	59852020	0.01385	0.0938	0.0381	0.0184	0.0184	56306	1417791	0.0381969436203995	T	C	FALSE	0	1.56345927400422e-20	0	0	0	0	0	0
rs111491668	5	59371310	0.5273	0.0202	0.0319	0.9663	0.0337	49053	1411006	0.0335965875351613	T	C	FALSE	0	8.59164323015847e-22	0	0	0	0	0	0
rs111509711	5	61096648	0.07517	0.0334	0.0188	0.0859	0.0859	49053	1411006	0.0335965875351613	T	C	FALSE	0	2.00656967523454e-21	0	0	0	0	0	0
rs111518837	5	59607734	0.04437	-0.0493	0.0245	0.0458	0.0458	50455	1411925	0.0345019762305283	A	T	FALSE	0	4.00884449825057e-21	0	0	0	0	0	0
rs111520726	5	59525423	0.01941	0.0813	0.0348	0.9778	0.0222	50455	1411925	0.0345019762305283	T	C	FALSE	0	1.0870869242889e-20	0	0	0	0	0	0
rs111533316	5	60714363	0.3045	-0.0137	0.0133	0.1693	0.1693	49053	1411006	0.0335965875351613	A	G	FALSE	0	5.04793392065901e-22	0	0	0	0	0	0
rs1115372	5	59677842	0.8409	-0.0022	0.0109	0.2815	0.2815	56306	1417791	0.0381969436203995	A	G	FALSE	0	2.49133272841701e-22	0	0	0	0	0	0
rs111539922	5	60250597	0.04604	0.0814	0.0408	0.9812	0.0188	50455	1411925	0.0345019762305283	A	T	FALSE	0	6.05953228414445e-21	0	0	0	0	0	0
rs111571959	5	59674680	0.03111	0.0766	0.0355	0.9767	0.0233	50455	1411925	0.0345019762305283	A	G	FALSE	0	7.48946831296599e-21	0	0	0	0	0	0
rs111577570	5	60093890	0.03057	0.074	0.0342	0.9772	0.0228	56306	1417791	0.0381969436203995	T	G	FALSE	0	7.35106519988008e-21	0	0	0	0	0	0
rs111580613	5	59999519	0.1353	-0.0537	0.0359	0.0204	0.0204	56306	1417791	0.0381969436203995	A	G	FALSE	0	2.34279843178733e-21	0	0	0	0	0	0
rs111593925	5	59560081	0.07397	-0.0946	0.0529	0.989	0.011	29266	973619	0.0291818104767745	A	T	FALSE	0	5.11235021797785e-21	0	0	0	0	0	0
rs111599265	5	59527879	0.02395	0.0783	0.0347	0.977	0.023	50455	1411925	0.0345019762305283	T	G	FALSE	0	9.07949794240868e-21	0	0	0	0	0	0
rs111603762	5	61032137	0.9761	0.002	0.0674	0.0151	0.0151	35345	1315724	0.0261607660304544	T	G	FALSE	0	1.43318579936851e-21	0	0	0	0	0	0
rs111605096	5	59507566	0.01727	0.0849	0.0357	0.9784	0.0216	50455	1411925	0.0345019762305283	T	C	FALSE	0	1.22141649086865e-20	0	0	0	0	0	0
rs111681685	5	59562723	0.007347	0.094	0.0351	0.9772	0.0228	50455	1411925	0.0345019762305283	A	G	FALSE	0	2.51419561061283e-20	0	0	0	0	0	0
rs111685108	5	60887571	0.5193	-0.0177	0.0274	0.9631	0.0369	49053	1411006	0.0335965875351613	T	C	FALSE	0	7.47287416891041e-22	0	0	0	0	0	0
rs111686100	5	60018155	0.06033	-0.0654	0.0348	0.0216	0.0216	56306	1417791	0.0381969436203995	T	C	FALSE	0	4.26891133937129e-21	0	0	0	0	0	0
rs111691907	5	59171159	0.2419	-0.0223	0.019	0.0777	0.0777	49053	1411006	0.0335965875351613	T	C	FALSE	0	8.39623260642076e-22	0	0	0	0	0	0
rs111695875	5	59895526	0.008716	-0.1018	0.0388	0.9829	0.0171	56306	1417791	0.0381969436203995	A	G	FALSE	0	2.35630752391572e-20	0	0	0	0	0	0
rs111712075	5	59843671	0.1917	-0.0462	0.0354	0.0206	0.0206	56306	1417791	0.0381969436203995	A	T	FALSE	0	1.78547640640962e-21	0	0	0	0	0	0
rs111749538	5	60025400	0.1111	0.0603	0.0379	0.9804	0.0196	56306	1417791	0.0381969436203995	A	C	FALSE	0	2.834219236684e-21	0	0	0	0	0	0
rs1117674	5	60035007	0.0003825	-0.034	0.0096	0.5655	0.4345	56306	1417791	0.0381969436203995	T	C	FALSE	0	1.12229012132044e-19	0	0	0	0	0	0
rs1117675	5	60034886	0.0006372	0.0327	0.0096	0.4368	0.4368	56306	1417791	0.0381969436203995	T	C	FALSE	0	7.0188961892448e-20	0	0	0	0	0	0
rs1117676	5	60034824	0.0003323	0.0345	0.0096	0.4376	0.4376	56306	1417791	0.0381969436203995	A	G	FALSE	0	1.35088826522548e-19	0	0	0	0	0	0
rs1117677	5	60034675	0.0006343	-0.0327	0.0096	0.5632	0.4368	42598	1322509	0.0312048799105125	T	G	FALSE	0	7.0188961892448e-20	0	0	0	0	0	0
rs111770883	5	59406281	0.0379	0.0731	0.0352	0.9764	0.0236	50455	1411925	0.0345019762305283	T	G	FALSE	0	6.29653993423212e-21	0	0	0	0	0	0
rs111782462	5	59855721	0.1825	0.0472	0.0354	0.9793	0.0207000000000001	56306	1417791	0.0381969436203995	T	C	FALSE	0	1.85117214723519e-21	0	0	0	0	0	0
rs111793865	5	59540471	0.1613	-0.0633	0.0452	0.021	0.021	36747	1316643	0.0271518187662093	T	C	FALSE	0	2.51381550378986e-21	0	0	0	0	0	0
rs111800497	5	60683630	0.4396	-0.0132	0.0171	0.1703	0.1703	35345	1315724	0.0261607660304544	T	C	FALSE	0	5.13685932269931e-22	0	0	0	0	0	0
rs111824664	5	60045850	0.138	-0.0544	0.0367	0.0199	0.0199	56306	1417791	0.0381969436203995	T	C	FALSE	0	2.343546775589e-21	0	0	0	0	0	0
rs111833796	5	59555592	0.01741	0.0857	0.036	0.978	0.022	50455	1411925	0.0345019762305283	A	C	FALSE	0	1.23643554206557e-20	0	0	0	0	0	0
rs111887231	5	59506411	0.0801	-0.0884	0.0505	0.9882	0.0118	29266	973619	0.0291818104767745	C	G	FALSE	0	4.63670384622234e-21	0	0	0	0	0	0
rs111897786	5	59900708	0.1628	0.0499	0.0357	0.9798	0.0202	56306	1417791	0.0381969436203995	A	C	FALSE	0	2.03158002952501e-21	0	0	0	0	0	0
rs111906089	5	59307056	0.1107	0.0754	0.0473	0.9826	0.0174	50455	1411925	0.0345019762305283	T	C	FALSE	0	3.43902707791847e-21	0	0	0	0	0	0
rs111906234	5	60868713	0.3562	0.0155	0.0168	0.1025	0.1025	49053	1411006	0.0335965875351613	A	G	FALSE	0	5.73004706313926e-22	0	0	0	0	0	0
rs111907940	5	60339003	0.01823	-0.0666	0.0282	0.0348	0.0348	49053	1411006	0.0335965875351613	T	C	FALSE	0	9.64633723028026e-21	0	0	0	0	0	0
rs111915111	5	60342729	0.06935	0.0747	0.0411	0.9815	0.0185	50092	1411760	0.0342661226991515	A	G	FALSE	0	4.40496627712255e-21	0	0	0	0	0	0
rs111930326	5	59537128	0.1605	0.0634	0.0452	0.979	0.021	36747	1316643	0.0271518187662093	T	C	FALSE	0	2.52124244168446e-21	0	0	0	0	0	0
rs111930630	5	59524462	0.01855	0.082	0.0348	0.9778	0.0222	50455	1411925	0.0345019762305283	T	C	FALSE	0	1.13804247510706e-20	0	0	0	0	0	0
rs111948269	5	59547982	0.1057	0.082	0.0507	0.012	0.012	29266	973619	0.0291818104767745	T	C	FALSE	0	3.76736733935657e-21	0	0	0	0	0	0
rs111953374	5	59494140	0.04861	0.0853	0.0432	0.9797	0.0203	50455	1411925	0.0345019762305283	A	C	FALSE	0	6.09937454154071e-21	0	0	0	0	0	0
rs111960422	5	59982066	0.1489	0.0514	0.0356	0.9798	0.0202	56306	1417791	0.0381969436203995	C	G	FALSE	0	2.15910129766531e-21	0	0	0	0	0	0
rs111966068	5	60082718	0.1257	-0.0819	0.0535	0.0249	0.0249	35345	1315724	0.0261607660304544	A	G	FALSE	0	3.45997473994751e-21	0	0	0	0	0	0
rs111982874	5	59922118	0.1896	-0.0465	0.0355	0.0203	0.0203	56306	1417791	0.0381969436203995	T	C	FALSE	0	1.80097839351318e-21	0	0	0	0	0	0
rs111993409	5	59996088	0.9566	0.0025	0.0453	0.019	0.019	42598	1322509	0.0312048799105125	A	G	FALSE	0	9.92414165580047e-22	3	1	0	0	0	0
rs112002784	5	59843251	0.008325	-0.0969	0.0367	0.9804	0.0196	56306	1417791	0.0381969436203995	T	C	FALSE	0	2.35936805530444e-20	0	0	0	0	0	0
rs112006942	5	60641832	0.6604	-0.0067	0.0153	0.126	0.126	49053	1411006	0.0335965875351613	T	C	FALSE	0	3.76402512562812e-22	0	0	0	0	0	0
rs112014854	5	61018787	0.1255	-0.0411	0.0268	0.9598	0.0402	49053	1411006	0.0335965875351613	T	C	FALSE	0	1.89144746246047e-21	0	0	0	0	0	0
rs112022965	5	60405692	0.03767	-0.0573	0.0276	0.0355	0.0355	49053	1411006	0.0335965875351613	A	T	FALSE	0	5.08259619835767e-21	0	0	0	0	0	0
rs112034578	5	59241305	0.8963	0.0039	0.0296	0.9628	0.0372	49053	1411006	0.0335965875351613	A	G	FALSE	0	6.62376576699593e-22	0	0	0	0	0	0
rs112062828	5	59525192	0.155	0.0642	0.0451	0.979	0.021	36747	1316643	0.0271518187662093	A	C	FALSE	0	2.58798704442585e-21	0	0	0	0	0	0
rs112082196	5	60222459	0.6556	-0.0598	0.1342	0.9871	0.0129	24311	440938	0.0522537393954635	T	C	FALSE	0	2.67665885706844e-21	0	0	0	0	0	0
rs112082732	5	59541121	0.01697	-0.0827	0.0346	0.0225	0.0225	50455	1411925	0.0345019762305283	A	G	FALSE	0	1.22461414794608e-20	0	0	0	0	0	0
rs112084561	5	59802368	0.06179	0.043	0.023	0.9485	0.0515	50455	1411925	0.0345019762305283	T	C	FALSE	0	2.87598662616746e-21	0	0	0	0	0	0
rs112106437	5	59843391	0.01063	0.0954	0.0374	0.0195	0.0195	56306	1417791	0.0381969436203995	A	G	FALSE	0	1.91155963732497e-20	0	0	0	0	0	0
rs112111105	5	61031368	0.4316	-0.0988	0.1257	0.0129	0.0129	25252	441303	0.0541243797623003	A	G	FALSE	0	2.97879971905797e-21	0	0	0	0	0	0
rs112112754	5	59775735	0.03327	0.0541	0.0254	0.9608	0.0392	56306	1417791	0.0381969436203995	T	G	FALSE	0	5.2681086175281e-21	0	0	0	0	0	0
rs112120328	5	59736368	0.02656	0.0565	0.0255	0.9613	0.0387	56306	1417791	0.0381969436203995	T	C	FALSE	0	6.35110110143702e-21	0	0	0	0	0	0
rs112150550	5	59548997	0.01165	-0.0873	0.0346	0.0229	0.0229	50455	1411925	0.0345019762305283	C	G	FALSE	0	1.68159234547286e-20	0	0	0	0	0	0
rs112162527	5	59565059	0.7077	-0.012	0.0321	0.0329	0.0329	50455	1411925	0.0345019762305283	A	G	FALSE	0	7.61019586205936e-22	0	0	0	0	0	0
rs112166795	5	59952569	0.1585	0.0502	0.0356	0.9798	0.0202	56306	1417791	0.0381969436203995	A	C	FALSE	0	2.0607485247927e-21	0	0	0	0	0	0
rs112175107	5	59864944	0.1993	0.0456	0.0355	0.9795	0.0205	56306	1417791	0.0381969436203995	A	T	FALSE	0	1.74446551704764e-21	0	0	0	0	0	0
rs112211019	5	60985473	0.8579	0.0112	0.0628	0.9832	0.0168	35345	1315724	0.0261607660304544	T	G	FALSE	0	1.36350567440145e-21	0	0	0	0	0	0
rs112238292	5	59958140	0.9297	0.004	0.0452	0.0191	0.0191	42598	1322509	0.0312048799105125	A	G	FALSE	0	9.92587453931379e-22	0	0	0	0	0	0
rs112251929	5	59969537	0.1487	-0.0514	0.0356	0.0202	0.0202	56306	1417791	0.0381969436203995	T	C	FALSE	0	2.15910129766531e-21	0	0	0	0	0	0
rs112282911	5	60405525	0.02278	0.0824	0.0362	0.9794	0.0206	50092	1411760	0.0342661226991515	T	C	FALSE	0	9.81633001104928e-21	0	0	0	0	0	0
rs112309547	5	60412361	0.02296	0.0819	0.036	0.9792	0.0208	50092	1411760	0.0342661226991515	T	C	FALSE	0	9.74563070933598e-21	0	0	0	0	0	0
rs112351103	5	59846671	0.1952	0.0459	0.0354	0.9794	0.0206	56306	1417791	0.0381969436203995	T	C	FALSE	0	1.76649264888747e-21	0	0	0	0	0	0
rs112375441	5	60574697	0.2262	0.018	0.0149	0.8677	0.1323	49053	1411006	0.0335965875351613	T	G	FALSE	0	6.88601521825313e-22	0	0	0	0	0	0
rs1123763	5	61010605	0.5229	0.0083	0.013	0.1693	0.1693	56306	1417791	0.0381969436203995	T	C	FALSE	0	3.56452203264863e-22	0	0	0	0	0	0
rs1123764	5	61010843	0.5271	0.0081	0.0129	0.1709	0.1709	56306	1417791	0.0381969436203995	A	G	FALSE	0	3.51379959940955e-22	0	0	0	0	0	0
rs112376587	5	59711850	0.01893	0.0605	0.0258	0.9616	0.0384	56306	1417791	0.0381969436203995	A	C	FALSE	0	8.57785917971204e-21	0	0	0	0	0	0
rs112399747	5	59608409	0.0418	-0.05	0.0245	0.0459	0.0459	50455	1411925	0.0345019762305283	T	C	FALSE	0	4.24417684868729e-21	0	0	0	0	0	0
rs112402530	5	60870241	0.112	0.0347	0.0218	0.102	0.102	34176	1314756	0.0253355988292961	A	G	FALSE	0	1.69994800455472e-21	0	0	0	0	0	0
rs112409587	5	59541575	0.01691	0.0827	0.0346	0.9775	0.0225	50455	1411925	0.0345019762305283	A	T	FALSE	0	1.22461414794608e-20	0	0	0	0	0	0
rs112419066	5	59930843	0.1878	-0.0467	0.0355	0.0203	0.0203	56306	1417791	0.0381969436203995	A	G	FALSE	0	1.81393685991039e-21	0	0	0	0	0	0
rs112445168	5	60065743	0.0001099	-0.1894	0.049	0.9859	0.0141	56306	1417791	0.0381969436203995	T	C	FALSE	0	1.22733585963263e-18	0	0	0	0	0	0
rs112446471	5	59313759	0.6538	-0.005	0.011	0.7095	0.2905	50455	1411925	0.0345019762305283	A	G	FALSE	0	2.73083898513386e-22	0	0	0	0	0	0
rs112450883	5	59826635	3.711e-06	-0.0648	0.014	0.8704	0.1296	56306	1417791	0.0381969436203995	T	C	FALSE	0	1.3344538653396e-17	0	0	0	0	0	0
rs112473535	5	59698396	0.01897	-0.06	0.0256	0.0389	0.0389	56306	1417791	0.0381969436203995	T	C	FALSE	0	8.49449807585273e-21	0	0	0	0	0	0
rs112483245	5	60462867	0.2114	-0.044	0.0352	0.0348	0.0348	35345	1315724	0.0261607660304544	T	C	FALSE	0	1.65899952049487e-21	0	0	0	0	0	0
rs112491959	5	59999351	0.1373	0.0534	0.0359	0.9796	0.0204	56306	1417791	0.0381969436203995	A	T	FALSE	0	2.31467717194171e-21	0	0	0	0	0	0
rs112507500	5	59840242	0.2557	0.0942	0.0829	0.0106	0.0106	29266	973619	0.0291818104767745	A	G	FALSE	0	2.98006806696185e-21	0	0	0	0	0	0
rs112510473	5	59943800	0.1587	-0.0502	0.0356	0.0202	0.0202	56306	1417791	0.0381969436203995	T	G	FALSE	0	2.0607485247927e-21	9	1	0	0	0	0
rs112511311	5	59872002	9.078e-13	0.13	0.0182	0.0709	0.0709	56306	1417791	0.0381969436203995	A	G	FALSE	0	3.95420984666802e-11	0	0	0	0	0	0
rs112527395	5	59828879	0.5868	-0.0162	0.0298	0.0285	0.0285	56306	1417791	0.0381969436203995	A	G	FALSE	0	7.63935581828327e-22	0	0	0	0	0	0
rs112532617	5	60951976	0.4018	0.0343	0.0409	0.0223	0.0223	49053	1411006	0.0335965875351613	A	G	FALSE	0	1.25963862423745e-21	0	0	0	0	0	0
rs112540736	5	59756582	0.04729	-0.051	0.0257	0.0383	0.0383	56306	1417791	0.0381969436203995	T	C	FALSE	0	3.96678184192979e-21	0	0	0	0	0	0
rs112562462	5	60284960	0.02347	0.0625	0.0276	0.9642	0.0358000000000001	49928	1411453	0.03416494398107	A	G	FALSE	0	7.59185458994573e-21	0	0	0	0	0	0
rs112572062	5	60916187	0.7107	-0.0145	0.0391	0.0206	0.0206	49565	1411288	0.0339288073474881	A	G	FALSE	0	9.1965585985535e-22	0	0	0	0	0	0
rs112588616	5	59820209	0.4458	0.043	0.0564	0.0107	0.0107	30668	974538	0.0305091692648074	A	G	FALSE	0	1.59373321042215e-21	0	0	0	0	0	0
rs112593972	5	60299946	0.01618	0.0687	0.0286	0.9658	0.0342	49565	1411288	0.0339288073474881	A	C	FALSE	0	1.07311758672938e-20	0	0	0	0	0	0
rs112603350	5	60134368	0.08633	-0.0645	0.0376	0.0196	0.0196	56306	1417791	0.0381969436203995	T	C	FALSE	0	3.43286844776882e-21	0	0	0	0	0	0
rs112613959	5	60191902	0.06756	-0.0493	0.027	0.0357	0.0357	56306	1417791	0.0381969436203995	T	C	FALSE	0	3.08519948593911e-21	0	0	0	0	0	0
rs112617386	5	59717597	0.02002	0.0593	0.0255	0.9613	0.0387	56306	1417791	0.0381969436203995	C	G	FALSE	0	8.11699104730097e-21	0	0	0	0	0	0
rs112663320	5	59550066	0.01112	-0.0878	0.0346	0.0229	0.0229	50455	1411925	0.0345019762305283	T	C	FALSE	0	1.74236659548101e-20	0	0	0	0	0	0
rs112728299	5	59610289	0.04284	-0.0497	0.0245	0.0459	0.0459	50455	1411925	0.0345019762305283	T	C	FALSE	0	4.14126633358941e-21	0	0	0	0	0	0
rs112746123	5	60517902	0.04959	-0.0541	0.0276	0.0355	0.0355	49053	1411006	0.0335965875351613	T	C	FALSE	0	4.0398617151906e-21	0	0	0	0	0	0
rs112750404	5	60324374	0.03055	-0.0596	0.0275	0.0356	0.0356	49565	1411288	0.0339288073474881	A	G	FALSE	0	6.12527144154607e-21	0	0	0	0	0	0
rs112756799	5	59504921	0.01468	0.0856	0.0351	0.9778	0.0222	50455	1411925	0.0345019762305283	T	C	FALSE	0	1.38816076759704e-20	0	0	0	0	0	0
rs112779746	5	60145990	0.1662	0.0399	0.0288	0.9668	0.0332	56306	1417791	0.0381969436203995	T	C	FALSE	0	1.63714150557426e-21	0	0	0	0	0	0
rs112785197	5	60714181	0.3203	-0.0132	0.0133	0.1704	0.1704	49053	1411006	0.0335965875351613	T	G	FALSE	0	4.86043744178502e-22	0	0	0	0	0	0
rs112828198	5	60903398	0.6466	-0.0185	0.0403	0.0187	0.0187	50092	1411760	0.0342661226991515	T	G	FALSE	0	9.80543426363838e-22	0	0	0	0	0	0
rs112859881	5	59219214	0.749	-0.0074	0.0231	0.9331	0.0669	47884	1410038	0.032844006743845	T	C	FALSE	0	5.41445150809984e-22	0	0	0	0	0	0
rs112863899	5	60550568	0.02259	0.0826	0.0362	0.9793	0.0207000000000001	50092	1411760	0.0342661226991515	A	G	FALSE	0	9.93674102800598e-21	0	0	0	0	0	0
rs112903829	5	60870679	0.3559	-0.0154	0.0167	0.8964	0.1036	49053	1411006	0.0335965875351613	A	G	FALSE	0	5.69395948561706e-22	0	0	0	0	0	0
rs112910953	5	61099447	0.7421	-0.0108	0.0328	0.0265	0.0265	49053	1411006	0.0335965875351613	T	C	FALSE	0	7.65360498008126e-22	0	0	0	0	0	0
rs112922434	5	60894144	0.7725	0.0231	0.08	0.0128	0.0128	12724	306433	0.0398675260138427	T	G	FALSE	0	1.72702333634154e-21	0	0	0	0	0	0
rs112923037	5	60121474	0.04182	-0.0706	0.0347	0.0221	0.0221	56306	1417791	0.0381969436203995	A	G	FALSE	0	5.71922658637119e-21	0	0	0	0	0	0
rs112932787	5	59501171	0.1251	-0.0698	0.0455	0.0208	0.0208	36747	1316643	0.0271518187662093	C	G	FALSE	0	3.04622055109087e-21	0	0	0	0	0	0
rs112941214	5	60180982	0.04067	-0.0724	0.0354	0.0208	0.0208	56306	1417791	0.0381969436203995	C	G	FALSE	0	5.94064358707321e-21	0	0	0	0	0	0
rs112970543	5	59575735	0.06318	-0.0471	0.0254	0.0454	0.0454	50455	1411925	0.0345019762305283	T	C	FALSE	0	3.06907050522682e-21	0	0	0	0	0	0
rs112982560	5	61002384	0.5305	-0.0254	0.0404	0.9779	0.0221	49053	1411006	0.0335965875351613	T	C	FALSE	0	1.0739776070004e-21	0	0	0	0	0	0
rs112984969	5	60256996	0.0681	-0.0493	0.027	0.0358	0.0358	55779	1417319	0.0378650979093041	A	G	FALSE	0	3.08519948593911e-21	0	0	0	0	0	0
rs112999073	5	59519868	0.01655	0.0837	0.0349	0.9778	0.0222	50455	1411925	0.0345019762305283	T	C	FALSE	0	1.25663858186983e-20	0	0	0	0	0	0
rs113033728	5	60003812	0.1021	-0.0587	0.0359	0.0205	0.0205	56306	1417791	0.0381969436203995	T	C	FALSE	0	2.89380137984894e-21	7	1	0	0	0	0
rs113044682	5	59175661	0.2288	-0.024	0.02	0.0719	0.0719	49053	1411006	0.0335965875351613	A	G	FALSE	0	9.10531213553787e-22	0	0	0	0	0	0
rs113049109	5	59564145	0.01472	0.0908	0.0372	0.9789	0.0211	50455	1411925	0.0345019762305283	C	G	FALSE	0	1.46031203250838e-20	0	0	0	0	0	0
rs113055192	5	59271452	0.0862	0.0725	0.0422	0.9778	0.0222	50455	1411925	0.0345019762305283	A	G	FALSE	0	3.80441095539904e-21	0	0	0	0	0	0
rs113059102	5	59958120	0.9304	0.004	0.0452	0.0191	0.0191	42598	1322509	0.0312048799105125	T	C	FALSE	0	9.92587453931379e-22	0	0	0	0	0	0
rs113070024	5	60870966	0.3786	0.0336	0.0381	0.9802	0.0198	50455	1411925	0.0345019762305283	C	G	FALSE	0	1.22174739530679e-21	0	0	0	0	0	0
rs113077588	5	61068691	0.855	0.008	0.044	0.021	0.021	49053	1411006	0.0335965875351613	T	C	FALSE	0	9.7918704439955e-22	0	0	0	0	0	0
rs113079331	5	59722452	0.1153	0.0509	0.0323	0.9622	0.0377999999999999	42598	1322509	0.0312048799105125	A	C	FALSE	0	2.39870658532618e-21	0	0	0	0	0	0
rs113081673	5	59813950	0.3255	-0.0303	0.0308	0.0267	0.0267	56306	1417791	0.0381969436203995	A	T	FALSE	0	1.09540851069826e-21	0	0	0	0	0	0
rs113096760	5	60051600	0.1477	-0.053	0.0366	0.02	0.02	56306	1417791	0.0381969436203995	A	G	FALSE	0	2.22715815437195e-21	0	0	0	0	0	0
rs113108925	5	59490306	0.01849	0.0849	0.0361	0.9784	0.0216	50455	1411925	0.0345019762305283	A	G	FALSE	0	1.16014796891293e-20	0	0	0	0	0	0
rs113116596	5	60284609	0.2205	0.0786	0.0642	0.9816	0.0184	35345	1315724	0.0261607660304544	A	G	FALSE	0	2.70487531931158e-21	0	0	0	0	0	0
rs113146158	5	59895228	0.1812	0.0481	0.036	0.9793	0.0207000000000001	55137	1416823	0.0374582189733417	T	C	FALSE	0	1.88665285223665e-21	0	0	0	0	0	0
rs113150318	5	59908231	0.1857	-0.0469	0.0355	0.0203	0.0203	56306	1417791	0.0381969436203995	T	C	FALSE	0	1.82704478335584e-21	0	0	0	0	0	0
rs113162489	5	59817100	0.3539	0.0284	0.0307	0.9734	0.0266	56306	1417791	0.0381969436203995	A	T	FALSE	0	1.03386127474663e-21	0	0	0	0	0	0
rs113176167	5	60926357	0.2347	-0.0139	0.0117	0.2855	0.2855	49053	1411006	0.0335965875351613	A	G	FALSE	0	5.29316288009658e-22	0	0	0	0	0	0
rs113199592	5	60660036	0.1273	-0.0676	0.0444	0.0164	0.0164	56306	1417791	0.0381969436203995	T	C	FALSE	0	2.93418094896778e-21	0	0	0	0	0	0
rs113209436	5	59885421	0.1939	0.0461	0.0355	0.9796	0.0204	56306	1417791	0.0381969436203995	T	C	FALSE	0	1.77550240938945e-21	4	1	0	0	0	0
rs113223020	5	59548690	0.01234	-0.0865	0.0346	0.0229	0.0229	50455	1411925	0.0345019762305283	T	C	FALSE	0	1.58940208236246e-20	0	0	0	0	0	0
rs113226216	5	60885148	0.3691	0.0259	0.0289	0.9554	0.0446	49053	1411006	0.0335965875351613	T	C	FALSE	0	9.50774364596289e-22	0	0	0	0	0	0
rs113228750	5	59550760	0.01083	0.0881	0.0346	0.9771	0.0229	50455	1411925	0.0345019762305283	A	G	FALSE	0	1.78005365163452e-20	0	0	0	0	0	0
rs113252023	5	59871825	9.138e-13	0.1299	0.0182	0.0709	0.0709	56306	1417791	0.0381969436203995	A	G	FALSE	0	3.80330957745315e-11	0	0	0	0	0	0
rs113266393	5	59522085	0.01662	0.0835	0.0349	0.9779	0.0221	50455	1411925	0.0345019762305283	T	C	FALSE	0	1.24000908042959e-20	6	1	0	0	0	0
rs113278691	5	59865324	0.008115	0.1104	0.0417	0.0168	0.0168	56306	1417791	0.0381969436203995	T	C	FALSE	0	2.63230340464047e-20	0	0	0	0	0	0
rs113306887	5	60392766	2.475e-20	0.1354	0.0147	0.1107	0.1107	56306	1417791	0.0381969436203995	A	G	FALSE	0	0.00069317596918406	0	0	0	0	1	1
rs113356381	5	59950245	0.2125	0.1053	0.0845	0.9683	0.0317	24311	440938	0.0522537393954635	A	G	FALSE	0	3.37405205628013e-21	0	0	0	0	0	0
rs113384159	5	59817137	0.3594	-0.0281	0.0307	0.0266	0.0266	56306	1417791	0.0381969436203995	A	G	FALSE	0	1.02481843797667e-21	0	0	0	0	0	0
rs113384299	5	60776057	0.3397	0.0909	0.0952	0.0103	0.0103	15558	878337	0.0174047287433088	A	G	FALSE	0	2.79590858768364e-21	0	0	0	0	0	0
rs113409409	5	59920439	0.1873	-0.0468	0.0355	0.0203	0.0203	56306	1417791	0.0381969436203995	T	G	FALSE	0	1.82047202204594e-21	0	0	0	0	0	0
rs113415250	5	60783997	0.5065	0.0191	0.0288	0.9559	0.0441	49053	1411006	0.0335965875351613	A	G	FALSE	0	7.93107800712345e-22	0	0	0	0	0	0
rs113430071	5	59536923	0.02303	-0.0788	0.0347	0.0231	0.0231	50455	1411925	0.0345019762305283	T	C	FALSE	0	9.37159878717046e-21	0	0	0	0	0	0
rs113445535	5	60420775	1.977e-15	0.1425	0.0179	0.1116	0.1116	42598	1322509	0.0312048799105125	T	C	FALSE	0	1.79670470691478e-08	0	0	0	0	0	0
rs113447153	5	60526645	0.5882	-0.0252	0.0466	0.0194	0.0194	36384	1316478	0.026894095628379	T	G	FALSE	0	1.16941072157858e-21	0	0	0	0	0	0
rs113459006	5	60221959	0.03912	0.0833	0.0404	0.982	0.018	50455	1411925	0.0345019762305283	T	C	FALSE	0	6.84705660375957e-21	0	0	0	0	0	0
rs113459524	5	59510729	0.01528	-0.0848	0.035	0.0222	0.0222	50455	1411925	0.0345019762305283	A	T	FALSE	0	1.33405897385421e-20	0	0	0	0	0	0
rs113468419	5	59880487	0.198	0.0457	0.0355	0.9796	0.0204	56306	1417791	0.0381969436203995	T	C	FALSE	0	1.75060225206757e-21	0	0	0	0	0	0
rs113474297	5	60554934	0.1686	-0.0206	0.015	0.131	0.131	49053	1411006	0.0335965875351613	T	C	FALSE	0	8.5696129991453e-22	0	0	0	0	0	0
rs113477831	5	59551942	0.06282	0.0937	0.0504	0.0126	0.0126	29266	973619	0.0291818104767745	A	G	FALSE	0	5.56687989785968e-21	0	0	0	0	0	0
rs113510701	5	60251245	0.05892	0.0787	0.0417	0.9824	0.0176	50455	1411925	0.0345019762305283	A	G	FALSE	0	5.04604679873334e-21	0	0	0	0	0	0
rs113516364	5	60716684	0.3238	0.0131	0.0133	0.8297	0.1703	49053	1411006	0.0335965875351613	A	G	FALSE	0	4.82459683693561e-22	0	0	0	0	0	0
rs113552169	5	60644403	0.09493	0.0747	0.0447	0.9831	0.0169	50455	1411925	0.0345019762305283	C	G	FALSE	0	3.69939399203303e-21	0	0	0	0	0	0
rs113557952	5	59508585	0.9719	-0.0019	0.0537	0.9816	0.0184	35345	1315724	0.0261607660304544	T	C	FALSE	0	1.16396850879375e-21	0	0	0	0	0	0
rs113568001	5	59886360	0.1951	-0.046	0.0355	0.0204	0.0204	56306	1417791	0.0381969436203995	T	C	FALSE	0	1.7692239465343e-21	1	1	0	0	0	0
rs113569374	5	60447825	0.02276	0.0819	0.036	0.9792	0.0208	50092	1411760	0.0342661226991515	A	G	FALSE	0	9.74563070933598e-21	0	0	0	0	0	0
rs113572416	5	59827779	0.4261	-0.0331	0.0416	0.0209	0.0209	56306	1417791	0.0381969436203995	A	G	FALSE	0	1.23737002025804e-21	0	0	0	0	0	0
rs113581548	5	59503737	0.01536	-0.085	0.0351	0.0222	0.0222	50455	1411925	0.0345019762305283	T	C	FALSE	0	1.33332934365803e-20	5	1	0	0	0	0
rs113597010	5	59281752	0.6218	0.0171	0.0346	0.0315	0.0315	47884	1410038	0.032844006743845	A	C	FALSE	0	8.60992812342654e-22	0	0	0	0	0	0
rs113604749	5	61131463	0.4946	-0.0294	0.043	0.984	0.016	49053	1411006	0.0335965875351613	A	G	FALSE	0	1.17899269393544e-21	0	0	0	0	0	0
rs113626686	5	60135182	0.03818	-0.0727	0.0351	0.0212	0.0212	56306	1417791	0.0381969436203995	A	G	FALSE	0	6.21255652600015e-21	0	0	0	0	0	0
rs113630326	5	59880961	0.1859	-0.0469	0.0355	0.0204	0.0204	56306	1417791	0.0381969436203995	A	G	FALSE	0	1.82704478335584e-21	0	0	0	0	0	0
rs113651081	5	59952581	0.1585	-0.0502	0.0356	0.0202	0.0202	56306	1417791	0.0381969436203995	T	C	FALSE	0	2.0607485247927e-21	0	0	0	0	0	0
rs113664687	5	60121309	0.04067	-0.071	0.0347	0.0221	0.0221	56306	1417791	0.0381969436203995	T	C	FALSE	0	5.85131317389745e-21	0	0	0	0	0	0
rs113670721	5	59995684	0.9558	0.0025	0.0453	0.019	0.019	42598	1322509	0.0312048799105125	T	C	FALSE	0	9.92414165580047e-22	0	0	0	0	0	0
rs113675145	5	59901421	0.1893	-0.0465	0.0354	0.0204	0.0204	56306	1417791	0.0381969436203995	A	C	FALSE	0	1.80478984983174e-21	0	0	0	0	0	0
rs113679984	5	59966817	0.3134	0.0351	0.0348	0.9769	0.0231	56306	1417791	0.0381969436203995	A	C	FALSE	0	1.25993332719428e-21	0	0	0	0	0	0
rs113692762	5	59920710	3.422e-13	-0.1318	0.0181	0.9293	0.0707	56306	1417791	0.0381969436203995	A	G	FALSE	0	1.06474756621659e-10	0	0	0	0	0	0
rs113706336	5	59532759	0.03386	-0.0757	0.0357	0.0222	0.0222	50455	1411925	0.0345019762305283	A	G	FALSE	0	6.96462367439364e-21	0	0	0	0	0	0
rs113710244	5	59921708	0.1864	0.0469	0.0355	0.9797	0.0203	56306	1417791	0.0381969436203995	T	C	FALSE	0	1.82704478335584e-21	2	1	0	0	0	0
rs113739004	5	59932016	0.1823	-0.0474	0.0355	0.0203	0.0203	56306	1417791	0.0381969436203995	A	C	FALSE	0	1.86048093539016e-21	8	1	0	0	0	0
rs113756775	5	59973783	0.1484	-0.0515	0.0356	0.0202	0.0202	56306	1417791	0.0381969436203995	C	G	FALSE	0	2.16761398042581e-21	0	0	0	0	0	0
rs113758614	5	60484624	0.02653	-0.0811	0.0366	0.0207	0.0207	48923	1410792	0.0335154465083938	T	G	FALSE	0	8.68554743185575e-21	0	0	0	0	0	0
rs113767201	5	60644968	0.09323	0.0751	0.0447	0.983	0.017	50455	1411925	0.0345019762305283	A	T	FALSE	0	3.75260390656502e-21	0	0	0	0	0	0
rs113798374	5	60246303	0.06399	-0.0522	0.0282	0.0345	0.0345	54610	1416351	0.0371253894562806	T	C	FALSE	0	3.36001559319993e-21	0	0	0	0	0	0
rs113801601	5	61018790	0.1175	-0.0419	0.0268	0.9598	0.0402	49053	1411006	0.0335965875351613	T	G	FALSE	0	1.97931560926093e-21	0	0	0	0	0	0
rs113804356	5	60489094	5.766e-15	0.1371	0.0176	0.0824	0.0824	56306	1417791	0.0381969436203995	A	C	FALSE	0	4.67764680745879e-09	0	0	0	0	0	0
rs113817975	5	60021587	0.0483	0.0705	0.0357	0.9794	0.0206	56306	1417791	0.0381969436203995	T	G	FALSE	0	5.21636345529339e-21	0	0	0	0	1	1
rs113819648	5	59985774	0.1495	-0.0514	0.0356	0.0202	0.0202	56306	1417791	0.0381969436203995	A	G	FALSE	0	2.15910129766531e-21	0	0	0	0	0	0
rs113847266	5	60146574	0.03521	0.0744	0.0353	0.9792	0.0208	56306	1417791	0.0381969436203995	A	G	FALSE	0	6.72061036275872e-21	0	0	0	0	0	0
rs113848727	5	59559952	0.07649	0.0936	0.0528	0.011	0.011	29266	973619	0.0291818104767745	A	G	FALSE	0	4.97473792362015e-21	0	0	0	0	0	0
rs113854620	5	60352656	0.1846	-0.0468	0.0353	0.0348	0.0348	35345	1315724	0.0261607660304544	T	C	FALSE	0	1.82847664143791e-21	0	0	0	0	0	0
rs113882965	5	61079174	0.8297	0.0096	0.0447	0.0206	0.0206	49053	1411006	0.0335965875351613	T	C	FALSE	0	1.00021051789694e-21	0	0	0	0	0	0
rs113910733	5	60768999	0.3276	0.0465	0.0475	0.9851	0.0149	56306	1417791	0.0381969436203995	T	C	FALSE	0	1.63153585042701e-21	0	0	0	0	0	0
rs113913448	5	59702123	0.01486	0.0643	0.0264	0.9623	0.0377	55137	1416823	0.0374582189733417	T	G	FALSE	0	1.08337247590151e-20	0	0	0	0	0	0
rs113917690	5	60125026	0.03956	-0.0714	0.0347	0.0221	0.0221	56306	1417791	0.0381969436203995	A	G	FALSE	0	5.98722261127709e-21	0	0	0	0	0	0
rs113929125	5	59882140	0.1972	-0.0457	0.0355	0.0204	0.0204	56306	1417791	0.0381969436203995	A	G	FALSE	0	1.75060225206757e-21	0	0	0	0	0	0
rs113947129	5	60089269	0.03288	-0.0729	0.0342	0.0229	0.0229	56306	1417791	0.0381969436203995	T	G	FALSE	0	6.87389503019076e-21	0	0	0	0	0	0
rs113957066	5	60246920	0.06762	-0.0493	0.027	0.0358	0.0358	55779	1417319	0.0378650979093041	A	G	FALSE	0	3.08519948593911e-21	0	0	0	0	0	0
rs113983995	5	59563976	0.007565	0.0939	0.0352	0.9772	0.0228	50455	1411925	0.0345019762305283	T	C	FALSE	0	2.45230920247223e-20	0	0	0	0	0	0
rs113984844	5	59940078	0.1703	-0.0488	0.0356	0.0202	0.0202	56306	1417791	0.0381969436203995	A	T	FALSE	0	1.95437016587734e-21	0	0	0	0	0	0
rs113985141	5	59262264	0.6263	-0.025	0.0513	0.9821	0.0179	35345	1315724	0.0261607660304544	A	G	FALSE	0	1.24594067861438e-21	0	0	0	0	0	0
rs113995393	5	60194669	6.442e-08	-0.1633	0.0302	0.9685	0.0315	56306	1417791	0.0381969436203995	A	G	FALSE	0	1.0802176215938e-15	0	0	0	0	0	0
rs113998128	5	60285409	0.4235	0.0316	0.0394	0.0254	0.0254	49053	1411006	0.0335965875351613	T	C	FALSE	0	1.1817349244354e-21	0	0	0	0	0	0
rs113999872	5	61020766	0.1872	-0.0343	0.026	0.9584	0.0416	49053	1411006	0.0335965875351613	A	G	FALSE	0	1.360816437844e-21	0	0	0	0	0	0
rs114005053	5	60181606	0.04059	0.0724	0.0353	0.9792	0.0208	56306	1417791	0.0381969436203995	T	C	FALSE	0	5.9950228407509e-21	0	0	0	0	0	0
rs114011218	5	60129013	0.9491	0.0017	0.0269	0.9574	0.0426	56306	1417791	0.0381969436203995	T	C	FALSE	0	5.99156741860347e-22	0	0	0	0	0	0
rs114012052	5	60091305	0.688	0.0105	0.026	0.0464	0.0464	49053	1411006	0.0335965875351613	C	G	FALSE	0	6.26599491782523e-22	0	0	0	0	0	0
rs114012600	5	60035940	0.3988	0.0454	0.0538	0.0167	0.0167	34176	1314756	0.0253355988292961	A	G	FALSE	0	1.62420049729095e-21	0	0	0	0	0	0
rs114032372	5	59314139	0.07289	-0.144	0.0803	0.0108	0.0108	34176	1314756	0.0253355988292961	T	C	FALSE	0	6.67512049928258e-21	0	0	0	0	0	0
rs114050241	5	60482186	0.8344	-0.009	0.0431	0.0149	0.0149	49053	1411006	0.0335965875351613	T	C	FALSE	0	9.64934613805596e-22	0	0	0	0	0	0
rs114065315	5	59272887	0.8008	-0.0101	0.0401	0.0179	0.0179	49053	1411006	0.0335965875351613	T	C	FALSE	0	9.0919808203555e-22	0	0	0	0	0	0
rs114077670	5	60406899	0.03037	0.0491	0.0227	0.9466	0.0534	49053	1411006	0.0335965875351613	C	G	FALSE	0	5.09435242242114e-21	0	0	0	0	0	0
rs114105810	5	60523920	0.06211	-0.0488	0.0262	0.0406	0.0406	49053	1411006	0.0335965875351613	C	G	FALSE	0	3.20676066547108e-21	0	0	0	0	0	0
rs1867598	5	60137959	2.522e-23	-0.1554	0.0156	0.9019	0.0981	56306	1417791	0.0381969436203995	A	G	TRUE	1	0.912726396912084	0	0	0	0	0	0
