SNP	CHR	POS	P	Effect	StdErr	Freq	MAF	N_cases	N_controls	proportion_cases	A1	A2	leadSNP	ABF.Credible_Set	ABF.PP	SUSIE.Credible_Set	SUSIE.PP	POLYFUN_SUSIE.Credible_Set	POLYFUN_SUSIE.PP	FINEMAP.Credible_Set	FINEMAP.PP
rs4406012	4	14851394	0.3021	0.0209	0.0203	0.088	0.088	49053	1411006	0.0335965875351613	C	G	FALSE	0	1.20611090897236e-26	0	0	0	0	0	0
rs4406015	4	14788872	0.3318	0.0263	0.0271	0.961	0.039	48411	1410510	0.0331827425885295	T	C	FALSE	0	1.50708600722307e-26	0	0	0	0	0	0
rs4407495	4	14800423	0.3616	0.025	0.0274	0.9624	0.0376	49053	1411006	0.0335965875351613	C	G	FALSE	0	1.44359674914762e-26	0	0	0	0	0	0
rs4408956	4	15375918	0.921	-0.0017	0.0173	0.9123	0.0877	56306	1417791	0.0381969436203995	A	C	FALSE	0	6.12067616953926e-27	0	0	0	0	0	0
rs4410525	4	14789184	0.2594	-0.0302	0.0268	0.0388	0.0388	49580	1411478	0.0339343133537478	C	G	FALSE	0	1.75160620862141e-26	0	0	0	0	0	0
rs4420978	4	15378268	0.3515	0.0092	0.0099	0.3538	0.3538	56306	1417791	0.0381969436203995	A	G	FALSE	0	5.37602593254823e-27	0	0	0	0	0	0
rs4423869	4	15491851	0.4052	0.011	0.0132	0.8354	0.1646	56306	1417791	0.0381969436203995	T	C	FALSE	0	6.57754041105395e-27	0	0	0	0	0	0
rs4423870	4	15600205	1.72e-06	0.052	0.0109	0.7513	0.2487	56306	1417791	0.0381969436203995	T	C	FALSE	0	3.25459890144817e-22	0	0	0	0	0	0
rs4425367	4	15833532	2.006e-08	0.0562	0.01	0.3229	0.3229	56306	1417791	0.0381969436203995	A	G	FALSE	0	2.44968634313566e-20	0	0	0	0	0	0
rs4426770	4	14798841	0.4699	-0.0084	0.0116	0.2103	0.2103	56306	1417791	0.0381969436203995	A	G	FALSE	0	5.31501474328682e-27	0	0	0	0	0	0
rs4428279	4	14745483	0.4255	0.0222	0.0279	0.9624	0.0376	49053	1411006	0.0335965875351613	C	G	FALSE	0	1.33219966225625e-26	0	0	0	0	0	0
rs4432744	4	15230975	0.1006	-0.017	0.0103	0.4261	0.4261	49053	1411006	0.0335965875351613	T	C	FALSE	0	1.41422773735397e-26	0	0	0	0	0	0
rs4434246	4	14745190	0.8809	-0.0015	0.0097	0.3679	0.3679	56306	1417791	0.0381969436203995	A	G	FALSE	0	3.465236055408e-27	0	0	0	0	0	0
rs4435745	4	15733159	1.198e-09	0.1713	0.0282	0.9689	0.0311	56306	1417791	0.0381969436203995	A	G	FALSE	0	7.08963989605141e-19	0	0	0	0	0	0
rs4440210	4	15223448	0.8285	-0.003	0.0139	0.8467	0.1533	49053	1411006	0.0335965875351613	A	C	FALSE	0	5.01563145168048e-27	0	0	0	0	0	0
rs4443273	4	14808684	0.7287	-0.0035	0.0101	0.4928	0.4928	49053	1411006	0.0335965875351613	T	C	FALSE	0	3.7850282694556e-27	0	0	0	0	0	0
rs4446302	4	16315455	0.8598	-0.002	0.0115	0.7459	0.2541	49053	1411006	0.0335965875351613	A	G	FALSE	0	4.11924836648459e-27	0	0	0	0	0	0
rs4447858	4	15320413	0.2001	-0.0385	0.03	0.9701	0.0299	49580	1411478	0.0339343133537478	C	G	FALSE	0	2.34606586873638e-26	0	0	0	0	0	0
rs4450926	4	15231047	0.1006	-0.017	0.0103	0.4261	0.4261	49053	1411006	0.0335965875351613	A	G	FALSE	0	1.41422773735397e-26	0	0	0	0	0	0
rs4452428	4	14755291	0.2078	0.0139	0.011	0.7081	0.2919	55137	1416823	0.0374582189733417	A	G	FALSE	0	8.60433959815377e-27	0	0	0	0	0	0
rs4453928	4	15301196	0.9426	0.0019	0.0261	0.0424	0.0424	49053	1411006	0.0335965875351613	A	G	FALSE	0	9.17055903089579e-27	0	0	0	0	0	0
rs4453929	4	15672173	0.0001568	0.0377	0.01	0.3445	0.3445	56306	1417791	0.0381969436203995	T	G	FALSE	0	4.23003636338482e-24	3	1	0	0	0	0
rs4453931	4	15031397	0.01592	-0.0362	0.015	0.1199	0.1199	56306	1417791	0.0381969436203995	A	G	FALSE	0	9.56740050159585e-26	0	0	0	0	0	0
rs4459987	4	14832866	0.8686	0.003	0.0181	0.582	0.418	42577	1108964	0.0369739331903944	C	G	FALSE	0	6.45825260602912e-27	0	0	0	0	0	0
rs4461522	4	15893901	0.03149	-0.0313	0.0146	0.2382	0.2382	42598	1322509	0.0312048799105125	T	C	FALSE	0	5.06074856492978e-26	0	0	0	0	0	0
rs4461523	4	15928291	0.5867	-0.0069	0.0127	0.4543	0.4543	42598	1322509	0.0312048799105125	A	C	FALSE	0	5.1887328682601e-27	0	0	0	0	0	0
rs4464559	4	15756647	8.521e-13	-0.1785	0.025	0.0396	0.0396	56306	1417791	0.0381969436203995	T	C	FALSE	0	6.96040718019939e-16	0	0	0	0	0	0
rs4464561	4	14744996	0.2975	0.0126	0.0121	0.8059	0.1941	56306	1417791	0.0381969436203995	T	C	FALSE	0	7.32635794758061e-27	0	0	0	0	0	0
rs4466038	4	16007600	0.8872	0.0016	0.0114	0.2482	0.2482	56306	1417791	0.0381969436203995	A	G	FALSE	0	4.0621395306276e-27	0	0	0	0	0	0
rs4469071	4	14819796	0.5768	0.0056	0.01	0.5017	0.4983	49053	1411006	0.0335965875351613	T	C	FALSE	0	4.12739586342007e-27	0	0	0	0	0	0
rs4469072	4	15335510	0.199	0.0387	0.0301	0.0298	0.0298	49580	1411478	0.0339343133537478	T	C	FALSE	0	2.36048351543531e-26	0	0	0	0	0	0
rs4470621	4	14834859	0.5552	-0.0096	0.0163	0.162	0.162	56306	1417791	0.0381969436203995	A	G	FALSE	0	6.8212777522663e-27	0	0	0	0	0	0
rs4470622	4	15674175	0.0001307	0.0381	0.01	0.3424	0.3424	56306	1417791	0.0381969436203995	T	G	FALSE	0	4.92061013848843e-24	2	1	0	0	0	0
rs4472133	4	15324895	0.1892	0.0395	0.0301	0.0298	0.0298	49580	1411478	0.0339343133537478	T	C	FALSE	0	2.44153466560653e-26	0	0	0	0	0	0
rs4473651	4	15770911	8.19e-06	-0.0693	0.0155	0.1053	0.1053	56306	1417791	0.0381969436203995	A	G	FALSE	0	1.12741230582289e-22	0	0	0	0	0	0
rs4475145	4	16475701	0.7639	-0.0037	0.0124	0.2132	0.2132	49053	1411006	0.0335965875351613	A	G	FALSE	0	4.57234477595913e-27	0	0	0	0	0	0
rs4478184	4	14769683	0.4483	-0.0088	0.0116	0.2198	0.2198	56306	1417791	0.0381969436203995	A	C	FALSE	0	5.45217645136358e-27	0	0	0	0	0	0
rs4479699	4	16295028	0.7532	0.0043	0.0137	0.1603	0.1603	49053	1411006	0.0335965875351613	A	G	FALSE	0	5.0732565992581e-27	0	0	0	0	0	0
rs4479703	4	14748034	0.7303	-0.0034	0.0098	0.3694	0.3694	56306	1417791	0.0381969436203995	C	G	FALSE	0	3.67342130597958e-27	0	0	0	0	0	0
rs4481229	4	15786780	0.004889	0.028	0.01	0.6644	0.3356	56306	1417791	0.0381969436203995	A	T	FALSE	0	1.76172235604583e-25	0	0	0	0	0	0
rs4481232	4	16209026	0.7042	0.004	0.0104	0.3744	0.3744	49053	1411006	0.0335965875351613	A	G	FALSE	0	3.95160451691898e-27	0	0	0	0	0	0
rs4484296	4	15661847	1.708e-06	-0.0517	0.0108	0.2481	0.2481	56306	1417791	0.0381969436203995	T	C	FALSE	0	3.4889946975971e-22	0	0	0	0	0	0
rs4484297	4	16332382	0.8596	0.0021	0.0116	0.2498	0.2498	49053	1411006	0.0335965875351613	C	G	FALSE	0	4.16018173161131e-27	0	0	0	0	0	0
rs4487335	4	14748045	0.7323	-0.0033	0.0098	0.3687	0.3687	56306	1417791	0.0381969436203995	T	C	FALSE	0	3.66066084098204e-27	0	0	0	0	0	0
rs4487336	4	14776583	0.4981	-0.0273	0.0403	0.982	0.018	49053	1411006	0.0335965875351613	A	G	FALSE	0	1.74065844623231e-26	0	0	0	0	0	0
rs4487337	4	15220909	0.6802	0.0086	0.0209	0.9342	0.0658	49053	1411006	0.0335965875351613	A	G	FALSE	0	7.98819149789305e-27	0	0	0	0	0	0
rs4492001	4	15730349	4.833e-06	-0.0646	0.0141	0.1286	0.1286	56306	1417791	0.0381969436203995	C	G	FALSE	0	1.70593304896555e-22	0	0	0	0	1	1
rs4498132	4	15733030	0.3664	0.016	0.0177	0.9165	0.0835	56306	1417791	0.0381969436203995	A	G	FALSE	0	9.34607825922621e-27	0	0	0	0	0	0
rs4498133	4	15733266	5.316e-10	-0.1716	0.0276	0.0321	0.0321	56306	1417791	0.0381969436203995	A	G	FALSE	0	1.66827903268168e-18	0	0	0	0	1	1
rs4501221	4	16168724	0.46	-0.0101	0.0136	0.1638	0.1638	49053	1411006	0.0335965875351613	A	T	FALSE	0	6.31013599612165e-27	0	0	0	0	0	0
rs4502675	4	14782459	0.2308	-0.013	0.0108	0.2593	0.2593	56306	1417791	0.0381969436203995	T	C	FALSE	0	7.84860836054907e-27	0	0	0	0	0	0
rs4502676	4	15735542	2.33e-08	0.1706	0.0305	0.974	0.026	56306	1417791	0.0381969436203995	T	C	FALSE	0	4.64504574432624e-20	0	0	0	0	0	0
rs4505814	4	14803471	0.8592	0.0023	0.0127	0.8276	0.1724	56306	1417791	0.0381969436203995	A	G	FALSE	0	4.55317199482801e-27	0	0	0	0	0	0
rs4505816	4	15345043	0.9819	-3e-04	0.0141	0.8475	0.1525	56306	1417791	0.0381969436203995	C	G	FALSE	0	4.97199959042517e-27	0	0	0	0	0	0
rs4507355	4	14782057	0.2277	0.0129	0.0107	0.7316	0.2684	56306	1417791	0.0381969436203995	T	G	FALSE	0	7.79424937752025e-27	0	0	0	0	0	0
rs4508877	4	15801918	8.308e-11	0.1499	0.0231	0.9536	0.0464	56306	1417791	0.0381969436203995	T	G	FALSE	0	8.56236575967379e-18	0	0	0	0	0	0
rs4511993	4	15377877	0.3832	-0.0086	0.0099	0.6439	0.3561	56306	1417791	0.0381969436203995	A	G	FALSE	0	5.09163177853906e-27	0	0	0	0	0	0
rs4515160	4	15384544	0.326	-0.0106	0.0108	0.7332	0.2668	56306	1417791	0.0381969436203995	C	G	FALSE	0	6.1610290966257e-27	0	0	0	0	0	0
rs4516711	4	15824067	0.08891	-0.0176	0.0104	0.2981	0.2981	56306	1417791	0.0381969436203995	C	G	FALSE	0	1.5309105333799e-26	0	0	0	0	0	0
rs4516713	4	14803809	0.8583	0.0023	0.0127	0.8276	0.1724	56306	1417791	0.0381969436203995	T	C	FALSE	0	4.55317199482801e-27	0	0	0	0	0	0
rs4524378	4	15617755	6.187e-05	0.0398	0.0099	0.3428	0.3428	56306	1417791	0.0381969436203995	T	C	FALSE	0	1.10752947209757e-23	0	0	0	0	0	0
rs4525970	4	15032481	0.5239	-0.015	0.0236	0.0486	0.0486	49053	1411006	0.0335965875351613	A	G	FALSE	0	1.01092340306542e-26	0	0	0	0	0	0
rs4527472	4	16457061	0.6845	-0.0056	0.0137	0.1709	0.1709	49053	1411006	0.0335965875351613	A	G	FALSE	0	5.24937001686088e-27	0	0	0	0	0	0
rs4529045	4	14766968	0.4846	-0.0082	0.0117	0.2197	0.2197	56306	1417791	0.0381969436203995	T	C	FALSE	0	5.27270069239494e-27	0	0	0	0	0	0
rs4530628	4	15377999	0.3729	-0.0088	0.0099	0.6454	0.3546	56306	1417791	0.0381969436203995	A	G	FALSE	0	5.18260725729429e-27	0	0	0	0	0	0
rs4532232	4	14792721	0.6084	-0.0174	0.034	0.0378	0.0378	35345	1315724	0.0261607660304544	C	G	FALSE	0	1.34541792486918e-26	0	0	0	0	0	0
rs4535334	4	14808202	0.3425	0.0109	0.0115	0.7398	0.2602	49053	1411006	0.0335965875351613	T	C	FALSE	0	6.34904614259294e-27	0	0	0	0	0	0
rs4536918	4	14744662	0.8547	-0.0018	0.0097	0.3682	0.3682	56306	1417791	0.0381969436203995	A	G	FALSE	0	3.48347141775035e-27	0	0	0	0	0	0
rs4538475	4	15737937	1.679e-13	0.0939	0.0127	0.8367	0.1633	56306	1417791	0.0381969436203995	A	G	FALSE	0	2.98053559566965e-15	0	0	0	0	1	1
rs4541502	4	15712787	8.309e-22	-0.0897	0.0093	0.4749	0.4749	56306	1417791	0.0381969436203995	T	G	FALSE	0	4.71780030179645e-07	0	0	4	1	1	1
rs4549374	4	15356104	0.3303	0.0097	0.0099	0.3618	0.3618	56306	1417791	0.0381969436203995	T	C	FALSE	0	5.64088493793724e-27	0	0	0	0	0	0
rs4549375	4	15660788	1.915e-06	-0.0517	0.0109	0.2473	0.2473	56306	1417791	0.0381969436203995	A	T	FALSE	0	2.85631817223992e-22	0	0	0	0	0	0
rs4554067	4	14798707	0.8738	-0.002	0.0129	0.1692	0.1692	56306	1417791	0.0381969436203995	T	C	FALSE	0	4.60444091037534e-27	0	0	0	0	0	0
rs4554068	4	15586276	0.1411	-0.0286	0.0194	0.9288	0.0712000000000001	55137	1416823	0.0374582189733417	A	G	FALSE	0	2.00260662448877e-26	0	0	0	0	0	0
rs4554069	4	15662264	1.084e-11	0.0657	0.0097	0.6302	0.3698	56306	1417791	0.0381969436203995	A	G	FALSE	0	2.97208263956827e-17	0	0	0	0	0	0
rs4557256	4	15626647	0.0001608	0.0373	0.0099	0.3486	0.3486	56306	1417791	0.0381969436203995	A	C	FALSE	0	4.1528813064207e-24	0	0	0	0	0	0
rs4568238	4	14769762	0.8775	0.0045	0.0289	0.0333	0.0333	49943	1411643	0.0341704148780845	A	C	FALSE	0	1.02295926544634e-26	0	0	0	0	0	0
rs4569748	4	14832006	0.3259	0.0142	0.0145	0.2177	0.2177	46605	839595	0.0525897088693297	A	G	FALSE	0	8.23542934028572e-27	0	0	0	0	0	0
rs4569749	4	14767297	0.3522	0.0116	0.0125	0.8146	0.1854	56306	1417791	0.0381969436203995	T	C	FALSE	0	6.77064871911278e-27	0	0	0	0	0	0
rs4571326	4	16209053	0.7202	0.0038	0.0105	0.3697	0.3697	49053	1411006	0.0335965875351613	A	T	FALSE	0	3.95589783655734e-27	0	0	0	0	0	0
rs4571327	4	16404425	0.7121	0.0072	0.0195	0.0765	0.0765	49053	1411006	0.0335965875351613	A	T	FALSE	0	7.33831028132075e-27	0	0	0	0	0	0
rs4574401	4	16288680	0.9686	-7e-04	0.0174	0.0963	0.0963	49053	1411006	0.0335965875351613	A	G	FALSE	0	6.1312836692758e-27	0	0	0	0	0	0
rs4574404	4	15228359	0.7228	0.0058	0.0163	0.8814	0.1186	49053	1411006	0.0335965875351613	C	G	FALSE	0	6.11439077494162e-27	0	0	0	0	0	0
rs4575989	4	15392559	0.4606	-0.0073	0.0099	0.643	0.357	56306	1417791	0.0381969436203995	T	C	FALSE	0	4.58324693258529e-27	0	0	0	0	0	0
rs4577572	4	14751518	0.1084	0.0184	0.0115	0.7714	0.2286	56306	1417791	0.0381969436203995	T	C	FALSE	0	1.45323851738377e-26	0	0	0	0	0	0
rs4577573	4	14751560	0.6607	0.0044	0.01	0.6205	0.3795	56306	1417791	0.0381969436203995	A	C	FALSE	0	3.88761668499775e-27	0	0	0	0	0	0
rs4577575	4	16332748	0.6512	0.0046	0.0102	0.4142	0.4142	49053	1411006	0.0335965875351613	T	C	FALSE	0	3.98452372436097e-27	0	0	0	0	0	0
rs4577576	4	16404208	0.7674	-0.0034	0.0115	0.271	0.271	49053	1411006	0.0335965875351613	A	G	FALSE	0	4.23828519981999e-27	0	0	0	0	0	0
rs4579111	4	15244592	0.07007	0.0185	0.0102	0.5756	0.4244	49580	1411478	0.0339343133537478	T	C	FALSE	0	1.85695472657725e-26	0	0	0	0	0	0
rs4580644	4	15785201	3.866e-08	-0.0513	0.0093	0.4922	0.4922	56306	1417791	0.0381969436203995	T	C	FALSE	0	1.28628012525959e-20	0	0	0	0	0	0
rs4583752	4	15699005	0.0005314	-0.0356	0.0103	0.7068	0.2932	56306	1417791	0.0381969436203995	A	G	FALSE	0	1.40523836845463e-24	0	0	0	0	0	0
rs4586928	4	16324991	0.8238	-0.0026	0.0115	0.7467	0.2533	49053	1411006	0.0335965875351613	A	G	FALSE	0	4.16231374224353e-27	0	0	0	0	0	0
rs4588454	4	15728896	5.94e-06	-0.0641	0.0142	0.1284	0.1284	56306	1417791	0.0381969436203995	A	G	FALSE	0	1.26501036843686e-22	0	0	0	0	0	0
rs4590025	4	14786271	0.2977	-0.0278	0.0267	0.0391	0.0391	49053	1411006	0.0335965875351613	T	C	FALSE	0	1.59313325511471e-26	0	0	0	0	0	0
rs4591601	4	15610371	0.00087	-0.0348	0.0105	0.7182	0.2818	56306	1417791	0.0381969436203995	T	C	FALSE	0	8.86293864745158e-25	0	0	0	0	0	0
rs4596231	4	15335664	0.2776	0.0217	0.02	0.0701	0.0701	49053	1411006	0.0335965875351613	C	G	FALSE	0	1.25967998015632e-26	0	0	0	0	0	0
rs4599410	4	15244571	0.07022	0.0184	0.0102	0.5751	0.4249	49580	1411478	0.0339343133537478	T	C	FALSE	0	1.82439849974539e-26	0	0	0	0	0	0
rs4600905	4	15615816	2.169e-06	-0.0514	0.0109	0.2504	0.2504	56306	1417791	0.0381969436203995	T	C	FALSE	0	2.50867095318972e-22	0	0	0	0	0	0
rs4600907	4	14973202	0.8871	-0.0015	0.0102	0.3576	0.3576	56306	1417791	0.0381969436203995	T	C	FALSE	0	3.63924062914521e-27	0	0	0	0	0	0
rs4608807	4	14781704	0.657	-0.0275	0.0618	0.0186	0.0186	35345	1315724	0.0261607660304544	C	G	FALSE	0	2.28416067780173e-26	0	0	0	0	0	0
rs4613560	4	15712402	0.2068	0.0142	0.0112	0.7759	0.2241	56306	1417791	0.0381969436203995	T	C	FALSE	0	8.80630123631205e-27	0	0	0	0	1	1
rs4616746	4	15673098	0.0001272	0.0382	0.01	0.3426	0.3426	56306	1417791	0.0381969436203995	A	G	FALSE	0	5.11147185785155e-24	1	1	0	0	0	0
rs4616747	4	15728772	0.1919	-0.0188	0.0144	0.2005	0.2005	42598	1322509	0.0312048799105125	T	C	FALSE	0	1.18506933585067e-26	0	0	0	0	1	1
rs4618307	4	14851233	0.3091	-0.0123	0.0121	0.7583	0.2417	49053	1411006	0.0335965875351613	T	C	FALSE	0	7.14248678529112e-27	0	0	0	0	0	0
rs4618308	4	14801167	0.4734	-0.0242	0.0337	0.0415	0.0415	35345	1315724	0.0261607660304544	C	G	FALSE	0	1.50912724715156e-26	0	0	0	0	0	0
rs4626196	4	14771746	0.5054	-0.0181	0.0272	0.037	0.037	49053	1411006	0.0335965875351613	T	C	FALSE	0	1.18382962030556e-26	0	0	0	0	0	0
rs4626198	4	14819201	0.1597	0.0177	0.0126	0.2135	0.2135	49053	1411006	0.0335965875351613	A	G	FALSE	0	1.18745165688324e-26	0	0	0	0	0	0
rs4629443	4	15385866	0.383	0.0087	0.0099	0.3547	0.3547	56306	1417791	0.0381969436203995	T	C	FALSE	0	5.13665670971866e-27	0	0	0	0	0	0
rs4631041	4	15673395	0.0001247	0.0382	0.01	0.3429	0.3429	56306	1417791	0.0381969436203995	A	T	FALSE	0	5.11147185785155e-24	4	1	0	0	0	0
rs4631042	4	15712550	8.208e-23	0.0921	0.0094	0.5209	0.4791	56306	1417791	0.0381969436203995	A	C	FALSE	0	2.09295149758382e-06	0	0	3	1	0	0
rs4632653	4	16011204	0.8001	-0.0029	0.0114	0.7519	0.2481	56306	1417791	0.0381969436203995	A	T	FALSE	0	4.15429961541335e-27	0	0	0	0	0	0
rs4634217	4	15816804	0.68	-0.008	0.0194	0.9362	0.0638	56306	1417791	0.0381969436203995	A	G	FALSE	0	7.42404479859392e-27	0	0	0	0	0	0
rs4635813	4	14782441	0.9613	-0.0051	0.1042	0.0237	0.0237	26421	442271	0.056371775067635	A	G	FALSE	0	3.26903449969458e-26	0	0	0	0	0	0
rs4635814	4	16151148	0.8155	0.0039	0.0168	0.1025	0.1025	49053	1411006	0.0335965875351613	A	G	FALSE	0	6.07705784167518e-27	0	0	0	0	0	0
rs4639064	4	15245416	0.0779	0.0181	0.0103	0.5787	0.4213	49580	1411478	0.0339343133537478	C	G	FALSE	0	1.69565721877192e-26	0	0	0	0	0	0
rs4640665	4	15388627	0.4345	0.0078	0.0099	0.3562	0.3562	56306	1417791	0.0381969436203995	A	C	FALSE	0	4.76277279109268e-27	0	0	0	0	0	0
rs4642240	4	14805082	0.4841	-0.02	0.0286	0.0356	0.0356	49053	1411006	0.0335965875351613	A	C	FALSE	0	1.27151897334643e-26	0	0	0	0	0	0
rs4642244	4	15695729	0.009628	-0.033	0.0127	0.7058	0.2942	42598	1322509	0.0312048799105125	T	G	FALSE	0	1.29261809520519e-25	0	0	0	0	0	0
rs4698086	4	14751034	0.6078	-0.0052	0.01	0.383	0.383	56306	1417791	0.0381969436203995	T	C	FALSE	0	4.0394176352419e-27	0	0	0	0	0	0
rs4698087	4	14771150	0.5001	0.0184	0.0272	0.963	0.037	49053	1411006	0.0335965875351613	A	G	FALSE	0	1.19246248445093e-26	0	0	0	0	0	0
rs4698088	4	14774025	0.7865	0.0093	0.0342	0.9631	0.0369	35345	1315724	0.0261607660304544	A	T	FALSE	0	1.23497814461876e-26	0	0	0	0	0	0
rs4698089	4	14785624	0.1803	-0.0144	0.0108	0.2694	0.2694	56306	1417791	0.0381969436203995	A	G	FALSE	0	9.24696802820718e-27	0	0	0	0	0	0
rs4698092	4	15014996	0.7134	0.0138	0.0375	0.9811	0.0189	49053	1411006	0.0335965875351613	T	C	FALSE	0	1.39068027305866e-26	0	0	0	0	0	0
rs4698093	4	15097194	0.1264	-0.0146	0.0095	0.4596	0.4596	56306	1417791	0.0381969436203995	A	G	FALSE	0	1.08954939748817e-26	0	0	0	0	0	0
rs4698094	4	15097547	0.1267	0.0146	0.0096	0.5396	0.4604	56306	1417791	0.0381969436203995	A	T	FALSE	0	1.07437275271213e-26	0	0	0	0	0	0
rs4698097	4	15248903	0.08136	0.0179	0.0102	0.5755	0.4245	49580	1411478	0.0339343133537478	T	C	FALSE	0	1.67238468516542e-26	0	0	0	0	0	0
rs4698098	4	15248952	0.9614	0.0013	0.0273	0.9616	0.0384	49053	1411006	0.0335965875351613	T	C	FALSE	0	9.57035584838339e-27	0	0	0	0	0	0
rs4698099	4	15254870	0.5236	0.0065	0.0101	0.5819	0.4181	49580	1411478	0.0339343133537478	T	G	FALSE	0	4.38295746564366e-27	0	0	0	0	0	0
rs4698102	4	15296834	0.3056	-0.0304	0.0296	0.9678	0.0322	49053	1411006	0.0335965875351613	T	C	FALSE	0	1.73385004596551e-26	0	0	0	0	0	0
rs4698103	4	15379272	0.3846	0.0086	0.0099	0.3547	0.3547	56306	1417791	0.0381969436203995	A	C	FALSE	0	5.09163177853906e-27	0	0	0	0	0	0
rs4698104	4	15379307	0.438	-0.0078	0.01	0.6454	0.3546	56306	1417791	0.0381969436203995	A	G	FALSE	0	4.78114035243579e-27	0	0	0	0	0	0
rs4698105	4	15396053	0.155	0.0387	0.0272	0.9653	0.0347	56306	1417791	0.0381969436203995	T	C	FALSE	0	2.57322456001203e-26	0	0	0	0	0	0
rs4698106	4	15396054	0.1289	-0.0421	0.0277	0.0338	0.0338	56306	1417791	0.0381969436203995	A	G	FALSE	0	3.01165703881733e-26	0	0	0	0	0	0
rs4698107	4	15414012	0.09121	-0.0423	0.0251	0.0376	0.0376	56306	1417791	0.0381969436203995	A	G	FALSE	0	3.56227580282761e-26	0	0	0	0	0	0
rs4698108	4	15414125	0.09123	0.0423	0.0251	0.9624	0.0376	56306	1417791	0.0381969436203995	A	G	FALSE	0	3.56227580282761e-26	0	0	0	0	0	0
rs4698109	4	15434753	0.3208	0.0109	0.011	0.2631	0.2631	56306	1417791	0.0381969436203995	A	T	FALSE	0	6.33288475056336e-27	0	0	0	0	0	0
rs4698110	4	15454278	0.3836	0.0129	0.0148	0.1233	0.1233	56306	1417791	0.0381969436203995	A	T	FALSE	0	7.61097295316363e-27	0	0	0	0	0	0
rs4698112	4	15487432	0.9177	-0.001	0.0096	0.578	0.422	56306	1417791	0.0381969436203995	A	G	FALSE	0	3.40732094403048e-27	0	0	0	0	0	0
rs4698113	4	15507168	0.007905	-0.0361	0.0136	0.1431	0.1431	56306	1417791	0.0381969436203995	C	G	FALSE	0	1.59876224648588e-25	0	0	0	0	0	0
rs4698114	4	15537712	0.2171	0.012	0.0097	0.3992	0.3992	56306	1417791	0.0381969436203995	T	G	FALSE	0	7.34692006487305e-27	0	0	0	0	0	0
rs4698116	4	15616403	1.543e-06	-0.0521	0.0109	0.2486	0.2486	56306	1417791	0.0381969436203995	A	G	FALSE	0	3.39990927252571e-22	0	0	0	0	0	0
rs4698117	4	15616481	0.008492	-0.0341	0.013	0.7163	0.2837	42598	1322509	0.0312048799105125	T	C	FALSE	0	1.40968243754553e-25	0	0	0	0	0	0
rs4698119	4	15738795	4.32e-15	-0.0796	0.0101	0.308	0.308	56306	1417791	0.0381969436203995	A	G	FALSE	0	1.01261309180123e-13	0	0	0	0	1	1
rs4698120	4	15743332	1.639e-18	-0.0847	0.0096	0.436	0.436	56306	1417791	0.0381969436203995	T	C	FALSE	0	2.48190434378718e-10	0	0	2	1	1	1
rs4698121	4	15818863	0.3416	0.0119	0.0125	0.1688	0.1688	56306	1417791	0.0381969436203995	T	C	FALSE	0	6.92452268156965e-27	0	0	0	0	0	0
rs4698122	4	15840431	0.3995	0.0106	0.0126	0.168	0.168	56306	1417791	0.0381969436203995	C	G	FALSE	0	6.32231730569702e-27	0	0	0	0	0	0
rs4698123	4	15840444	0.4144	-0.0103	0.0126	0.8322	0.1678	56306	1417791	0.0381969436203995	T	G	FALSE	0	6.19918034445246e-27	0	0	0	0	0	0
rs4698124	4	15861353	0.008392	-0.0325	0.0123	0.7842	0.2158	56306	1417791	0.0381969436203995	A	G	FALSE	0	1.40509023701535e-25	0	0	0	0	0	0
rs4698125	4	15861800	0.008776	-0.0321	0.0123	0.7813	0.2187	56306	1417791	0.0381969436203995	T	G	FALSE	0	1.29049311693976e-25	0	0	0	0	0	0
rs4698127	4	15957796	0.8958	-0.0017	0.0131	0.1551	0.1551	56306	1417791	0.0381969436203995	A	G	FALSE	0	4.65879585394208e-27	0	0	0	0	0	0
rs4698128	4	15958096	0.9499	8e-04	0.0131	0.8458	0.1542	56306	1417791	0.0381969436203995	T	C	FALSE	0	4.6284843353388e-27	0	0	0	0	0	0
rs4698129	4	15959348	0.9664	6e-04	0.0131	0.8461	0.1539	56306	1417791	0.0381969436203995	T	C	FALSE	0	4.62472605981619e-27	0	0	0	0	0	0
rs4698130	4	15973974	0.65	-0.0045	0.0099	0.4578	0.4578	56306	1417791	0.0381969436203995	A	G	FALSE	0	3.87391431027443e-27	0	0	0	0	0	0
rs4698131	4	15992802	0.2897	0.0502	0.0474	0.9876	0.0124	49053	1411006	0.0335965875351613	A	G	FALSE	0	2.7721003596656e-26	0	0	0	0	0	0
rs4698132	4	15997724	0.7768	-0.0086	0.0303	0.0299	0.0299	49053	1411006	0.0335965875351613	A	T	FALSE	0	1.10130161827221e-26	0	0	0	0	0	0
rs4698133	4	15999666	0.2818	0.052	0.0483	0.9885	0.0115	49053	1411006	0.0335965875351613	C	G	FALSE	0	2.86912300418288e-26	0	0	0	0	0	0
rs4698134	4	16077808	0.8252	0.0031	0.0138	0.8417	0.1583	49053	1411006	0.0335965875351613	A	G	FALSE	0	4.98935311569599e-27	0	0	0	0	0	0
rs4698135	4	16077907	0.8115	-0.0033	0.0138	0.1585	0.1585	49053	1411006	0.0335965875351613	T	C	FALSE	0	5.00606901596333e-27	0	0	0	0	0	0
rs4698136	4	16077997	0.8493	-0.0026	0.0138	0.1596	0.1596	49053	1411006	0.0335965875351613	A	G	FALSE	0	4.95233434224855e-27	0	0	0	0	0	0
rs4698138	4	16209716	0.7332	0.0035	0.0104	0.3769	0.3769	49053	1411006	0.0335965875351613	A	C	FALSE	0	3.88387366492216e-27	0	0	0	0	0	0
rs4698139	4	16254973	0.8008	-0.0036	0.0141	0.1558	0.1558	49053	1411006	0.0335965875351613	T	C	FALSE	0	5.1347420018451e-27	0	0	0	0	0	0
rs4698140	4	16386997	0.4586	0.0101	0.0136	0.8354	0.1646	49053	1411006	0.0335965875351613	T	C	FALSE	0	6.31013599612165e-27	0	0	0	0	0	0
rs4698143	4	16410112	0.6984	-0.0054	0.0139	0.1678	0.1678	48923	1410792	0.0335154465083938	T	C	FALSE	0	5.28292409411398e-27	0	0	0	0	0	0
rs4698144	4	16410511	0.5099	0.0068	0.0103	0.5626	0.4374	49053	1411006	0.0335965875351613	A	T	FALSE	0	4.51801286246346e-27	0	0	0	0	0	0
rs4698145	4	16410528	0.459	0.0076	0.0103	0.5636	0.4364	49053	1411006	0.0335965875351613	A	G	FALSE	0	4.7694079145114e-27	0	0	0	0	0	0
rs4698147	4	16441904	0.8945	0.0024	0.0182	0.8752	0.1248	49053	1411006	0.0335965875351613	A	G	FALSE	0	6.4612472589617e-27	0	0	0	0	0	0
rs4698148	4	16443928	0.6381	0.005	0.0106	0.6562	0.3438	49053	1411006	0.0335965875351613	T	C	FALSE	0	4.17991301499259e-27	0	0	0	0	0	0
rs4698149	4	16447313	0.7445	-0.0033	0.0102	0.5962	0.4038	49053	1411006	0.0335965875351613	A	G	FALSE	0	3.79312346544935e-27	0	0	0	0	0	0
rs4698152	4	16453753	0.711	0.0051	0.0137	0.8286	0.1714	49053	1411006	0.0335965875351613	A	G	FALSE	0	5.17542991401905e-27	0	0	0	0	0	0
rs4698154	4	16526794	0.8309	-0.0022	0.0102	0.4968	0.4968	49053	1411006	0.0335965875351613	T	G	FALSE	0	3.68470285572843e-27	0	0	0	0	0	0
rs4698155	4	16614800	0.1004	0.0218	0.0133	0.3775	0.3775	35345	1315724	0.0261607660304544	A	T	FALSE	0	1.78653875328592e-26	0	0	0	0	0	0
rs4698288	4	14749402	0.69	0.0039	0.0099	0.6204	0.3796	56306	1417791	0.0381969436203995	T	C	FALSE	0	3.77581641990201e-27	0	0	0	0	0	0
rs4698290	4	14775766	0.3404	-0.0253	0.0266	0.0392	0.0392	49053	1411006	0.0335965875351613	A	G	FALSE	0	1.45342085044859e-26	0	0	0	0	0	0
rs4698291	4	14789798	0.3972	-0.012	0.0142	0.2333	0.2333	42598	1322509	0.0312048799105125	C	G	FALSE	0	7.14140738855701e-27	0	0	0	0	0	0
rs4698294	4	14799946	0.4142	-0.0236	0.0288	0.0358	0.0358	49053	1411006	0.0335965875351613	A	G	FALSE	0	1.3998336280731e-26	0	0	0	0	0	0
rs4698295	4	14812935	0.1892	0.0165	0.0126	0.2075	0.2075	49053	1411006	0.0335965875351613	T	C	FALSE	0	1.04400973839028e-26	0	0	0	0	0	0
rs4698297	4	14854246	0.4265	0.0133	0.0167	0.1274	0.1274	49053	1411006	0.0335965875351613	A	C	FALSE	0	8.05886006061074e-27	0	0	0	0	0	0
rs4698298	4	14863504	0.07535	-0.0224	0.0126	0.7888	0.2112	49053	1411006	0.0335965875351613	T	C	FALSE	0	2.14476908446005e-26	0	0	0	0	0	0
rs4698299	4	14863713	0.06848	-0.0228	0.0125	0.7885	0.2115	49053	1411006	0.0335965875351613	T	C	FALSE	0	2.31199445223616e-26	0	0	0	0	0	0
rs4698300	4	14864246	0.0575	-0.022	0.0116	0.7409	0.2591	49053	1411006	0.0335965875351613	T	C	FALSE	0	2.45730782144676e-26	0	0	0	0	0	0
rs4698301	4	14867462	0.1536	-0.0172	0.012	0.2449	0.2449	49053	1411006	0.0335965875351613	T	G	FALSE	0	1.17817109004109e-26	0	0	0	0	0	0
rs4698302	4	14872771	0.3992	0.0086	0.0102	0.4072	0.4072	49053	1411006	0.0335965875351613	A	G	FALSE	0	5.13206472365535e-27	0	0	0	0	0	0
rs4698303	4	14872811	0.09599	0.0225	0.0135	0.8331	0.1669	49053	1411006	0.0335965875351613	T	C	FALSE	0	1.89709191638957e-26	0	0	0	0	0	0
rs4698304	4	14960002	0.2375	-0.0117	0.0099	0.5447	0.4553	56306	1417791	0.0381969436203995	T	G	FALSE	0	7.01360848862627e-27	0	0	0	0	0	0
rs4698305	4	14970645	0.8357	-0.0078	0.0378	0.0186	0.0186	49053	1411006	0.0335965875351613	A	G	FALSE	0	1.33994942516708e-26	0	0	0	0	0	0
rs4698307	4	14978435	0.7966	-0.0097	0.0377	0.0186	0.0186	49053	1411006	0.0335965875351613	A	G	FALSE	0	1.35186173838528e-26	0	0	0	0	0	0
rs4698308	4	14988190	0.8868	-0.0057	0.0398	0.0176	0.0176	49053	1411006	0.0335965875351613	T	C	FALSE	0	1.39323604422406e-26	0	0	0	0	0	0
rs4698309	4	15083036	0.5555	0.0221	0.0375	0.981	0.019	49053	1411006	0.0335965875351613	A	G	FALSE	0	1.54055045841509e-26	0	0	0	0	0	0
rs4698314	4	15097567	0.5445	-0.0218	0.036	0.0214	0.0214	49053	1411006	0.0335965875351613	T	C	FALSE	0	1.49553871194755e-26	0	0	0	0	0	0
rs4698315	4	15105312	0.5426	-0.0061	0.0101	0.6573	0.3427	56306	1417791	0.0381969436203995	C	G	FALSE	0	4.27627839005121e-27	0	0	0	0	0	0
rs4698316	4	15123155	0.007224	0.0451	0.0168	0.902	0.098	56306	1417791	0.0381969436203995	C	G	FALSE	0	2.11844257595171e-25	0	0	0	0	0	0
rs4698322	4	15217851	0.5898	0.0074	0.0137	0.1595	0.1595	49053	1411006	0.0335965875351613	T	C	FALSE	0	5.58538726714554e-27	0	0	0	0	0	0
rs4698323	4	15219683	0.4068	0.0198	0.0239	0.0555	0.0555	49053	1411006	0.0335965875351613	A	G	FALSE	0	1.17637718595966e-26	0	0	0	0	0	0
rs4698325	4	15222437	0.7877	0.0037	0.0139	0.1534	0.1534	49053	1411006	0.0335965875351613	A	G	FALSE	0	5.07658116416986e-27	0	0	0	0	0	0
rs4698328	4	15243656	0.0582	0.0193	0.0102	0.5758	0.4242	49580	1411478	0.0339343133537478	A	G	FALSE	0	2.14660946113118e-26	0	0	0	0	0	0
rs4698329	4	15243781	0.06193	-0.0189	0.0101	0.4247	0.4247	49580	1411478	0.0339343133537478	T	C	FALSE	0	2.0441495957381e-26	0	0	0	0	0	0
rs4698330	4	15243928	0.8914	0.0037	0.0272	0.9616	0.0384	49053	1411006	0.0335965875351613	A	C	FALSE	0	9.6122514526813e-27	0	0	0	0	0	0
rs4698331	4	15249134	0.07918	-0.018	0.0103	0.4235	0.4235	49580	1411478	0.0339343133537478	A	G	FALSE	0	1.66712661524949e-26	0	0	0	0	0	0
rs4698332	4	15249549	0.07466	-0.0185	0.0104	0.4213	0.4213	49580	1411478	0.0339343133537478	T	C	FALSE	0	1.77828924751439e-26	0	0	0	0	0	0
rs4698344	4	15301450	0.3833	-0.0261	0.03	0.9694	0.0306	49053	1411006	0.0335965875351613	T	C	FALSE	0	1.51817699502829e-26	0	0	0	0	0	0
rs4698346	4	15308805	0.2383	0.0354	0.03	0.0302	0.0302	49580	1411478	0.0339343133537478	T	C	FALSE	0	2.07149012594278e-26	0	0	0	0	0	0
rs4698348	4	15309873	0.1359	0.2918	0.1957	0.964	0.036	17566	98291	0.151617942808807	T	C	FALSE	0	8.72302516666772e-26	0	0	0	0	0	0
rs4698348	4	15309873	0.1359	0.2918	0.1957	0.964	0.036	17566	98291	0.151617942808807	T	C	FALSE	0	8.72302516666772e-26	0	0	0	0	0	0
rs4698348	4	15309873	0.1359	0.2918	0.1957	0.964	0.036	17566	98291	0.151617942808807	T	C	FALSE	0	8.72302516666772e-26	0	0	0	0	0	0
rs4698348	4	15309873	0.1359	0.2918	0.1957	0.964	0.036	17566	98291	0.151617942808807	T	C	FALSE	0	8.72302516666772e-26	0	0	0	0	0	0
rs4698351	4	15312558	0.2376	0.0355	0.0301	0.03	0.03	49580	1411478	0.0339343133537478	T	C	FALSE	0	2.07660149167373e-26	0	0	0	0	0	0
rs4698352	4	15327483	0.1823	0.0401	0.0301	0.0298	0.0298	49580	1411478	0.0339343133537478	A	G	FALSE	0	2.50527961379777e-26	0	0	0	0	0	0
rs4698353	4	15327494	0.1821	0.0401	0.0301	0.0298	0.0298	49580	1411478	0.0339343133537478	T	C	FALSE	0	2.50527961379777e-26	0	0	0	0	0	0
rs4698354	4	15327853	0.1834	0.04	0.0301	0.0298	0.0298	49580	1411478	0.0339343133537478	T	C	FALSE	0	2.49447372962713e-26	0	0	0	0	0	0
rs4698355	4	15327914	0.2006	-0.0398	0.0311	0.9713	0.0287	49580	1411478	0.0339343133537478	T	C	FALSE	0	2.41600474483201e-26	0	0	0	0	0	0
rs4698356	4	15327951	0.193	0.0405	0.0311	0.0287	0.0287	49580	1411478	0.0339343133537478	A	C	FALSE	0	2.48553272533307e-26	0	0	0	0	0	0
rs4698357	4	15328177	0.1769	0.0406	0.0301	0.0298	0.0298	49580	1411478	0.0339343133537478	C	G	FALSE	0	2.56042974337483e-26	0	0	0	0	0	0
rs4698358	4	15329547	0.1575	-0.0437	0.0309	0.9712	0.0288000000000001	49580	1411478	0.0339343133537478	A	G	FALSE	0	2.8662348772756e-26	0	0	0	0	0	0
rs4698359	4	15329786	0.1846	-0.0399	0.0301	0.9702	0.0298000000000001	49580	1411478	0.0339343133537478	T	C	FALSE	0	2.48374126061276e-26	0	0	0	0	0	0
rs4698360	4	15329960	0.1826	-0.0401	0.0301	0.9703	0.0297	49580	1411478	0.0339343133537478	T	C	FALSE	0	2.50527961379777e-26	0	0	0	0	0	0
rs4698361	4	15329971	0.1938	0.039	0.03	0.0305	0.0305	49580	1411478	0.0339343133537478	T	C	FALSE	0	2.39598372647243e-26	0	0	0	0	0	0
rs4698362	4	15329996	0.2632	-0.0218	0.0195	0.9275	0.0725	49053	1411006	0.0335965875351613	T	C	FALSE	0	1.27381946742319e-26	0	0	0	0	0	0
rs4698363	4	15331453	0.1853	-0.0398	0.0301	0.9703	0.0297	49580	1411478	0.0339343133537478	T	C	FALSE	0	2.47308165971336e-26	0	0	0	0	0	0
rs4698365	4	15331799	0.1871	-0.0397	0.0301	0.9703	0.0297	49580	1411478	0.0339343133537478	C	G	FALSE	0	2.46249438459265e-26	0	0	0	0	0	0
rs4698366	4	15333463	0.1664	0.0416	0.0301	0.0297	0.0297	49580	1411478	0.0339343133537478	A	G	FALSE	0	2.67656460461052e-26	0	0	0	0	0	0
rs4698367	4	15333605	0.1619	-0.0428	0.0306	0.9708	0.0292	49580	1411478	0.0339343133537478	A	G	FALSE	0	2.78025567782229e-26	0	0	0	0	0	0
rs4698369	4	15334324	0.1935	-0.0392	0.0301	0.9703	0.0297	49580	1411478	0.0339343133537478	A	G	FALSE	0	2.41062423780128e-26	0	0	0	0	0	0
rs4698370	4	15338944	0.2996	-0.038	0.0367	0.9719	0.0281	49580	1411478	0.0339343133537478	A	C	FALSE	0	2.14281743504005e-26	0	0	0	0	0	0
rs4698371	4	15338976	0.3561	0.0125	0.0136	0.252	0.252	37688	981372	0.0369831020744608	T	C	FALSE	0	7.30171058208018e-27	0	0	0	0	0	0
rs4698372	4	15363727	0.3478	0.0093	0.0099	0.358	0.358	56306	1417791	0.0381969436203995	A	G	FALSE	0	5.42687884836548e-27	0	0	0	0	0	0
rs4698373	4	15368962	0.3909	-0.0085	0.0099	0.6415	0.3585	56306	1417791	0.0381969436203995	C	G	FALSE	0	5.04751522468128e-27	0	0	0	0	0	0
rs4698374	4	15374686	0.2741	-0.011	0.0101	0.6391	0.3609	55137	1416823	0.0374582189733417	T	C	FALSE	0	6.44131953242155e-27	0	0	0	0	0	0
rs4698375	4	15379840	0.432	0.0079	0.01	0.3546	0.3546	56306	1417791	0.0381969436203995	T	C	FALSE	0	4.81872567075409e-27	0	0	0	0	0	0
rs4698376	4	15387226	0.9991	0	0.0173	0.9123	0.0877	56306	1417791	0.0381969436203995	A	C	FALSE	0	6.09141461229685e-27	0	0	0	0	0	0
rs4698377	4	15387646	0.9076	0.0017	0.0145	0.8584	0.1416	55137	1416823	0.0374582189733417	A	G	FALSE	0	5.14623447769831e-27	0	0	0	0	0	0
rs4698378	4	15388030	0.4432	0.0076	0.0099	0.3559	0.3559	56306	1417791	0.0381969436203995	T	C	FALSE	0	4.68870179466834e-27	0	0	0	0	0	0
rs4698379	4	15390324	0.4721	0.0071	0.0099	0.3546	0.3546	56306	1417791	0.0381969436203995	A	G	FALSE	0	4.51656260031887e-27	0	0	0	0	0	0
rs4698380	4	15396111	0.1482	-0.0378	0.0261	0.0355	0.0355	56306	1417791	0.0381969436203995	T	C	FALSE	0	2.56510108891224e-26	0	0	0	0	0	0
rs4698381	4	15403710	0.05915	0.0476	0.0252	0.9626	0.0374	56306	1417791	0.0381969436203995	A	G	FALSE	0	5.11591117220976e-26	0	0	0	0	0	0
rs4698382	4	15431902	0.302	-0.0154	0.0149	0.8756	0.1244	55137	1416823	0.0374582189733417	A	G	FALSE	0	8.93223590255319e-27	0	0	0	0	0	0
rs4698383	4	15460472	0.1036	0.0414	0.0254	0.9635	0.0365	56306	1417791	0.0381969436203995	T	C	FALSE	0	3.29136439894874e-26	0	0	0	0	0	0
rs4698384	4	15465434	0.09322	0.0427	0.0254	0.9635	0.0365	56306	1417791	0.0381969436203995	A	C	FALSE	0	3.57758566127988e-26	0	0	0	0	0	0
rs4698386	4	15478854	0.2685	-0.0106	0.0095	0.4475	0.4475	56306	1417791	0.0381969436203995	A	T	FALSE	0	6.24110791452288e-27	0	0	0	0	0	0
rs4698387	4	15483090	0.3962	0.0083	0.0097	0.3847	0.3847	56306	1417791	0.0381969436203995	A	G	FALSE	0	4.93364830764191e-27	0	0	0	0	0	0
rs4698389	4	15492750	0.2935	-0.025	0.0238	0.0435	0.0435	56306	1417791	0.0381969436203995	C	G	FALSE	0	1.43901455382607e-26	0	0	0	0	0	0
rs4698390	4	15493755	0.003248	-0.0417	0.0142	0.1295	0.1295	56306	1417791	0.0381969436203995	T	C	FALSE	0	3.65354974760468e-25	0	0	0	0	0	0
rs4698392	4	15509387	0.004512	-0.0385	0.0136	0.1417	0.1417	56306	1417791	0.0381969436203995	A	G	FALSE	0	2.58829297288691e-25	0	0	0	0	0	0
rs4698395	4	15530124	0.5496	0.0058	0.0098	0.3886	0.3886	56306	1417791	0.0381969436203995	A	C	FALSE	0	4.11978191268125e-27	0	0	0	0	0	0
rs4698396	4	15532864	0.3752	-0.0299	0.0337	0.0225	0.0225	56306	1417791	0.0381969436203995	A	G	FALSE	0	1.72210361784331e-26	0	0	0	0	0	0
rs4698397	4	15534713	0.3074	-0.0343	0.0336	0.0227	0.0227	56306	1417791	0.0381969436203995	A	G	FALSE	0	1.94385552265928e-26	0	0	0	0	0	0
rs4698402	4	15629803	0.001374	-0.0392	0.0123	0.6514	0.3486	42598	1322509	0.0312048799105125	A	G	FALSE	0	6.83301164504351e-25	0	0	0	0	0	0
rs4698403	4	15629827	0.001131	-0.0342	0.0105	0.7205	0.2795	56306	1417791	0.0381969436203995	T	G	FALSE	0	7.34955201428475e-25	0	0	0	0	0	0
rs4698404	4	15640526	0.0001869	0.0369	0.0099	0.3501	0.3501	56306	1417791	0.0381969436203995	A	G	FALSE	0	3.57069179134558e-24	0	0	0	0	0	0
rs4698405	4	15640577	0.001176	0.0339	0.0104	0.2841	0.2841	56306	1417791	0.0381969436203995	T	C	FALSE	0	7.34049531705181e-25	0	0	0	0	0	0
rs4698406	4	15640617	6.396e-05	0.0398	0.0099	0.3463	0.3463	56306	1417791	0.0381969436203995	A	G	FALSE	0	1.10752947209757e-23	0	0	0	0	0	0
rs4698407	4	15647329	0.0001589	0.0374	0.0099	0.3503	0.3503	56306	1417791	0.0381969436203995	T	C	FALSE	0	4.31379312965351e-24	0	0	0	0	0	0
rs4698408	4	15659048	0.001014	-0.0342	0.0104	0.7175	0.2825	56306	1417791	0.0381969436203995	A	G	FALSE	0	8.06549473430037e-25	0	0	0	0	0	0
rs4698409	4	15659766	0.0001002	-0.0384	0.0099	0.6449	0.3551	56306	1417791	0.0381969436203995	A	G	FALSE	0	6.34436897996449e-24	0	0	0	0	0	0
rs4698412	4	15737348	2.058e-28	0.1035	0.0094	0.5529	0.4471	56306	1417791	0.0381969436203995	A	G	TRUE	1	0.614577530804906	0	0	0	0.000131379199271975	1	1
rs4698413	4	15737882	3.849e-28	0.1031	0.0094	0.5545	0.4455	56306	1417791	0.0381969436203995	T	C	FALSE	0	0.385419904215271	0	0	1	0.999868620800728	0	0
rs4698414	4	15738973	0.2507	-0.0166	0.0144	0.1979	0.1979	42598	1322509	0.0312048799105125	A	G	FALSE	0	9.83124426702897e-27	0	0	0	0	0	2.50225e-167
rs4698415	4	15743391	0.03433	-0.0244	0.0115	0.2086	0.2086	56306	1417791	0.0381969436203995	T	C	FALSE	0	3.82471354060957e-26	0	0	0	0	0	0
rs4698416	4	15758954	0.2859	-0.0113	0.0106	0.2779	0.2779	56306	1417791	0.0381969436203995	A	G	FALSE	0	6.5928061627585e-27	0	0	0	0	0	0
rs4698417	4	15769651	0.9962	0	0.0094	0.4513	0.4513	56306	1417791	0.0381969436203995	A	T	FALSE	0	3.31848198026601e-27	0	0	0	0	0	0
rs4698418	4	15818916	0.3381	-0.012	0.0125	0.8312	0.1688	56306	1417791	0.0381969436203995	A	G	FALSE	0	6.97747681844942e-27	0	0	0	0	0	0
rs4698419	4	15818988	0.3466	0.0118	0.0125	0.1688	0.1688	56306	1417791	0.0381969436203995	T	C	FALSE	0	6.87240853807328e-27	0	0	0	0	0	0
rs4698420	4	15820180	0.09286	0.0174	0.0103	0.7021	0.2979	56306	1417791	0.0381969436203995	A	G	FALSE	0	1.50872159586684e-26	0	0	0	0	0	0
rs4698421	4	15824974	0.3708	0.0112	0.0125	0.1683	0.1683	56306	1417791	0.0381969436203995	T	C	FALSE	0	6.57665634133228e-27	0	0	0	0	0	0
rs4698422	4	15829205	0.3848	-0.011	0.0127	0.8347	0.1653	56306	1417791	0.0381969436203995	T	G	FALSE	0	6.50834554208035e-27	0	0	0	0	0	0
rs4698425	4	15916834	0.3373	-0.0154	0.0161	0.1486	0.1486	50455	1411925	0.0345019762305283	A	T	FALSE	0	8.9353216075575e-27	0	0	0	0	0	0
rs4698426	4	15922722	0.9176	-0.0013	0.0121	0.3403	0.3403	50455	1411925	0.0345019762305283	A	T	FALSE	0	4.29319031895374e-27	0	0	0	0	0	0
rs4698427	4	15946932	0.9267	0.0012	0.0133	0.8471	0.1529	56306	1417791	0.0381969436203995	C	G	FALSE	0	4.70916790341343e-27	0	0	0	0	0	0
rs4698429	4	15957763	0.7963	0.0033	0.0129	0.8404	0.1596	56306	1417791	0.0381969436203995	A	G	FALSE	0	4.70035184143558e-27	0	0	0	0	0	0
rs4698430	4	15958701	0.3158	-0.0101	0.0101	0.3861	0.3861	56306	1417791	0.0381969436203995	T	G	FALSE	0	5.87021392377816e-27	0	0	0	0	0	0
rs4698431	4	15961555	0.3066	-0.0103	0.0101	0.3831	0.3831	56306	1417791	0.0381969436203995	A	G	FALSE	0	5.9884837261783e-27	0	0	0	0	0	0
rs4698432	4	15964763	0.3654	-0.0092	0.0102	0.3843	0.3843	55137	1416823	0.0374582189733417	T	C	FALSE	0	5.40163301319623e-27	0	0	0	0	0	0
rs4698433	4	15964863	0.3047	-0.0103	0.01	0.3834	0.3834	56306	1417791	0.0381969436203995	T	G	FALSE	0	5.99163824288466e-27	0	0	0	0	0	0
rs4698434	4	15968574	0.7785	-0.0028	0.0098	0.4567	0.4567	56306	1417791	0.0381969436203995	T	C	FALSE	0	3.60313003524864e-27	0	0	0	0	0	0
rs4698435	4	15973786	0.7423	-0.0089	0.0271	0.9577	0.0423	49053	1411006	0.0335965875351613	C	G	FALSE	0	1.00070842275225e-26	0	0	0	0	0	0
rs4698436	4	15992831	0.2862	-0.0505	0.0474	0.0123	0.0123	49053	1411006	0.0335965875351613	T	C	FALSE	0	2.78980236866538e-26	0	0	0	0	0	0
rs4698437	4	15993488	0.987	-5e-04	0.0305	0.0304	0.0304	49053	1411006	0.0335965875351613	A	G	FALSE	0	1.06575020929473e-26	0	0	0	0	0	0
rs4698438	4	16000887	0.2758	-0.0526	0.0483	0.0116	0.0116	49053	1411006	0.0335965875351613	C	G	FALSE	0	2.90582187930704e-26	0	0	0	0	0	0
rs4698442	4	16049379	0.7334	-0.0049	0.0143	0.8532	0.1468	49053	1411006	0.0335965875351613	T	C	FALSE	0	5.34424023142244e-27	0	0	0	0	0	0
rs4698443	4	16053486	0.1223	0.0302	0.0195	0.0705	0.0705	56306	1417791	0.0381969436203995	A	G	FALSE	0	2.2500900362037e-26	0	0	0	0	0	0
rs4698444	4	16053534	0.1067	-0.0316	0.0196	0.9284	0.0716	55137	1416823	0.0374582189733417	A	G	FALSE	0	2.49769914035925e-26	0	0	0	0	0	0
rs4698445	4	16065723	0.1536	0.0249	0.0174	0.0867	0.0867	56306	1417791	0.0381969436203995	A	G	FALSE	0	1.69257974325839e-26	0	0	0	0	0	0
rs4698447	4	16078052	0.8358	0.0027	0.0131	0.1841	0.1841	49053	1411006	0.0335965875351613	A	G	FALSE	0	4.7186465708204e-27	0	0	0	0	0	0
rs4698448	4	16082308	0.221	-0.0156	0.0128	0.1959	0.1959	49053	1411006	0.0335965875351613	A	T	FALSE	0	9.45882889898886e-27	0	0	0	0	0	0
rs4698451	4	16109602	0.4154	0.0093	0.0114	0.5638	0.4362	49053	1411006	0.0335965875351613	A	G	FALSE	0	5.6045072141651e-27	0	0	0	0	0	0
rs4698452	4	16114846	0.6159	-0.0051	0.0102	0.4533	0.4533	49053	1411006	0.0335965875351613	C	G	FALSE	0	4.07824057267868e-27	0	0	0	0	0	0
rs4698453	4	16115024	0.6069	-0.0052	0.0102	0.4538	0.4538	49053	1411006	0.0335965875351613	A	G	FALSE	0	4.0984253577139e-27	0	0	0	0	0	0
rs4698454	4	16115118	0.6175	-0.006	0.0119	0.25	0.25	49053	1411006	0.0335965875351613	A	G	FALSE	0	4.76517228154319e-27	0	0	0	0	0	0
rs4698455	4	16117046	0.5716	0.0057	0.0101	0.5462	0.4538	49053	1411006	0.0335965875351613	T	G	FALSE	0	4.17872827345605e-27	0	0	0	0	0	0
rs4698456	4	16203238	0.6621	0.005	0.0115	0.7095	0.2905	49053	1411006	0.0335965875351613	T	C	FALSE	0	4.45846332855494e-27	0	0	0	0	0	0
rs4698457	4	16216945	0.7322	0.0035	0.0103	0.3764	0.3764	49053	1411006	0.0335965875351613	A	C	FALSE	0	3.85088056884539e-27	0	0	0	0	0	0
rs4698461	4	16282215	0.87	-0.0017	0.0106	0.3315	0.3315	49053	1411006	0.0335965875351613	T	G	FALSE	0	3.78928342350666e-27	0	0	0	0	0	0
rs4698462	4	16282291	0.8674	0.0018	0.0106	0.6683	0.3317	49053	1411006	0.0335965875351613	A	G	FALSE	0	3.79517324980613e-27	0	0	0	0	0	0
rs4698463	4	16285206	0.9639	5e-04	0.0106	0.3376	0.3376	49053	1411006	0.0335965875351613	A	G	FALSE	0	3.74515080852661e-27	0	0	0	0	0	0
rs4698464	4	16285519	0.759	0.0044	0.0142	0.8512	0.1488	49053	1411006	0.0335965875351613	A	T	FALSE	0	5.25087323952572e-27	0	0	0	0	0	0
rs4698468	4	16321111	0.548	0.0082	0.0136	0.8388	0.1612	49053	1411006	0.0335965875351613	A	C	FALSE	0	5.74653208662769e-27	0	0	0	0	0	0
rs4698480	4	16401461	0.6386	-0.0064	0.0137	0.1671	0.1671	50092	1411760	0.0342661226991515	A	G	FALSE	0	5.38470602673417e-27	0	0	0	0	0	0
rs4698481	4	16410849	0.4086	-0.0109	0.0132	0.1919	0.1919	49053	1411006	0.0335965875351613	A	G	FALSE	0	6.53651205812456e-27	0	0	0	0	0	0
rs4698482	4	16410913	0.586	-0.0074	0.0137	0.1674	0.1674	50092	1411760	0.0342661226991515	T	G	FALSE	0	5.58538726714554e-27	0	0	0	0	0	0
rs4698483	4	16410981	0.4324	-0.0104	0.0132	0.1911	0.1911	49053	1411006	0.0335965875351613	T	C	FALSE	0	6.34060983057963e-27	0	0	0	0	0	0
rs4698484	4	16412022	0.4735	0.0075	0.0105	0.6051	0.3949	49053	1411006	0.0335965875351613	T	G	FALSE	0	4.77933259601063e-27	0	0	0	0	0	0
rs4698485	4	16412072	0.2583	0.0141	0.0125	0.7791	0.2209	49580	1411478	0.0339343133537478	T	G	FALSE	0	8.3094789467818e-27	0	0	0	0	0	0
rs4698486	4	16418399	0.1278	-0.0262	0.0172	0.0945	0.0945	49053	1411006	0.0335965875351613	T	C	FALSE	0	1.91588099779754e-26	0	0	0	0	0	0
rs4698487	4	16439437	0.823	0.0023	0.0104	0.4069	0.4069	49053	1411006	0.0335965875351613	A	G	FALSE	0	3.76122699271962e-27	0	0	0	0	0	0
rs4698488	4	16453779	0.3927	-0.0148	0.0174	0.8306	0.1694	35345	1315724	0.0261607660304544	T	G	FALSE	0	8.77250354023121e-27	0	0	0	0	0	0
rs4698489	4	16457460	0.4025	-0.0144	0.0173	0.8299	0.1701	35345	1315724	0.0261607660304544	T	C	FALSE	0	8.59110572009232e-27	0	0	0	0	0	0
rs4698491	4	16526736	0.6077	-0.0059	0.0116	0.2588	0.2588	49053	1411006	0.0335965875351613	A	G	FALSE	0	4.65592589292952e-27	0	0	0	0	0	0
rs4698494	4	16578179	0.6448	0.0093	0.0201	0.0705	0.0705	49053	1411006	0.0335965875351613	A	C	FALSE	0	7.85825973882285e-27	0	0	0	0	0	0
rs4698495	4	16580848	0.8208	0.0069	0.0307	0.4485	0.4485	7803	5852	0.571439033321128	A	G	FALSE	0	1.09923036013316e-26	0	0	0	0	0	0
rs4698496	4	16617347	0.4409	-0.0079	0.0103	0.615	0.385	49053	1411006	0.0335965875351613	A	G	FALSE	0	4.87480232008086e-27	0	0	0	0	0	0
rs4698497	4	16617550	0.4904	-0.0069	0.01	0.4926	0.4926	49053	1411006	0.0335965875351613	T	G	FALSE	0	4.47584002009906e-27	0	0	0	0	0	0
rs4698498	4	16634959	0.3414	0.0097	0.0102	0.4978	0.4978	49053	1411006	0.0335965875351613	A	T	FALSE	0	5.65193929356187e-27	0	0	0	0	0	0
rs4698499	4	16634978	0.9734	5e-04	0.0151	0.8644	0.1356	49053	1411006	0.0335965875351613	T	G	FALSE	0	5.32439378370482e-27	0	0	0	0	0	0
rs4698501	4	16641790	0.2975	0.0136	0.013	0.1913	0.1913	49053	1411006	0.0335965875351613	A	T	FALSE	0	7.90629285022392e-27	0	0	0	0	0	0
rs4698502	4	16642464	0.4773	-0.0137	0.0193	0.0727	0.0727	49053	1411006	0.0335965875351613	A	G	FALSE	0	8.71448621708502e-27	0	0	0	0	0	0
rs4698504	4	16667179	0.3226	0.0107	0.0108	0.3609	0.3609	30435	974587	0.0302829191798786	T	C	FALSE	0	6.21737589301458e-27	0	0	0	0	0	0
rs4698505	4	16675898	0.8139	-0.0028	0.0118	0.7516	0.2484	49053	1411006	0.0335965875351613	A	C	FALSE	0	4.28156355514163e-27	0	0	0	0	0	0
rs4698507	4	16702452	0.6545	0.0104	0.0232	0.0532	0.0532	49053	1411006	0.0335965875351613	T	C	FALSE	0	8.99358687566675e-27	0	0	0	0	0	0
rs4698508	4	16709156	0.7192	0.008	0.0221	0.0563	0.0563	49053	1411006	0.0335965875351613	A	G	FALSE	0	8.28245039395119e-27	0	0	0	0	0	0
rs480450	4	16722934	0.3074	0.0103	0.0101	0.4273	0.4273	49053	1411006	0.0335965875351613	T	G	FALSE	0	5.9884837261783e-27	0	0	0	0	0	0
rs5010781	4	15472428	0.3986	-0.0218	0.0259	0.0424	0.0424	56306	1417791	0.0381969436203995	T	C	FALSE	0	1.28611914771681e-26	0	0	0	0	0	0
rs5016275	4	14834849	0.5539	0.0097	0.0163	0.838	0.162	56306	1417791	0.0381969436203995	C	G	FALSE	0	6.84593396710502e-27	0	0	0	0	0	0
rs5020094	4	15591423	0.7572	0.0041	0.0132	0.8194	0.1806	37688	981372	0.0369831020744608	T	C	FALSE	0	4.88404341004817e-27	0	0	0	0	0	0
rs513606	4	16724219	0.3745	0.009	0.0102	0.4274	0.4274	49053	1411006	0.0335965875351613	A	G	FALSE	0	5.30820336068865e-27	0	0	0	0	0	0
rs529509	4	16720813	0.45	-0.0076	0.01	0.5263	0.4737	49053	1411006	0.0335965875351613	A	G	FALSE	0	4.70825565180157e-27	0	0	0	0	0	0
rs534778	4	16709835	0.06259	0.162	0.087	0.0209	0.0209	26421	442271	0.056371775067635	A	G	FALSE	0	1.2114119102751e-25	0	0	0	0	0	0
rs534779	4	16709836	0.2859	0.0109	0.0102	0.4149	0.4149	49053	1411006	0.0335965875351613	T	C	FALSE	0	6.36294287832409e-27	0	0	0	0	0	0
rs536148	4	16721391	0.5832	0.0059	0.0107	0.3319	0.3319	49053	1411006	0.0335965875351613	T	C	FALSE	0	4.39428056745956e-27	0	0	0	0	0	0
rs544250	4	16723255	0.3301	-0.0098	0.0101	0.572	0.428	49053	1411006	0.0335965875351613	A	T	FALSE	0	5.70135391080559e-27	0	0	0	0	0	0
rs546649	4	16725558	0.3684	0.0091	0.0101	0.4259	0.4259	49053	1411006	0.0335965875351613	T	C	FALSE	0	5.34425442999156e-27	0	0	0	0	0	0
rs55642865	4	16446804	0.4741	0.018	0.0252	0.9466	0.0534	49053	1411006	0.0335965875351613	A	G	FALSE	0	1.13587084854087e-26	0	0	0	0	0	0
rs55647044	4	16095191	0.9772	3e-04	0.0116	0.249	0.249	49053	1411006	0.0335965875351613	T	C	FALSE	0	4.09415464086692e-27	0	0	0	0	0	0
rs55666771	4	16016723	0.6009	-0.0075	0.0143	0.134	0.134	56306	1417791	0.0381969436203995	T	C	FALSE	0	5.78026020082629e-27	0	0	0	0	0	0
rs55673282	4	16469504	0.7255	0.0039	0.011	0.3125	0.3125	49053	1411006	0.0335965875351613	A	G	FALSE	0	4.13276956889056e-27	0	0	0	0	0	0
rs55674024	4	14966633	0.03559	0.065	0.0309	0.0336	0.0336	49053	1411006	0.0335965875351613	A	G	FALSE	0	9.36686108503908e-26	0	0	0	0	0	0
rs55680849	4	15075623	0.5587	-0.0219	0.0375	0.0189	0.0189	49053	1411006	0.0335965875351613	A	G	FALSE	0	1.53590098283928e-26	0	0	0	0	0	0
rs55708318	4	15994019	0.4988	0.02	0.0296	0.0508	0.0508	35345	1315724	0.0261607660304544	A	G	FALSE	0	1.29386324857251e-26	0	0	0	0	0	0
rs55712500	4	14824267	0.2726	-0.0139	0.0127	0.7726	0.2274	49053	1411006	0.0335965875351613	C	G	FALSE	0	8.13387736566667e-27	0	0	0	0	0	0
rs55723863	4	16410165	0.2634	-0.033	0.0295	0.0319	0.0319	56306	1417791	0.0381969436203995	T	C	FALSE	0	1.90275788535853e-26	0	0	0	0	0	0
rs55733122	4	15048782	0.8428	0.0064	0.0322	0.9688	0.0312	49053	1411006	0.0335965875351613	C	G	FALSE	0	1.14538437961836e-26	0	0	0	0	0	0
rs55735476	4	15706920	0.0001554	-0.0544	0.0144	0.1226	0.1226	56306	1417791	0.0381969436203995	T	C	FALSE	0	6.1459289649537e-24	0	0	0	0	0	0
rs55739972	4	16474835	0.9916	-1e-04	0.0122	0.7674	0.2326	49053	1411006	0.0335965875351613	A	T	FALSE	0	4.30386479826045e-27	0	0	0	0	0	0
rs55745018	4	14965029	0.8059	-0.0024	0.0099	0.5237	0.4763	56306	1417791	0.0381969436203995	C	G	FALSE	0	3.5985288147639e-27	0	0	0	0	0	0
rs55756123	4	16502767	0.4912	-0.0475	0.0691	0.0146	0.0146	34176	1314756	0.0253355988292961	T	C	FALSE	0	2.85068115045009e-26	0	0	0	0	0	0
rs55757331	4	15712854	1.189e-05	-0.0645	0.0147	0.1185	0.1185	56306	1417791	0.0381969436203995	A	G	FALSE	0	7.45725974196804e-23	0	0	0	0	1	1
rs55767558	4	16094670	0.8596	0.0021	0.0118	0.2465	0.2465	47884	1410038	0.032844006743845	A	G	FALSE	0	4.2293322615306e-27	0	0	0	0	0	0
rs55768074	4	15986649	0.4949	-0.0066	0.0096	0.4444	0.4444	56306	1417791	0.0381969436203995	T	C	FALSE	0	4.2900497786583e-27	0	0	0	0	0	0
rs55770217	4	15932465	0.9704	-9e-04	0.0255	0.9283	0.0717	49580	1411478	0.0339343133537478	A	G	FALSE	0	8.94531200414943e-27	0	0	0	0	0	0
rs55770230	4	14770760	0.5868	0.0073	0.0134	0.8468	0.1532	56306	1417791	0.0381969436203995	A	C	FALSE	0	5.47747171061513e-27	0	0	0	0	0	0
rs55771364	4	15492268	0.000593	-0.0629	0.0183	0.9103	0.0897	56306	1417791	0.0381969436203995	A	G	FALSE	0	2.25435247307005e-24	0	0	0	0	0	0
rs55779200	4	14865674	0.8143	-0.0054	0.0228	0.0675	0.0675	49053	1411006	0.0335965875351613	A	G	FALSE	0	8.23087807887377e-27	0	0	0	0	0	0
rs55784324	4	15621649	0.0003389	-0.0517	0.0144	0.1213	0.1213	56306	1417791	0.0381969436203995	A	G	FALSE	0	3.09131666353406e-24	0	0	0	0	0	0
rs55794630	4	16094788	0.9764	3e-04	0.0116	0.249	0.249	49053	1411006	0.0335965875351613	T	G	FALSE	0	4.09415464086692e-27	0	0	0	0	0	0
rs55803452	4	15692708	0.0001615	0.054	0.0143	0.8776	0.1224	56306	1417791	0.0381969436203995	A	C	FALSE	0	6.07100450845932e-24	0	0	0	0	0	0
rs55803480	4	15935881	0.6979	-0.0074	0.019	0.0773	0.0773	49580	1411478	0.0339343133537478	A	C	FALSE	0	7.20672237725904e-27	0	0	0	0	0	0
rs55808189	4	15983246	0.2509	0.0192	0.0168	0.9081	0.0919	56306	1417791	0.0381969436203995	T	C	FALSE	0	1.13163640227996e-26	0	0	0	0	0	0
rs55808780	4	16090488	0.07939	-0.0571	0.0326	0.9753	0.0247000000000001	49053	1411006	0.0335965875351613	A	C	FALSE	0	5.0670157902004e-26	0	0	0	0	0	0
rs55813367	4	16301340	0.859	0.002	0.0115	0.2536	0.2536	49053	1411006	0.0335965875351613	T	G	FALSE	0	4.11924836648459e-27	0	0	0	0	0	0
rs55820936	4	14849314	0.6075	-0.0059	0.0114	0.3713	0.3713	56306	1417791	0.0381969436203995	A	G	FALSE	0	4.59691134977783e-27	0	0	0	0	0	0
rs55823457	4	16322757	0.8136	0.0027	0.0115	0.253	0.253	49053	1411006	0.0335965875351613	A	G	FALSE	0	4.17063492848314e-27	0	0	0	0	0	0
rs55828972	4	15949996	0.3288	-0.0096	0.0098	0.5402	0.4598	56306	1417791	0.0381969436203995	A	C	FALSE	0	5.58304989534689e-27	0	0	0	0	0	0
rs558301	4	16724228	0.3628	-0.0092	0.0101	0.5725	0.4275	49053	1411006	0.0335965875351613	A	G	FALSE	0	5.39228343218261e-27	0	0	0	0	0	0
rs55837944	4	15920510	0.2092	-0.0203	0.0161	0.891	0.109	49053	1411006	0.0335965875351613	A	T	FALSE	0	1.24942521089447e-26	0	0	0	0	0	0
rs55863436	4	16243811	0.8299	-0.0024	0.011	0.6779	0.3221	49053	1411006	0.0335965875351613	T	C	FALSE	0	3.97496507533999e-27	0	0	0	0	0	0
rs55866803	4	15943485	0.5866	-0.0059	0.0109	0.3078	0.3078	56306	1417791	0.0381969436203995	A	G	FALSE	0	4.45150155791396e-27	0	0	0	0	0	0
rs55875736	4	16656421	0.5863	0.0083	0.0153	0.8659	0.1341	49053	1411006	0.0335965875351613	A	C	FALSE	0	6.24090007271092e-27	0	0	0	0	0	0
rs55881691	4	15335505	0.199	0.0387	0.0301	0.0298	0.0298	49580	1411478	0.0339343133537478	A	G	FALSE	0	2.36048351543531e-26	0	0	0	0	0	0
rs55901620	4	16397612	0.7019	-0.0044	0.0115	0.273	0.273	49053	1411006	0.0335965875351613	A	G	FALSE	0	4.36470750444466e-27	0	0	0	0	0	0
rs55908498	4	16422917	0.198	0.0211	0.0164	0.1056	0.1056	49053	1411006	0.0335965875351613	A	G	FALSE	0	1.31438585662203e-26	0	0	0	0	0	0
rs55916346	4	16430050	0.1769	-0.02	0.0148	0.8445	0.1555	47884	1410038	0.032844006743845	A	G	FALSE	0	1.29345257974394e-26	0	0	0	0	0	0
rs55927777	4	15961010	0.3556	-0.0094	0.0102	0.3835	0.3835	55137	1416823	0.0374582189733417	T	C	FALSE	0	5.49881534746569e-27	0	0	0	0	0	0
rs55931907	4	15586380	0.02852	-0.1032	0.0471	0.0226	0.0226	42598	1322509	0.0312048799105125	A	G	FALSE	0	1.57507778676176e-25	0	0	0	0	0	0
rs55934942	4	16607884	0.1535	-0.0623	0.0436	0.9835	0.0165	49053	1411006	0.0335965875351613	A	C	FALSE	0	3.98971458911936e-26	0	0	0	0	0	0
rs55944292	4	15807119	0.008008	-0.0262	0.0099	0.3422	0.3422	56306	1417791	0.0381969436203995	T	C	FALSE	0	1.14954937322609e-25	0	0	0	0	0	0
rs55948310	4	15344711	0.9818	4e-04	0.0183	0.8668	0.1332	37688	981372	0.0369831020744608	T	C	FALSE	0	6.44220129954252e-27	0	0	0	0	0	0
rs55949632	4	16207072	0.9864	-3e-04	0.0169	0.898	0.102	49053	1411006	0.0335965875351613	T	C	FALSE	0	5.95251404541837e-27	0	0	0	0	0	0
rs55951685	4	15986334	0.3362	-0.0137	0.0142	0.8555	0.1445	56306	1417791	0.0381969436203995	A	C	FALSE	0	7.95422412419617e-27	0	0	0	0	0	0
rs55952030	4	14987310	0.8087	0.0091	0.0378	0.9813	0.0187000000000001	49053	1411006	0.0335965875351613	T	C	FALSE	0	1.34993274410814e-26	0	0	0	0	0	0
rs55961902	4	16542023	0.2512	-0.0138	0.012	0.7683	0.2317	49053	1411006	0.0335965875351613	T	C	FALSE	0	8.18161003625224e-27	0	0	0	0	0	0
rs55963737	4	15645895	0.0003309	-0.0517	0.0144	0.1214	0.1214	56306	1417791	0.0381969436203995	A	T	FALSE	0	3.09131666353406e-24	0	0	0	0	0	0
rs55975745	4	15250190	0.9209	-0.0027	0.0274	0.0382	0.0382	49053	1411006	0.0335965875351613	T	G	FALSE	0	9.6399137900766e-27	0	0	0	0	0	0
rs55988803	4	15146866	0.4807	-0.0118	0.0168	0.0984	0.0984	56306	1417791	0.0381969436203995	A	G	FALSE	0	7.55874753965114e-27	0	0	0	0	0	0
rs55990784	4	16331446	0.7707	-0.004	0.0138	0.8414	0.1586	49053	1411006	0.0335965875351613	A	T	FALSE	0	5.07336196001454e-27	0	0	0	0	0	0
rs55993741	4	16293448	0.443	-0.0137	0.0178	0.156	0.156	35345	1315724	0.0261607660304544	C	G	FALSE	0	8.40660255440738e-27	0	0	0	0	0	0
rs55994869	4	16379640	0.7668	-0.0041	0.0138	0.8391	0.1609	49053	1411006	0.0335965875351613	A	G	FALSE	0	5.08411149355456e-27	0	0	0	0	0	0
rs55998851	4	15123082	0.001999	-0.1665	0.0539	0.9866	0.0134	29266	973619	0.0291818104767745	A	T	FALSE	0	1.57189534581173e-24	0	0	0	0	0	0
rs56004462	4	15498717	0.6798	-0.0062	0.0151	0.1137	0.1137	56306	1417791	0.0381969436203995	A	C	FALSE	0	5.78674825208945e-27	0	0	0	0	0	0
rs56010433	4	14851491	0.3354	0.0172	0.0179	0.1119	0.1119	49053	1411006	0.0335965875351613	C	G	FALSE	0	9.96124901038104e-27	0	0	0	0	0	0
rs56015803	4	16442217	0.6473	-0.0109	0.0237	0.0598	0.0598	49053	1411006	0.0335965875351613	A	G	FALSE	0	9.23222816890122e-27	0	0	0	0	0	0
rs56023844	4	16217627	0.6346	-0.0057	0.012	0.7665	0.2335	49053	1411006	0.0335965875351613	T	C	FALSE	0	4.7370697575717e-27	0	0	0	0	0	0
rs56034451	4	16397749	0.7707	-0.0055	0.0189	0.9211	0.0789	49053	1411006	0.0335965875351613	A	G	FALSE	0	6.93502677188281e-27	0	0	0	0	0	0
rs56040212	4	16435084	0.8493	-0.0023	0.0122	0.2461	0.2461	49053	1411006	0.0335965875351613	A	G	FALSE	0	4.38059614559158e-27	0	0	0	0	0	0
rs56041141	4	15599845	0.0009569	0.0346	0.0105	0.2817	0.2817	56306	1417791	0.0381969436203995	T	C	FALSE	0	8.32367249182099e-25	0	0	0	0	0	0
rs56053961	4	14869293	0.3974	0.0114	0.0134	0.1775	0.1775	49053	1411006	0.0335965875351613	C	G	FALSE	0	6.77462241034094e-27	0	0	0	0	0	0
rs56058319	4	14872132	0.2821	-0.0126	0.0117	0.7565	0.2435	49053	1411006	0.0335965875351613	A	C	FALSE	0	7.35724542139175e-27	0	0	0	0	0	0
rs56065468	4	15675720	0.000179	-0.0536	0.0143	0.1229	0.1229	56306	1417791	0.0381969436203995	T	C	FALSE	0	5.46750245423751e-24	0	0	0	0	0	0
rs56069845	4	14813687	0.1862	-0.0198	0.015	0.8392	0.1608	49053	1411006	0.0335965875351613	T	C	FALSE	0	1.25720177266824e-26	0	0	0	0	0	0
rs56082606	4	15915304	0.2039	0.0206	0.0162	0.1081	0.1081	49053	1411006	0.0335965875351613	A	G	FALSE	0	1.27414712813663e-26	0	0	0	0	0	0
rs56089642	4	15548985	9.774e-09	-0.0898	0.0157	0.1079	0.1079	56306	1417791	0.0381969436203995	T	G	FALSE	0	6.35952690270193e-20	0	0	0	0	0	0
rs56093715	4	15625321	0.0004691	0.0507	0.0145	0.8798	0.1202	56306	1417791	0.0381969436203995	T	C	FALSE	0	2.23590714110754e-24	0	0	0	0	0	0
rs56094420	4	15585747	0.0005932	-0.0508	0.0148	0.1188	0.1188	56306	1417791	0.0381969436203995	A	G	FALSE	0	1.82714801904648e-24	0	0	0	0	0	0
rs56105224	4	15932466	0.9688	0.001	0.0256	0.0722	0.0722	35872	1316196	0.0265312099687294	A	G	FALSE	0	8.98106447121841e-27	0	0	0	0	0	0
rs56106162	4	16159062	0.8593	0.0029	0.0166	0.1035	0.1035	49053	1411006	0.0335965875351613	A	G	FALSE	0	5.93594636693873e-27	0	0	0	0	0	0
rs56115610	4	14861822	0.2497	0.0143	0.0124	0.241	0.241	49053	1411006	0.0335965875351613	T	C	FALSE	0	8.48328482985592e-27	0	0	0	0	0	0
rs56118603	4	16261663	0.7063	-0.0103	0.0274	0.0305	0.0305	56306	1417791	0.0381969436203995	A	G	FALSE	0	1.02830808392129e-26	0	0	0	0	0	0
rs56119267	4	16135182	0.8068	-0.004	0.0165	0.1061	0.1061	49053	1411006	0.0335965875351613	T	C	FALSE	0	5.98380067040628e-27	0	0	0	0	0	0
rs56123507	4	16582449	0.6166	0.0414	0.0827	0.0106	0.0106	47884	1410038	0.032844006743845	C	G	FALSE	0	3.00603033822252e-26	0	0	0	0	0	0
rs56127222	4	16332954	0.6515	-0.0046	0.0102	0.586	0.414	49053	1411006	0.0335965875351613	A	G	FALSE	0	3.98452372436097e-27	0	0	0	0	0	0
rs56127694	4	16412205	0.4473	-0.0104	0.0137	0.1733	0.1733	49053	1411006	0.0335965875351613	A	C	FALSE	0	6.43495749379442e-27	0	0	0	0	0	0
rs56129512	4	14849232	0.09632	-0.033	0.0198	0.1123	0.1123	56306	1417791	0.0381969436203995	C	G	FALSE	0	2.75530942430847e-26	0	0	0	0	0	0
rs56131062	4	16009950	0.7016	0.0212	0.0553	0.015	0.015	29778	973901	0.0296688483070783	T	C	FALSE	0	2.01681249308672e-26	0	0	0	0	0	0
rs56141623	4	14830762	0.7849	0.004	0.0147	0.813	0.187	49053	1411006	0.0335965875351613	A	C	FALSE	0	5.37563851691338e-27	0	0	0	0	0	0
rs56149419	4	15645476	0.0003769	0.0513	0.0144	0.879	0.121	56306	1417791	0.0381969436203995	T	G	FALSE	0	2.80040853826934e-24	0	0	0	0	0	0
rs56150726	4	16719272	0.9354	-0.0025	0.0304	0.0346	0.0346	50455	1411925	0.0345019762305283	A	T	FALSE	0	1.06571194424474e-26	0	0	0	0	0	0
rs56153638	4	14763967	0.3933	-0.0319	0.0373	0.9791	0.0209	49053	1411006	0.0335965875351613	A	G	FALSE	0	1.84527545375389e-26	0	0	0	0	0	0
rs56166932	4	15624957	0.0002503	0.0531	0.0145	0.8794	0.1206	56306	1417791	0.0381969436203995	A	C	FALSE	0	4.0308887377459e-24	0	0	0	0	0	0
rs56177328	4	14855256	0.3874	-0.0105	0.0122	0.7523	0.2477	49053	1411006	0.0335965875351613	C	G	FALSE	0	6.22436279058904e-27	0	0	0	0	0	0
rs56178181	4	14876013	0.5543	0.006	0.0102	0.405	0.405	49053	1411006	0.0335965875351613	T	C	FALSE	0	4.27828185308801e-27	0	0	0	0	0	0
rs56193341	4	16141589	0.9534	0.002	0.0335	0.0224	0.0224	56306	1417791	0.0381969436203995	T	C	FALSE	0	1.16971477712623e-26	0	0	0	0	0	0
rs56214703	4	15955502	0.4114	0.0193	0.0235	0.9167	0.0833	49053	1411006	0.0335965875351613	A	G	FALSE	0	1.15040650765699e-26	0	0	0	0	0	0
rs56218994	4	16167685	0.8762	-0.0018	0.0115	0.2521	0.2521	49053	1411006	0.0335965875351613	T	C	FALSE	0	4.10746822133163e-27	0	0	0	0	0	0
rs56219219	4	15910047	0.9077	-0.002	0.0176	0.1217	0.1217	56306	1417791	0.0381969436203995	T	C	FALSE	0	6.2360679613949e-27	0	0	0	0	0	0
rs56227225	4	16392683	0.2454	-0.0123	0.0106	0.6307	0.3693	49053	1411006	0.0335965875351613	T	C	FALSE	0	7.32068926549508e-27	0	0	0	0	0	0
rs56233326	4	15104099	0.001195	0.1762	0.0544	0.013	0.013	29266	973619	0.0291818104767745	A	G	FALSE	0	2.45209059957779e-24	0	0	0	0	0	0
rs56234517	4	14848843	0.06089	-0.0383	0.0204	0.1056	0.1056	56306	1417791	0.0381969436203995	T	C	FALSE	0	4.10390717784761e-26	0	0	0	0	0	0
rs56234735	4	14968263	0.03682	-0.0355	0.017	0.8971	0.1029	49053	1411006	0.0335965875351613	A	G	FALSE	0	5.21559393393283e-26	0	0	0	0	0	0
rs56267645	4	14937855	0.9686	4e-04	0.0105	0.6474	0.3526	49053	1411006	0.0335965875351613	C	G	FALSE	0	3.70848594813951e-27	0	0	0	0	0	0
rs56268532	4	15857385	0.7905	-0.019	0.0713	0.0138	0.0138	15558	878337	0.0174047287433088	A	G	FALSE	0	2.44952411705184e-26	0	0	0	0	0	0
rs56284300	4	14861911	0.8613	0.0019	0.0109	0.3588	0.3588	49053	1411006	0.0335965875351613	T	C	FALSE	0	3.90527512005884e-27	0	0	0	0	0	0
rs56297692	4	15934251	0.725	-0.0067	0.019	0.0772	0.0772	49580	1411478	0.0339343133537478	T	G	FALSE	0	7.10974348657274e-27	0	0	0	0	0	0
rs56300322	4	14853500	0.105	-0.0369	0.0228	0.9278	0.0722	49053	1411006	0.0335965875351613	T	C	FALSE	0	2.91672649296912e-26	0	0	0	0	0	0
rs56328578	4	16507644	0.8338	-0.0055	0.0263	0.0429	0.0429	49053	1411006	0.0335965875351613	T	C	FALSE	0	9.41583446562629e-27	0	0	0	0	0	0
rs56331443	4	15986168	0.261	-0.0197	0.0175	0.0852	0.0852	56306	1417791	0.0381969436203995	A	T	FALSE	0	1.15546786509883e-26	0	0	0	0	0	0
rs56353092	4	16219216	0.4095	0.0089	0.0107	0.3173	0.3173	49053	1411006	0.0335965875351613	A	G	FALSE	0	5.3316129305903e-27	0	0	0	0	0	0
rs56356114	4	15332007	0.5244	0.0246	0.0387	0.9784	0.0216	49565	1411288	0.0339288073474881	A	G	FALSE	0	1.63152641316668e-26	0	0	0	0	0	0
rs56365123	4	14771921	0.6571	-0.0059	0.0134	0.1545	0.1545	56306	1417791	0.0381969436203995	T	C	FALSE	0	5.20393189334232e-27	0	0	0	0	0	0
rs56375075	4	14775562	0.3878	-0.037	0.0428	0.9834	0.0165999999999999	49053	1411006	0.0335965875351613	A	G	FALSE	0	2.114397197233e-26	0	0	0	0	0	0
rs56378639	4	16306999	0.757	0.0086	0.0277	0.9694	0.0306	56306	1417791	0.0381969436203995	A	G	FALSE	0	1.01667404466959e-26	0	0	0	0	0	0
rs56381553	4	15728447	5.001e-10	-0.1718	0.0276	0.0322	0.0322	56306	1417791	0.0381969436203995	A	G	FALSE	0	1.74373599432713e-18	0	0	0	0	0	0
rs56403844	4	16593269	0.1882	0.0346	0.0263	0.0522	0.0522	30435	974587	0.0302829191798786	T	C	FALSE	0	2.15758643747706e-26	0	0	0	0	0	0
rs56407903	4	16136545	0.8085	-0.0042	0.0172	0.9042	0.0958	49053	1411006	0.0335965875351613	T	C	FALSE	0	6.23838016394097e-27	0	0	0	0	0	0
rs56413603	4	16002317	0.4421	0.0114	0.0148	0.1218	0.1218	56306	1417791	0.0381969436203995	T	C	FALSE	0	7.006513232332e-27	0	0	0	0	0	0
rs565302	4	16722451	0.3455	0.0096	0.0101	0.4249	0.4249	49053	1411006	0.0335965875351613	A	G	FALSE	0	5.59422216081236e-27	0	0	0	0	0	0
rs56678651	4	15221233	0.4962	-0.0137	0.0202	0.0688	0.0688	49053	1411006	0.0335965875351613	A	G	FALSE	0	8.91893239769237e-27	0	0	0	0	0	0
rs56704777	4	16017254	0.4982	-0.0142	0.021	0.9408	0.0592	56306	1417791	0.0381969436203995	A	G	FALSE	0	9.25408342526942e-27	0	0	0	0	0	0
rs56710103	4	16012196	0.6525	0.0249	0.0552	0.015	0.015	29266	973619	0.0291818104767745	C	G	FALSE	0	2.06702436561086e-26	0	0	0	0	0	0
rs56755441	4	15216164	0.9163	0.0023	0.0217	0.9029	0.0971	35345	1315724	0.0261607660304544	T	G	FALSE	0	7.666906551135e-27	0	0	0	0	0	0
rs56796188	4	15224210	0.5953	-0.0108	0.0203	0.0697	0.0697	49053	1411006	0.0335965875351613	T	C	FALSE	0	8.21101463310473e-27	0	0	0	0	0	0
rs56847340	4	15837919	1.177e-10	-0.1734	0.0269	0.0352	0.0352	56306	1417791	0.0381969436203995	C	G	FALSE	0	6.86689506435097e-18	0	0	0	0	0	0
rs56848612	4	14856470	0.374	0.011	0.0124	0.2438	0.2438	49053	1411006	0.0335965875351613	A	G	FALSE	0	6.47302038333546e-27	0	0	0	0	0	0
rs56888185	4	14877095	0.7417	-0.0114	0.0347	0.023	0.023	49053	1411006	0.0335965875351613	T	C	FALSE	0	1.27330468273786e-26	0	0	0	0	0	0
rs56912079	4	16688362	0.8026	0.0028	0.0113	0.3265	0.3265	47884	1410038	0.032844006743845	C	G	FALSE	0	4.11118719019599e-27	0	0	0	0	0	0
rs56922149	4	16134373	0.9993	0	0.0114	0.7271	0.2729	49053	1411006	0.0335965875351613	A	G	FALSE	0	4.02245545072324e-27	0	0	0	0	0	0
rs56935118	4	14902647	0.3979	0.0095	0.0113	0.7281	0.2719	49053	1411006	0.0335965875351613	A	T	FALSE	0	5.67108572158349e-27	0	0	0	0	0	0
rs56957323	4	16398292	0.7847	-0.0052	0.0189	0.9211	0.0789	49053	1411006	0.0335965875351613	A	G	FALSE	0	6.90421109259916e-27	0	0	0	0	0	0
rs57030948	4	14819364	0.3404	0.0338	0.0354	0.0493	0.0493	49053	1411006	0.0335965875351613	C	G	FALSE	0	1.91665334035597e-26	0	0	0	0	0	0
rs57061491	4	15337352	0.2398	-0.0355	0.0302	0.9699	0.0301	49580	1411478	0.0339343133537478	T	C	FALSE	0	2.07379380069671e-26	0	0	0	0	0	0
rs57089299	4	16551811	0.3511	-0.0268	0.0287	0.0345	0.0345	49053	1411006	0.0335965875351613	A	C	FALSE	0	1.53912478378847e-26	0	0	0	0	0	0
rs57089965	4	16183676	0.9559	7e-04	0.012	0.7732	0.2268	49053	1411006	0.0335965875351613	A	G	FALSE	0	4.24060608665956e-27	0	0	0	0	0	0
rs57243302	4	16519259	0.9727	-9e-04	0.0267	0.043	0.043	49053	1411006	0.0335965875351613	T	C	FALSE	0	9.35854767928693e-27	0	0	0	0	0	0
rs57244146	4	14853077	0.3915	0.0171	0.0199	0.0897	0.0897	49053	1411006	0.0335965875351613	A	G	FALSE	0	1.00872365349508e-26	0	0	0	0	0	0
rs57275698	4	15528387	0.8531	-0.0029	0.0154	0.1082	0.1082	56306	1417791	0.0381969436203995	A	C	FALSE	0	5.52309802787708e-27	0	0	0	0	0	0
rs57320479	4	16359213	0.7152	-0.0065	0.0178	0.912	0.088	49053	1411006	0.0335965875351613	T	C	FALSE	0	6.69462290762e-27	0	0	0	0	0	0
rs57326588	4	15725436	1.86e-10	-0.1935	0.0304	0.0302	0.0302	56306	1417791	0.0381969436203995	C	G	FALSE	0	4.21921145674002e-18	0	0	0	0	0	0
rs57338172	4	16329767	0.9153	-0.0012	0.0117	0.7468	0.2532	47884	1410038	0.032844006743845	A	G	FALSE	0	4.14964767542071e-27	0	0	0	0	0	0
rs57364040	4	15320105	0.1911	-0.0478	0.0366	0.9708	0.0292	49580	1411478	0.0339343133537478	C	G	FALSE	0	2.90400610146395e-26	0	0	0	0	0	0
rs57401746	4	14852964	0.4017	-0.0169	0.0201	0.9118	0.0882	49053	1411006	0.0335965875351613	C	G	FALSE	0	1.00294985591499e-26	0	0	0	0	0	0
rs57438869	4	16630421	0.1977	0.0367	0.0285	0.0488	0.0488	49053	1411006	0.0335965875351613	A	G	FALSE	0	2.24740914518607e-26	0	0	0	0	0	0
rs57451037	4	16138680	0.9884	2e-04	0.0107	0.671	0.329	49053	1411006	0.0335965875351613	A	T	FALSE	0	3.77684832715415e-27	0	0	0	0	0	0
rs57497036	4	15725472	3.548e-10	-0.1814	0.0289	0.0312	0.0312	56306	1417791	0.0381969436203995	A	G	FALSE	0	2.42649041115323e-18	0	0	0	0	0	0
rs57499215	4	16286660	0.9003	-0.0014	0.0115	0.746	0.254	49053	1411006	0.0335965875351613	C	G	FALSE	0	4.0877040765462e-27	0	0	0	0	0	0
rs57517602	4	14977442	0.7756	-0.0107	0.0377	0.0186	0.0186	49053	1411006	0.0335965875351613	T	C	FALSE	0	1.36126312450693e-26	0	0	0	0	0	0
rs57522122	4	15832198	5.324e-11	0.1775	0.0271	0.9652	0.0348000000000001	56306	1417791	0.0381969436203995	A	G	FALSE	0	1.33349163083953e-17	0	0	0	0	0	0
rs57526178	4	15588890	0.001187	0.034	0.0105	0.2807	0.2807	56306	1417791	0.0381969436203995	T	C	FALSE	0	6.9098641788614e-25	0	0	0	0	0	0
rs57653099	4	16337475	0.7685	0.0041	0.0139	0.1533	0.1533	49053	1411006	0.0335965875351613	A	G	FALSE	0	5.11753736307088e-27	0	0	0	0	0	0
rs57668769	4	15338264	0.686	0.0106	0.0262	0.0434	0.0434	49053	1411006	0.0335965875351613	A	G	FALSE	0	9.95041726200506e-27	0	0	0	0	0	0
rs57734013	4	16714875	0.4562	-0.0164	0.022	0.0566	0.0566	49565	1411288	0.0339288073474881	T	C	FALSE	0	1.01701731235289e-26	0	0	0	0	0	0
rs57764184	4	14891702	0.6005	0.0108	0.0206	0.9342	0.0658	49053	1411006	0.0335965875351613	T	C	FALSE	0	8.29707747438401e-27	0	0	0	0	0	0
rs57773089	4	16344468	0.7592	-0.0043	0.0139	0.8468	0.1532	49053	1411006	0.0335965875351613	T	C	FALSE	0	5.13972739243782e-27	0	0	0	0	0	0
rs57804406	4	15165143	0.3771	0.0097	0.011	0.2888	0.2888	49053	1411006	0.0335965875351613	T	G	FALSE	0	5.71969319602641e-27	0	0	0	0	0	0
rs57811439	4	16194667	0.8045	-0.0037	0.0151	0.1309	0.1309	49053	1411006	0.0335965875351613	A	G	FALSE	0	5.4827357752953e-27	0	0	0	0	0	0
rs57904440	4	15772099	0.1215	0.019	0.0123	0.1773	0.1773	56306	1417791	0.0381969436203995	A	G	FALSE	0	1.42419260089331e-26	0	0	0	0	0	0
rs57924303	4	16187142	0.5326	0.0101	0.0162	0.1081	0.1081	49053	1411006	0.0335965875351613	T	C	FALSE	0	6.92213926584653e-27	0	0	0	0	0	0
rs57984829	4	16632026	0.3384	0.0304	0.0317	0.0388	0.0388	49053	1411006	0.0335965875351613	T	C	FALSE	0	1.73288770667238e-26	0	0	0	0	0	0
rs57987867	4	15727817	2.47e-10	0.1738	0.0275	0.9674	0.0326	56306	1417791	0.0381969436203995	A	G	FALSE	0	3.13328508070769e-18	0	0	0	0	0	0
rs58047733	4	16187805	0.9759	4e-04	0.012	0.775	0.225	49053	1411006	0.0335965875351613	A	G	FALSE	0	4.23576725143559e-27	0	0	0	0	0	0
rs58132667	4	16417121	0.9305	-0.0012	0.0136	0.1663	0.1663	56306	1417791	0.0381969436203995	A	G	FALSE	0	4.81405119629296e-27	0	0	0	0	0	0
rs58156049	4	15747197	1.674e-09	-0.1796	0.0298	0.0278	0.0278	56306	1417791	0.0381969436203995	A	G	FALSE	0	5.41806561597202e-19	0	0	0	0	0	0
rs58164434	4	14876512	0.503	-0.0088	0.0132	0.8185	0.1815	49053	1411006	0.0335965875351613	T	C	FALSE	0	5.80780682139483e-27	0	0	0	0	0	0
rs58192851	4	15330499	0.1805	-0.0403	0.0301	0.9703	0.0297	49580	1411478	0.0339343133537478	T	C	FALSE	0	2.52711383956268e-26	0	0	0	0	0	0
rs58216349	4	16276891	0.7785	0.0077	0.0274	0.9694	0.0306	56306	1417791	0.0381969436203995	A	G	FALSE	0	9.97324207410809e-27	0	0	0	0	0	0
rs58222218	4	14783956	0.6028	-0.0104	0.0199	0.8901	0.1099	42598	1322509	0.0312048799105125	T	C	FALSE	0	8.01182397969857e-27	0	0	0	0	0	0
rs58324652	4	16630819	0.4327	0.0251	0.032	0.0385	0.0385	49053	1411006	0.0335965875351613	C	G	FALSE	0	1.50735499902951e-26	0	0	0	0	0	0
rs58334425	4	14872855	0.2775	-0.015	0.0138	0.8411	0.1589	49053	1411006	0.0335965875351613	A	G	FALSE	0	8.75944760405621e-27	0	0	0	0	0	0
rs58335439	4	15728806	4.996e-10	0.1717	0.0276	0.9678	0.0322	56306	1417791	0.0381969436203995	A	G	FALSE	0	1.70557929261467e-18	0	0	0	0	0	0
rs58353890	4	14867935	0.8567	-0.0034	0.0191	0.9177	0.0823	35345	1315724	0.0261607660304544	A	G	FALSE	0	6.82608010172406e-27	0	0	0	0	0	0
rs58374032	4	16453167	0.1553	-0.02	0.0141	0.7822	0.2178	30435	974587	0.0302829191798786	A	G	FALSE	0	1.35259113717432e-26	0	0	0	0	0	0
rs58392788	4	15169133	0.6903	-0.0091	0.0229	0.9143	0.0857	35345	1315724	0.0261607660304544	T	C	FALSE	0	8.69248697992427e-27	0	0	0	0	0	0
rs58398647	4	16592171	0.3451	0.0103	0.011	0.303	0.303	49053	1411006	0.0335965875351613	T	C	FALSE	0	6.00956517773911e-27	0	0	0	0	0	0
rs58447609	4	16412190	0.8426	0.0025	0.0124	0.7788	0.2212	49053	1411006	0.0335965875351613	A	T	FALSE	0	4.46346445843671e-27	0	0	0	0	0	0
rs58450179	4	16432008	0.4887	-0.0086	0.0125	0.7536	0.2464	47884	1410038	0.032844006743845	C	G	FALSE	0	5.58135432478671e-27	0	0	0	0	0	0
rs58470892	4	16737284	0.7829	-0.0053	0.0194	0.9229	0.0771	49053	1411006	0.0335965875351613	T	C	FALSE	0	7.08132996328609e-27	0	0	0	0	0	0
rs58479200	4	15461802	0.697	0.0038	0.0097	0.3918	0.3918	56306	1417791	0.0381969436203995	T	C	FALSE	0	3.69657657824246e-27	0	0	0	0	0	0
rs58485170	4	16084259	0.9357	9e-04	0.0117	0.7503	0.2497	49053	1411006	0.0335965875351613	A	G	FALSE	0	4.14014231812715e-27	0	0	0	0	0	0
rs58548470	4	14934535	0.942	-0.0022	0.0302	0.0298	0.0298	49053	1411006	0.0335965875351613	T	C	FALSE	0	1.05810506893911e-26	0	0	0	0	0	0
