SNP	CHR	POS	P	Effect	StdErr	Freq	MAF	N_cases	N_controls	proportion_cases	A1	A2	leadSNP	SUSIE.Credible_Set	SUSIE.Probability	FINEMAP.Credible_Set	FINEMAP.Probability	Consensus_SNP	Support
rs12471329	2	135456708	8.951e-07	0.0635	0.0129	0.8249	0.1751	56306	1417791	0.0381969436203995	A	G	FALSE	2	1	1	1	TRUE	2
rs1001984	2	135221324	0.7688	-0.0076	0.0259	0.9605	0.0395	49053	1411006	0.0335965875351613	A	T	FALSE	0	0	0	2.5029e-25	FALSE	0
rs10168723	2	135278770	0.6874	0.0065	0.0162	0.1152	0.1152	37688	981372	0.0369831020744608	A	G	FALSE	0	0	0	1.98073e-23	FALSE	0
rs10171420	2	135232081	0.9159	0.0023	0.0218	0.944	0.0560000000000001	54904	1416872	0.037304589828887	T	C	FALSE	0	0	0	1.28398e-22	FALSE	0
rs10177257	2	135469901	0.01319	-0.0826	0.0333	0.0211	0.0211	56306	1417791	0.0381969436203995	A	G	FALSE	0	0	0	9.94322e-24	FALSE	0
rs10179686	2	135214570	0.2324	0.032	0.0268	0.0419	0.0419	49053	1411006	0.0335965875351613	T	C	FALSE	0	0	0	2.89789e-25	FALSE	0
rs10186313	2	135264146	0.4333	-0.0129	0.0165	0.1022	0.1022	55794	1417509	0.0378700104459164	A	G	FALSE	0	0	0	1.85066e-26	FALSE	0
rs10189431	2	135277383	0.6825	0.0066	0.0161	0.1119	0.1119	56306	1417791	0.0381969436203995	A	C	FALSE	0	0	0	3.66941e-24	FALSE	0
rs10200888	2	135246537	0.0001143	0.0525	0.0136	0.844	0.156	55779	1417319	0.0378650979093041	T	C	FALSE	0	0	0	1.30998e-21	FALSE	0
rs10201048	2	135326664	0.4149	-0.0287	0.0353	0.0355	0.0355	56306	1417791	0.0381969436203995	T	C	FALSE	0	0	0	6.41673e-25	FALSE	0
rs10496727	2	135245146	0.0001314	-0.0523	0.0137	0.1555	0.1555	55779	1417319	0.0378650979093041	A	T	FALSE	0	0	0	4.11302e-25	FALSE	0
rs10496728	2	135251826	0.000147	0.0494	0.013	0.8252	0.1748	56306	1417791	0.0381969436203995	C	G	FALSE	0	0	0	1.8873e-19	FALSE	0
rs10928496	2	135266954	0.0002035	-0.0497	0.0134	0.1659	0.1659	55137	1416823	0.0374582189733417	A	T	FALSE	0	0	0	1.60558e-26	FALSE	0
rs10928499	2	135332355	0.007993	0.085	0.032	0.9725	0.0275	56306	1417791	0.0381969436203995	A	G	FALSE	0	0	0	1.68726e-16	FALSE	0
rs10928508	2	135432712	0.001749	-0.0561	0.0179	0.0755	0.0755	56306	1417791	0.0381969436203995	T	C	FALSE	0	0	0	1.97311e-26	FALSE	0
rs10928509	2	135442415	0.01285	-0.0846	0.034	0.0207	0.0207	56306	1417791	0.0381969436203995	T	C	FALSE	0	0	0	2.04442e-23	FALSE	0
rs10928510	2	135443940	1.219e-09	0.0757	0.0125	0.8109	0.1891	56306	1417791	0.0381969436203995	A	G	FALSE	0	0	0	6.0744e-15	FALSE	0
rs10928511	2	135444226	0.0228	-0.0825	0.0362	0.0196	0.0196	56306	1417791	0.0381969436203995	A	C	FALSE	0	0	0	1.96011e-23	FALSE	0
rs1108035	2	135444322	1.009e-06	-0.0617	0.0126	0.1823	0.1823	56306	1417791	0.0381969436203995	A	G	FALSE	4	1	0	2.61404e-134	FALSE	1
rs112345040	2	135445340	0.8385	-0.0121	0.0592	0.0116	0.0116	36519	980404	0.0359112735182506	T	C	FALSE	0	0	0	4.55314e-26	FALSE	0
rs112661604	2	135422822	0.05071	0.1511	0.0773	0.9893	0.0107	36519	980404	0.0359112735182506	T	G	FALSE	0	0	0	1.28269e-25	FALSE	0
rs113051188	2	135242105	0.5498	-0.0237	0.0396	0.0172	0.0172	56306	1417791	0.0381969436203995	T	C	FALSE	0	0	0	1.62773e-26	FALSE	0
rs113453703	2	135346020	0.01737	-0.1709	0.0718	0.0117	0.0117	22811	885122	0.0251241005668921	T	G	FALSE	0	0	0	1.19005e-25	FALSE	0
rs113686068	2	135328066	0.3402	0.0545	0.0571	0.9882	0.0118	42598	1322509	0.0312048799105125	T	C	FALSE	0	0	0	8.25451e-27	FALSE	0
rs113821247	2	135307181	0.06035	0.0904	0.0481	0.9887	0.0113	56306	1417791	0.0381969436203995	C	G	FALSE	0	0	0	1.31132e-26	FALSE	0
rs114493301	2	135226317	0.4311	-0.0192	0.0244	0.0456	0.0456	49928	1411453	0.03416494398107	A	G	FALSE	0	0	0	6.39428e-27	FALSE	0
rs114505375	2	135288449	0.01646	-0.0463	0.0193	0.0805	0.0805	56306	1417791	0.0381969436203995	T	C	FALSE	0	0	0	4.49783e-25	FALSE	0
rs114509458	2	135426564	0.001875	-0.0693	0.0223	0.0556	0.0556	56306	1417791	0.0381969436203995	T	C	FALSE	0	0	0	2.5721e-24	FALSE	0
rs114517088	2	135254161	0.1441	-0.0378	0.0259	0.0428	0.0428	55779	1417319	0.0378650979093041	T	C	FALSE	0	0	0	6.16799e-27	FALSE	0
rs114609472	2	135292303	0.7744	-0.0103	0.0358	0.0246	0.0246	56306	1417791	0.0381969436203995	T	C	FALSE	0	0	0	6.54596e-27	FALSE	0
rs114905283	2	135218812	0.09064	0.0632	0.0374	0.9804	0.0196	56306	1417791	0.0381969436203995	A	G	FALSE	0	0	0	4.77015e-26	FALSE	0
rs115090703	2	135345656	0.003633	-0.1004	0.0345	0.0203	0.0203	56306	1417791	0.0381969436203995	C	G	FALSE	0	0	0	6.81888e-27	FALSE	0
rs115421173	2	135351242	0.002977	0.1027	0.0346	0.9797	0.0203	56306	1417791	0.0381969436203995	T	C	FALSE	0	0	0	1.53576e-17	FALSE	0
rs115452559	2	135345668	0.003627	-0.1005	0.0345	0.0203	0.0203	56306	1417791	0.0381969436203995	A	G	FALSE	0	0	0	7.69378e-27	FALSE	0
rs115570081	2	135439910	7.189e-06	-0.0967	0.0215	0.0799	0.0799	37688	981372	0.0369831020744608	A	G	FALSE	0	0	0	1.77912e-19	FALSE	0
rs115636186	2	135219364	0.7394	0.0093	0.0279	0.0339	0.0339	49053	1411006	0.0335965875351613	T	G	FALSE	0	0	0	6.40634e-27	FALSE	0
rs115707620	2	135464529	0.01302	-0.0828	0.0333	0.0211	0.0211	56306	1417791	0.0381969436203995	T	C	FALSE	0	0	0	9.70343e-24	FALSE	0
rs115806252	2	135370862	0.7431	-0.0264	0.0807	0.9895	0.0105	22299	884840	0.0245816793236759	T	C	FALSE	0	0	0	6.31558e-27	FALSE	0
rs115922298	2	135226028	0.5894	-0.0136	0.0251	0.0438	0.0438	49928	1411453	0.03416494398107	A	G	FALSE	0	0	0	6.26386e-27	FALSE	0
rs116029562	2	135382012	0.002617	-0.0682	0.0227	0.0543	0.0543	56306	1417791	0.0381969436203995	A	C	FALSE	0	0	0	5.91417e-25	FALSE	0
rs116086815	2	135236985	0.02726	-0.2718	0.1231	0.9887	0.0113	13375	11387	0.54014215329941	A	G	FALSE	0	0	0	1.30525e-24	FALSE	0
rs116106483	2	135345258	0.007733	0.0977	0.0367	0.981	0.019	56306	1417791	0.0381969436203995	T	C	FALSE	0	0	0	1.31134e-20	FALSE	0
rs116235613	2	135293151	0.002268	0.0714	0.0234	0.9482	0.0518	56306	1417791	0.0381969436203995	T	C	FALSE	0	0	0	3.91487e-25	FALSE	0
rs116556809	2	135340884	0.005841	0.0936	0.0339	0.979	0.021	56306	1417791	0.0381969436203995	A	G	FALSE	0	0	0	1.55294e-21	FALSE	0
rs116558053	2	135345257	0.002793	0.104	0.0348	0.9798	0.0202	56306	1417791	0.0381969436203995	A	G	FALSE	0	0	0	8.60647e-20	FALSE	0
rs116671074	2	135240635	0.001707	-0.075	0.0239	0.0512	0.0512	56306	1417791	0.0381969436203995	A	G	FALSE	0	0	0	1.31156e-24	FALSE	0
rs116729390	2	135392632	0.3951	-0.0572	0.0672	0.9891	0.0109	23453	885618	0.0257988649951434	A	G	FALSE	0	0	0	7.77871e-27	FALSE	0
rs116737696	2	135269020	0.3009	-0.0445	0.043	0.0165	0.0165	56306	1417791	0.0381969436203995	T	C	FALSE	0	0	0	6.98154e-27	FALSE	0
rs116767626	2	135388188	0.4648	-0.0389	0.0532	0.0111	0.0111	37688	981372	0.0369831020744608	T	C	FALSE	0	4.44089209850063e-16	0	6.3311e-27	FALSE	0
rs116785524	2	135225973	0.423	-0.0196	0.0245	0.0454	0.0454	49928	1411453	0.03416494398107	C	G	FALSE	0	0	0	6.81257e-27	FALSE	0
rs11683004	2	135404141	1.818e-05	0.0526	0.0123	0.8156	0.1844	56306	1417791	0.0381969436203995	A	C	FALSE	0	0	0	2.21034e-111	FALSE	0
rs11683578	2	135392958	1.447e-05	0.0533	0.0123	0.8155	0.1845	56306	1417791	0.0381969436203995	C	G	FALSE	0	0	0	2.13522e-111	FALSE	0
rs11884051	2	135217891	0.7481	0.009	0.0279	0.0336	0.0336	49053	1411006	0.0335965875351613	A	G	FALSE	0	0	0	1.22519e-26	FALSE	0
rs11895833	2	135293915	0.06121	-0.0463	0.0247	0.0455	0.0455	56306	1417791	0.0381969436203995	A	C	FALSE	0	0	0	1.97287e-26	FALSE	0
rs12052207	2	135361272	6.708e-06	-0.0553	0.0123	0.1872	0.1872	56306	1417791	0.0381969436203995	A	G	FALSE	0	0	1	1	FALSE	1
rs12105166	2	135216275	0.00435	0.0442	0.0155	0.875	0.125	49928	1411453	0.03416494398107	C	G	FALSE	0	0	0	9.63698e-24	FALSE	0
rs12105552	2	135396506	0.001622	-0.0564	0.0179	0.0752	0.0752	56306	1417791	0.0381969436203995	C	G	FALSE	0	0	0	7.56141e-27	FALSE	0
rs12105557	2	135396658	0.001887	-0.0553	0.0178	0.0758	0.0758	56306	1417791	0.0381969436203995	A	G	FALSE	0	0	0	2.8736e-26	FALSE	0
rs12464320	2	135283132	0.000331	-0.0775	0.0216	0.0621	0.0621	56306	1417791	0.0381969436203995	T	G	FALSE	0	0	0	1.38824e-26	FALSE	0
rs12464492	2	135300920	0.009009	-0.0811	0.031	0.027	0.027	56306	1417791	0.0381969436203995	T	C	FALSE	0	0	0	8.93897e-27	FALSE	0
rs12466829	2	135328112	0.262	0.0573	0.0511	0.9883	0.0117	37688	981372	0.0369831020744608	T	C	FALSE	0	0	0	1.40505e-22	FALSE	0
rs12467184	2	135301529	0.215	-0.0598	0.0482	0.0137	0.0137	37688	981372	0.0369831020744608	A	G	FALSE	0	0	0	4.77751e-25	FALSE	0
rs12468553	2	135244765	0.0001395	-0.052	0.0136	0.1558	0.1558	55779	1417319	0.0378650979093041	T	C	FALSE	0	0	0	4.18616e-25	FALSE	0
rs12469390	2	135300885	0.007297	0.0861	0.0321	0.9741	0.0259	56306	1417791	0.0381969436203995	T	C	FALSE	0	0	0	1.06431e-18	FALSE	0
rs12472186	2	135330752	0.009113	-0.0835	0.032	0.0272	0.0272	56306	1417791	0.0381969436203995	C	G	FALSE	0	0	0	4.20783e-26	FALSE	0
rs12472783	2	135306092	0.01075	-0.0791	0.031	0.0272	0.0272	56306	1417791	0.0381969436203995	A	G	FALSE	0	0	0	9.16336e-27	FALSE	0
rs12473087	2	135457124	0.6467	-0.0389	0.0849	0.9873	0.0127	21772	884368	0.0240271922660957	T	C	FALSE	0	0	0	3.86882e-26	FALSE	0
rs12473509	2	135244569	0.0001401	0.052	0.0136	0.8442	0.1558	55779	1417319	0.0378650979093041	T	C	FALSE	0	0	0	9.15862e-22	FALSE	0
rs12473586	2	135244738	0.000132	0.0522	0.0136	0.844	0.156	55779	1417319	0.0378650979093041	T	C	FALSE	0	0	0	4.529e-22	FALSE	0
rs12475911	2	135246793	0.000108	0.0527	0.0136	0.8441	0.1559	55779	1417319	0.0378650979093041	T	C	FALSE	0	0	0	9.14122e-22	FALSE	0
rs12475920	2	135246872	0.0001166	0.0525	0.0136	0.8428	0.1572	55779	1417319	0.0378650979093041	T	C	FALSE	0	0	0	8.50254e-22	FALSE	0
rs12478044	2	135248530	0.0001271	0.052	0.0136	0.8439	0.1561	56306	1417791	0.0381969436203995	T	C	FALSE	0	0	0	7.29176e-22	FALSE	0
rs12478081	2	135248591	0.0001208	0.0522	0.0136	0.8441	0.1559	56306	1417791	0.0381969436203995	T	C	FALSE	0	0	0	8.07172e-22	FALSE	0
rs12478606	2	135246677	0.0001096	-0.0527	0.0136	0.1559	0.1559	55779	1417319	0.0378650979093041	A	G	FALSE	0	0	0	4.87546e-25	FALSE	0
rs12478710	2	135246958	5.618e-05	-0.0694	0.0172	0.1551	0.1551	42071	1322037	0.0308413996545728	A	G	FALSE	0	0	0	2.65641e-25	FALSE	0
rs12479434	2	135331056	0.006414	0.088	0.0323	0.9729	0.0271	56306	1417791	0.0381969436203995	A	G	FALSE	0	0	0	2.51059e-16	FALSE	0
rs12612203	2	135283524	0.1118	-0.0196	0.0123	0.2154	0.2154	56306	1417791	0.0381969436203995	A	G	FALSE	0	0	0	5.78991e-23	FALSE	0
rs12614292	2	135280476	0.6601	0.0075	0.017	0.0993	0.0993	37688	981372	0.0369831020744608	A	G	FALSE	0	0	0	1.66348e-25	FALSE	0
rs12622940	2	135363585	0.04973	-0.0551	0.0281	0.0404	0.0404	56306	1417791	0.0381969436203995	T	C	FALSE	0	0	0	3.30357e-26	FALSE	0
rs12623888	2	135292049	0.6631	0.0266	0.061	0.0165	0.0165	30962	975059	0.0307766935282663	A	G	FALSE	0	0	0	1.83354e-22	FALSE	0
rs12993676	2	135253824	0.6238	-0.0294	0.0599	0.0155	0.0155	49053	1411006	0.0335965875351613	C	G	FALSE	0	0	0	8.60835e-27	FALSE	0
rs12997756	2	135287249	0.003361	0.0327	0.0112	0.7373	0.2627	56306	1417791	0.0381969436203995	A	G	FALSE	0	0	0	6.39286e-27	FALSE	0
rs13009545	2	135225869	0.5229	-0.0168	0.0263	0.042	0.042	49928	1411453	0.03416494398107	T	C	FALSE	0	0	0	6.4137e-27	FALSE	0
rs13017778	2	135282268	0.07372	0.0225	0.0126	0.773	0.227	37688	981372	0.0369831020744608	T	C	FALSE	0	0	0	1.85562e-26	FALSE	0
rs13018063	2	135475808	1.955e-07	-0.0669	0.0129	0.1733	0.1733	56306	1417791	0.0381969436203995	A	G	FALSE	0	0	0	8.20563e-16	FALSE	0
rs13018116	2	135222213	0.592	0.0132	0.0246	0.9551	0.0449000000000001	49928	1411453	0.03416494398107	T	C	FALSE	0	0	0	8.01574e-27	FALSE	0
rs13020595	2	135283833	0.1378	0.0181	0.0122	0.7812	0.2188	56306	1417791	0.0381969436203995	A	G	FALSE	0	0	0	1.08138e-25	FALSE	0
rs13021575	2	135227605	0.4177	-0.0198	0.0245	0.0455	0.0455	49928	1411453	0.03416494398107	A	G	FALSE	0	0	0	8.03219e-27	FALSE	0
rs13021638	2	135287180	0.002957	-0.0327	0.011	0.2681	0.2681	56306	1417791	0.0381969436203995	T	C	FALSE	0	0	0	5.3323e-17	FALSE	0
rs13032705	2	135284718	0.003319	0.0323	0.011	0.7286	0.2714	56306	1417791	0.0381969436203995	T	G	FALSE	0	0	0	7.06089e-27	FALSE	0
rs13383547	2	135439189	0.005165	0.0937	0.0335	0.979	0.021	56306	1417791	0.0381969436203995	A	G	FALSE	0	0	0	0.000272763	FALSE	0
rs13385720	2	135260200	0.4761	-0.0118	0.0165	0.1014	0.1014	55794	1417509	0.0378700104459164	T	C	FALSE	0	0	0	2.24624e-26	FALSE	0
rs13386462	2	135439293	0.006947	0.0898	0.0333	0.9787	0.0213	56306	1417791	0.0381969436203995	T	G	FALSE	0	0	1	0.942089	FALSE	1
rs13389916	2	135446356	0.009175	0.086	0.033	0.9776	0.0224	56306	1417791	0.0381969436203995	A	G	FALSE	0	0	0	2.01703e-09	FALSE	0
rs13393514	2	135233313	0.5568	0.0141	0.0239	0.9531	0.0469000000000001	55779	1417319	0.0378650979093041	T	C	FALSE	0	0	0	3.31251e-25	FALSE	0
rs13399359	2	135470804	0.01153	-0.0841	0.0333	0.0211	0.0211	56306	1417791	0.0381969436203995	A	G	FALSE	0	0	0	8.28792e-24	FALSE	0
rs13418974	2	135456872	0.006021	-0.0918	0.0334	0.0223	0.0223	56306	1417791	0.0381969436203995	A	G	FALSE	0	0	0	1.53501e-21	FALSE	0
rs13421987	2	135217096	0.6643	0.0172	0.0396	0.9831	0.0169	55943	1417626	0.0379642894224838	A	T	FALSE	0	0	0	3.1133e-25	FALSE	0
rs13430630	2	135363994	0.004789	-0.0968	0.0343	0.0204	0.0204	56306	1417791	0.0381969436203995	T	C	FALSE	0	0	0	1.13557e-26	FALSE	0
rs13430862	2	135438185	0.005601	0.0928	0.0335	0.979	0.021	56306	1417791	0.0381969436203995	A	C	FALSE	0	0	0	9.78243e-05	FALSE	0
rs13431258	2	135447299	0.00845	-0.0878	0.0333	0.0218	0.0218	56306	1417791	0.0381969436203995	T	C	FALSE	0	0	0	1.84659e-24	FALSE	0
rs13431836	2	135447886	0.008502	-0.0891	0.0339	0.0214	0.0214	56306	1417791	0.0381969436203995	T	C	FALSE	0	0	0	1.90276e-24	FALSE	0
rs1378276	2	135236814	0.5332	0.0159	0.0255	0.0443	0.0443	50092	1411760	0.0342661226991515	A	G	FALSE	0	0	0	8.285e-27	FALSE	0
rs138372181	2	135306395	0.07875	0.0865	0.0492	0.9814	0.0186	56306	1417791	0.0381969436203995	T	C	FALSE	0	0	0	1.08124e-26	FALSE	0
rs138414158	2	135327769	0.8758	-0.0081	0.0521	0.0156	0.0156	56306	1417791	0.0381969436203995	T	C	FALSE	0	0	0	7.98471e-27	FALSE	0
rs138606429	2	135290625	0.01101	-0.2124	0.0836	0.0102	0.0102	15558	878337	0.0174047287433088	T	C	FALSE	0	0	0	1.0961e-24	FALSE	0
rs138861481	2	135226011	0.8843	-0.0092	0.0631	0.0125	0.0125	23980	886090	0.0263496214576901	T	C	FALSE	0	0	0	2.0518e-26	FALSE	0
rs1400498	2	135401339	9.545e-06	-0.054	0.0122	0.1865	0.1865	56306	1417791	0.0381969436203995	T	C	FALSE	0	0	0	2.33983e-54	FALSE	0
rs140307887	2	135367490	0.04864	-0.1261	0.0639	0.0157	0.0157	29266	973619	0.0291818104767745	C	G	FALSE	0	0	0	1.37978e-25	FALSE	0
rs141428132	2	135345245	0.01186	0.0897	0.0357	0.9805	0.0195	56306	1417791	0.0381969436203995	T	C	FALSE	0	0	0	4.01083e-20	FALSE	0
rs142221404	2	135461283	0.01153	0.0842	0.0333	0.978	0.022	56306	1417791	0.0381969436203995	A	G	FALSE	0	0	0	9.83437e-08	FALSE	0
rs143086025	2	135362377	0.8956	-0.0145	0.1106	0.9882	0.0118	19956	99673	0.166815738658686	C	G	FALSE	0	0	0	1.00268e-26	FALSE	0
rs143184943	2	135294690	0.0824	0.0849	0.0489	0.9891	0.0109	56306	1417791	0.0381969436203995	A	G	FALSE	0	0	0	2.24913e-25	FALSE	0
rs143280749	2	135457408	0.07975	-0.0993	0.0567	0.0101	0.0101	37688	981372	0.0369831020744608	A	G	FALSE	0	0	0	2.56419e-26	FALSE	0
rs143544349	2	135338251	0.004569	0.0508	0.0179	0.9028	0.0972	37688	981372	0.0369831020744608	C	G	FALSE	0	0	0	1.2525e-24	FALSE	0
rs144292139	2	135296900	0.1764	0.068	0.0503	0.9762	0.0238	56306	1417791	0.0381969436203995	A	G	FALSE	0	0	0	9.24144e-27	FALSE	0
rs144387695	2	135344842	0.004432	0.0985	0.0346	0.9796	0.0204	56306	1417791	0.0381969436203995	T	C	FALSE	0	0	0	0.00187089	FALSE	0
rs144872170	2	135419752	0.002752	-0.0653	0.0218	0.0769	0.0769	42598	1322509	0.0312048799105125	A	G	FALSE	0	0	0	8.00779e-27	FALSE	0
rs145688555	2	135388648	0.02671	0.1641	0.074	0.9861	0.0139	15558	878337	0.0174047287433088	T	C	FALSE	0	0	0	2.89125e-26	FALSE	0
rs1467195	2	135430607	0.001702	-0.0565	0.018	0.0749	0.0749	56306	1417791	0.0381969436203995	T	C	FALSE	0	0	0	2.74282e-24	FALSE	0
rs150950392	2	135229351	0.8508	-0.0113	0.0602	0.0118	0.0118	56306	1417791	0.0381969436203995	A	G	FALSE	0	0	0	1.36064e-26	FALSE	0
rs151153025	2	135342550	0.009912	-0.2161	0.0838	0.0139	0.0139	47382	544338	0.0800750354897587	A	G	FALSE	0	0	0	4.10303e-24	FALSE	0
rs1598279	2	135231203	0.4073	0.0137	0.0165	0.8988	0.1012	55779	1417319	0.0378650979093041	T	C	FALSE	0	0	0	1.77652e-21	FALSE	0
rs1598280	2	135231256	0.679	-0.0118	0.0286	0.9678	0.0322	49053	1411006	0.0335965875351613	T	C	FALSE	0	0	0	6.38702e-27	FALSE	0
rs16830673	2	135221136	0.8543	0.0037	0.0203	0.9347	0.0653	49053	1411006	0.0335965875351613	A	G	FALSE	0	0	0	1.862e-26	FALSE	0
rs16830676	2	135222427	0.8496	-0.0039	0.0204	0.065	0.065	49053	1411006	0.0335965875351613	T	C	FALSE	0	0	0	3.5041e-26	FALSE	0
rs16830700	2	135245276	0.5613	-0.0269	0.0463	0.0184	0.0184	56306	1417791	0.0381969436203995	A	G	FALSE	0	0	0	1.13517e-26	FALSE	0
rs16830706	2	135254283	0.4192	-0.0339	0.0419	0.017	0.017	56306	1417791	0.0381969436203995	T	G	FALSE	0	0	0	9.46623e-27	FALSE	0
rs16830733	2	135267253	0.0001579	-0.0495	0.0131	0.1719	0.1719	56306	1417791	0.0381969436203995	T	C	FALSE	0	0	0	1.78422e-26	FALSE	0
rs16830752	2	135277741	0.2674	-0.0483	0.0435	0.0164	0.0164	56306	1417791	0.0381969436203995	A	T	FALSE	0	0	0	6.56004e-27	FALSE	0
rs16830773	2	135300726	0.009093	-0.0809	0.031	0.027	0.027	56306	1417791	0.0381969436203995	C	G	FALSE	0	0	0	8.98845e-27	FALSE	0
rs16830788	2	135311194	0.01065	0.0796	0.0312	0.9728	0.0272	56306	1417791	0.0381969436203995	C	G	FALSE	0	0	0	5.99443e-17	FALSE	0
rs16830790	2	135312608	0.2182	-0.0744	0.0604	0.015	0.015	30962	975059	0.0307766935282663	T	C	FALSE	0	0	0	1.28296e-26	FALSE	0
rs16830808	2	135325708	0.007474	-0.0853	0.0319	0.0267	0.0267	56306	1417791	0.0381969436203995	T	G	FALSE	0	0	0	1.01855e-26	FALSE	0
rs16830810	2	135326853	0.01016	0.0822	0.032	0.9724	0.0276	56306	1417791	0.0381969436203995	T	C	FALSE	0	0	0	1.85313e-17	FALSE	0
rs16830811	2	135328854	0.01947	0.0831	0.0356	0.9783	0.0217000000000001	56306	1417791	0.0381969436203995	T	C	FALSE	0	0	0	1.10506e-22	FALSE	0
rs16830814	2	135328919	0.2534	-0.0587	0.0514	0.0116	0.0116	37688	981372	0.0369831020744608	A	G	FALSE	0	0	0	8.67016e-26	FALSE	0
rs16830827	2	135333557	0.08654	-0.0777	0.0453	0.0148	0.0148	56306	1417791	0.0381969436203995	A	G	FALSE	0	0	0	9.20094e-27	FALSE	0
rs16830847	2	135358298	0.003724	0.051	0.0176	0.9219	0.0781	56306	1417791	0.0381969436203995	T	C	FALSE	0	0	0	4.70111e-21	FALSE	0
rs16830865	2	135419075	0.001544	-0.0562	0.0178	0.076	0.076	56306	1417791	0.0381969436203995	A	G	FALSE	0	0	0	7.49054e-27	FALSE	0
rs16830876	2	135419365	0.001507	-0.0574	0.0181	0.0746	0.0746	56306	1417791	0.0381969436203995	T	C	FALSE	0	0	0	7.42273e-27	FALSE	0
rs16830888	2	135421558	0.001696	0.0559	0.0178	0.9244	0.0756	56306	1417791	0.0381969436203995	A	G	FALSE	0	0	0	8.76941e-17	FALSE	0
rs16830908	2	135438471	1.495e-08	-0.0741	0.0131	0.1657	0.1657	56306	1417791	0.0381969436203995	A	G	FALSE	0	0	0	8.48218e-25	FALSE	0
rs16830921	2	135466520	6.677e-05	-0.0711	0.0178	0.0806	0.0806	56306	1417791	0.0381969436203995	A	G	FALSE	0	0	0	3.13946e-26	FALSE	0
rs16830945	2	135471748	1.781e-07	0.0675	0.0129	0.8296	0.1704	56306	1417791	0.0381969436203995	T	C	FALSE	0	0	0	1.20481e-24	FALSE	0
rs16830954	2	135472435	0.01183	0.0838	0.0333	0.9789	0.0211	56306	1417791	0.0381969436203995	C	G	FALSE	0	0	0	8.776e-09	FALSE	0
rs17498551	2	135323853	0.2514	0.0583	0.0508	0.9884	0.0116000000000001	37688	981372	0.0369831020744608	A	G	FALSE	0	0	0	1.33993e-22	FALSE	0
rs17731115	2	135256974	0.0002157	-0.048	0.013	0.1731	0.1731	56306	1417791	0.0381969436203995	T	C	FALSE	0	0	0	5.26303e-26	FALSE	0
rs17731152	2	135257235	0.0002101	-0.048	0.0129	0.1727	0.1727	56306	1417791	0.0381969436203995	C	G	FALSE	0	0	0	6.34287e-26	FALSE	0
rs17731186	2	135259131	0.4671	0.0196	0.027	0.0403	0.0403	49053	1411006	0.0335965875351613	T	C	FALSE	0	0	0	1.43003e-26	FALSE	0
rs17731691	2	135283024	0.09787	-0.0209	0.0126	0.2211	0.2211	37688	981372	0.0369831020744608	T	G	FALSE	0	0	0	5.46879e-23	FALSE	0
rs17732597	2	135337191	0.002969	-0.0539	0.0181	0.0958	0.0958	37688	981372	0.0369831020744608	T	G	FALSE	0	0	0	1.73261e-24	FALSE	0
rs17733977	2	135470056	1.535e-07	-0.0681	0.013	0.1668	0.1668	56306	1417791	0.0381969436203995	A	G	FALSE	0	0	0	1.64534e-14	FALSE	0
rs17787224	2	135247309	0.0001016	-0.0529	0.0136	0.158	0.158	55779	1417319	0.0378650979093041	A	C	FALSE	0	0	0	5.09502e-25	FALSE	0
rs17787416	2	135253081	0.0001621	-0.0491	0.013	0.174	0.174	56306	1417791	0.0381969436203995	T	C	FALSE	0	0	0	6.26289e-26	FALSE	0
rs17787422	2	135254033	0.0001712	0.0487	0.013	0.8273	0.1727	56306	1417791	0.0381969436203995	C	G	FALSE	0	0	0	5.22685e-20	FALSE	0
rs17787469	2	135254941	0.000172	0.0486	0.0129	0.8273	0.1727	56306	1417791	0.0381969436203995	A	G	FALSE	0	0	0	1.82758e-19	FALSE	0
rs17787557	2	135256845	0.0002641	0.0479	0.0131	0.8315	0.1685	56306	1417791	0.0381969436203995	T	C	FALSE	0	0	0	9.24299e-20	FALSE	0
rs17787563	2	135256935	0.0002153	0.0481	0.013	0.828	0.172	56306	1417791	0.0381969436203995	A	G	FALSE	0	0	0	1.20559e-19	FALSE	0
rs17788003	2	135272705	0.2721	0.0533	0.0485	0.9857	0.0143	56306	1417791	0.0381969436203995	T	G	FALSE	0	3.49819108502736e-06	0	7.40399e-27	FALSE	0
rs17842800	2	135381665	0.003362	0.0515	0.0175	0.9219	0.0781	56306	1417791	0.0381969436203995	T	C	FALSE	0	0	0	2.33976e-18	FALSE	0
rs181985329	2	135399723	0.4381	-0.0448	0.0578	0.0139	0.0139	42598	1322509	0.0312048799105125	A	C	FALSE	0	0	0	1.43422e-26	FALSE	0
rs1840412	2	135231590	0.9496	-0.0014	0.0218	0.0572	0.0572	54904	1416872	0.037304589828887	A	G	FALSE	0	0	0	5.77634e-23	FALSE	0
rs1840413	2	135236250	0.9225	0.0021	0.0218	0.9442	0.0558	54904	1416872	0.037304589828887	T	C	FALSE	0	0	0	1.38148e-22	FALSE	0
rs1840414	2	135240640	0.7088	-0.0171	0.0459	0.0183	0.0183	56306	1417791	0.0381969436203995	A	G	FALSE	0	0	0	1.21e-26	FALSE	0
rs185083759	2	135253879	0.5588	0.0222	0.038	0.0332	0.0332	36747	1316643	0.0271518187662093	T	C	FALSE	0	0	0	7.54889e-27	FALSE	0
rs186946581	2	135441259	0.0981	-0.0935	0.0566	0.0159	0.0159	41429	1321541	0.0303961202374227	A	G	FALSE	0	0	0	1.00678e-24	FALSE	0
rs188751923	2	135379302	0.4897	-0.052	0.0753	0.9885	0.0115	23980	886090	0.0263496214576901	T	C	FALSE	0	0	0	6.25651e-27	FALSE	0
rs190052648	2	135286761	0.4967	0.0449	0.066	0.0113	0.0113	23090	885453	0.0254143172089819	A	G	FALSE	0	0	0	8.1433e-27	FALSE	0
rs190752212	2	135221188	0.1686	-0.1006	0.0731	0.9889	0.0111	15558	878337	0.0174047287433088	T	C	FALSE	0	0	0	8.3673e-27	FALSE	0
rs2012388	2	135261596	0.5137	-0.031	0.0475	0.0184	0.0184	42598	1322509	0.0312048799105125	T	C	FALSE	0	0	0	7.63652e-27	FALSE	0
rs2012389	2	135261595	0.5131	0.0311	0.0475	0.9816	0.0184	42598	1322509	0.0312048799105125	A	T	FALSE	0	0	0	5.89658e-26	FALSE	0
rs2014685	2	135255721	7.896e-05	-0.0645	0.0163	0.173	0.173	42598	1322509	0.0312048799105125	A	G	FALSE	0	0	0	9.71991e-26	FALSE	0
rs2014689	2	135255702	0.0001443	0.0502	0.0132	0.8328	0.1672	56306	1417791	0.0381969436203995	C	G	FALSE	0	0	0	2.28092e-19	FALSE	0
rs2014711	2	135255581	0.0003702	-0.048	0.0135	0.1732	0.1732	56306	1417791	0.0381969436203995	A	G	FALSE	0	0	0	3.95368e-26	FALSE	0
rs2033952	2	135235569	0.3878	-0.0143	0.0166	0.1006	0.1006	55779	1417319	0.0378650979093041	T	C	FALSE	0	0	0	6.79611e-24	FALSE	0
rs2276161	2	135470735	1.314e-07	0.0679	0.0129	0.8284	0.1716	56306	1417791	0.0381969436203995	A	T	FALSE	0	0	0	1.35106e-24	FALSE	0
rs2289469	2	135214042	0.02681	-0.0353	0.0159	0.1963	0.1963	42598	1322509	0.0312048799105125	A	G	FALSE	0	0	0	8.9113e-27	FALSE	0
rs2289470	2	135214259	0.001621	-0.0444	0.0141	0.1541	0.1541	50455	1411925	0.0345019762305283	A	G	FALSE	0	0	0	3.43862e-26	FALSE	0
rs2289471	2	135223497	0.8329	-0.0048	0.0229	0.0496	0.0496	55416	1417154	0.0376321668918965	A	C	FALSE	0	0	0	5.2342e-26	FALSE	0
rs2321981	2	135220931	0.8852	0.0039	0.0267	0.0378	0.0378	49053	1411006	0.0335965875351613	T	C	FALSE	0	0	0	1.2794e-24	FALSE	0
rs2321985	2	135268975	0.0001793	0.0489	0.013	0.8298	0.1702	56306	1417791	0.0381969436203995	T	C	FALSE	0	0	0	4.3396e-18	FALSE	0
rs2582922	2	135281233	0.04722	-0.0317	0.016	0.1844	0.1844	37688	981372	0.0369831020744608	C	G	FALSE	0	0	0	6.77724e-27	FALSE	0
rs34096919	2	135285071	0.00238	-0.0333	0.011	0.2688	0.2688	56306	1417791	0.0381969436203995	A	G	FALSE	0	0	0	1.55276e-19	FALSE	0
rs34314628	2	135455231	1.767e-07	-0.0683	0.0131	0.1664	0.1664	56306	1417791	0.0381969436203995	T	C	FALSE	0	0	0	7.65532e-16	FALSE	0
rs34432035	2	135217283	0.7667	-0.0079	0.0266	0.0484	0.0484	49416	1411171	0.0338329726336055	T	C	FALSE	0	0	0	3.66596e-25	FALSE	0
rs34434133	2	135229519	0.4018	0.0205	0.0245	0.9546	0.0454	49928	1411453	0.03416494398107	C	G	FALSE	0	0	0	9.44402e-27	FALSE	0
rs34581448	2	135218193	0.4893	-0.0168	0.0243	0.0456	0.0456	49928	1411453	0.03416494398107	T	C	FALSE	0	0	0	6.22153e-27	FALSE	0
rs34637994	2	135237639	0.5146	0.0161	0.0246	0.9551	0.0449000000000001	49928	1411453	0.03416494398107	A	G	FALSE	0	0	0	1.01775e-26	FALSE	0
rs34824072	2	135287135	0.00254	-0.0331	0.011	0.2691	0.2691	56306	1417791	0.0381969436203995	T	C	FALSE	0	0	0	2.75561e-15	FALSE	0
rs35105170	2	135229098	0.4035	-0.0205	0.0245	0.0454	0.0454	49928	1411453	0.03416494398107	A	T	FALSE	0	0	0	8.20587e-27	FALSE	0
rs35187499	2	135219879	0.5447	0.0149	0.0246	0.955	0.045	49928	1411453	0.03416494398107	A	G	FALSE	0	0	0	2.017e-26	FALSE	0
rs35299271	2	135455145	0.9942	-3e-04	0.045	0.0234	0.0234	56306	1417791	0.0381969436203995	T	C	FALSE	0	0	0	6.30057e-27	FALSE	0
rs35375510	2	135234858	0.4605	-0.0182	0.0246	0.045	0.045	49928	1411453	0.03416494398107	T	C	FALSE	0	0	0	6.9371e-27	FALSE	0
rs35381820	2	135217279	0.4911	-0.0177	0.0257	0.0431	0.0431	49928	1411453	0.03416494398107	T	C	FALSE	0	0	0	7.36918e-27	FALSE	0
rs35628964	2	135221962	0.4593	-0.018	0.0243	0.0456	0.0456	49928	1411453	0.03416494398107	A	G	FALSE	0	0	0	6.18176e-27	FALSE	0
rs35646994	2	135233512	0.3934	0.0209	0.0245	0.9546	0.0454	49928	1411453	0.03416494398107	T	C	FALSE	0	0	0	1.05812e-26	FALSE	0
rs35709592	2	135229536	0.4014	-0.0205	0.0245	0.0454	0.0454	49928	1411453	0.03416494398107	T	C	FALSE	0	0	0	8.20587e-27	FALSE	0
rs35778869	2	135220482	0.4796	0.0172	0.0243	0.9544	0.0456	49928	1411453	0.03416494398107	A	G	FALSE	0	0	0	1.49995e-26	FALSE	0
rs35815072	2	135235583	0.4545	-0.0184	0.0246	0.045	0.045	49928	1411453	0.03416494398107	A	T	FALSE	0	0	0	6.96515e-27	FALSE	0
rs35936505	2	135218963	0.7008	0.0069	0.0181	0.9148	0.0852000000000001	49053	1411006	0.0335965875351613	T	C	FALSE	0	0	0	4.8418e-24	FALSE	0
rs36054644	2	135287101	0.00233	0.0334	0.011	0.7314	0.2686	56306	1417791	0.0381969436203995	T	C	FALSE	0	0	0	6.61357e-27	FALSE	0
rs4440018	2	135437405	2.14e-06	-0.047	0.0099	0.3643	0.3643	56306	1417791	0.0381969436203995	A	G	FALSE	0	0	1	1	FALSE	1
rs4553872	2	135459255	2.36e-07	-0.0664	0.0128	0.1773	0.1773	56306	1417791	0.0381969436203995	A	G	FALSE	3	1	0	3.53989e-134	FALSE	1
rs472299	2	135226957	0.5818	0.008	0.0146	0.2416	0.2416	42598	1322509	0.0312048799105125	T	G	FALSE	0	0	0	1.14851e-25	FALSE	0
rs474031	2	135243175	0.4705	-0.0089	0.0123	0.2056	0.2056	55137	1416823	0.0374582189733417	A	T	FALSE	0	0	0	5.22593e-26	FALSE	0
rs479297	2	135284028	0.009758	-0.0413	0.016	0.1822	0.1822	42598	1322509	0.0312048799105125	C	G	FALSE	0	0	0	4.41119e-25	FALSE	0
rs480368	2	135237274	0.3855	0.0092	0.0106	0.6948	0.3052	56306	1417791	0.0381969436203995	T	C	FALSE	0	0	0	2.42993e-26	FALSE	0
rs481396	2	135237405	0.3933	0.0091	0.0106	0.6958	0.3042	56306	1417791	0.0381969436203995	T	C	FALSE	0	0	0	1.57491e-26	FALSE	0
rs491200	2	135257289	0.5888	-0.0063	0.0117	0.2256	0.2256	56306	1417791	0.0381969436203995	T	C	FALSE	0	0	0	5.69736e-23	FALSE	0
rs491758	2	135288138	0.000454	-0.042	0.012	0.2241	0.2241	55137	1416823	0.0374582189733417	A	G	FALSE	0	0	0	1.13513e-26	FALSE	0
rs494905	2	135240324	0.6768	-0.0052	0.0125	0.1878	0.1878	56306	1417791	0.0381969436203995	A	G	FALSE	0	0	0	4.41186e-23	FALSE	0
rs4953919	2	135252864	0.0001629	0.049	0.013	0.826	0.174	56306	1417791	0.0381969436203995	A	C	FALSE	0	0	0	1.21655e-19	FALSE	0
rs4953921	2	135286448	0.002483	0.0332	0.011	0.7314	0.2686	56306	1417791	0.0381969436203995	A	G	FALSE	0	0	0	6.73543e-27	FALSE	0
rs4953923	2	135445946	1.78e-07	-0.068	0.013	0.1688	0.1688	56306	1417791	0.0381969436203995	T	C	FALSE	0	0	0	3.27494e-10	FALSE	0
rs4954147	2	135240497	0.0001508	-0.052	0.0137	0.1576	0.1576	55779	1417319	0.0378650979093041	T	C	FALSE	0	0	0	5.32001e-25	FALSE	0
rs4954148	2	135249662	0.000127	0.0519	0.0135	0.8441	0.1559	56306	1417791	0.0381969436203995	T	C	FALSE	0	0	0	5.94615e-22	FALSE	0
rs4954149	2	135252835	0.0001568	0.0492	0.013	0.826	0.174	56306	1417791	0.0381969436203995	T	G	FALSE	0	0	0	1.27465e-19	FALSE	0
rs4954150	2	135258806	0.0001801	-0.0511	0.0136	0.1545	0.1545	56306	1417791	0.0381969436203995	T	C	FALSE	0	0	0	1.18294e-25	FALSE	0
rs4954151	2	135264750	0.000441	0.0479	0.0136	0.8467	0.1533	56306	1417791	0.0381969436203995	A	G	FALSE	0	0	0	1.54625e-20	FALSE	0
rs4954162	2	135438789	1.497e-08	-0.0746	0.0132	0.1642	0.1642	56306	1417791	0.0381969436203995	A	G	FALSE	0	0	0	1.92763e-17	FALSE	0
rs4954164	2	135458065	1.55e-07	-0.0684	0.013	0.1667	0.1667	56306	1417791	0.0381969436203995	A	T	FALSE	0	0	0	1.99567e-15	FALSE	0
rs4954167	2	135460254	0.0002949	-0.0573	0.0158	0.1689	0.1689	42598	1322509	0.0312048799105125	A	T	FALSE	0	0	0	7.83585e-25	FALSE	0
rs4954168	2	135465073	1.363e-07	-0.0678	0.0129	0.1717	0.1717	56306	1417791	0.0381969436203995	T	C	FALSE	0	0	0	8.07104e-10	FALSE	0
rs4954169	2	135475196	0.0002893	0.0567	0.0157	0.8263	0.1737	42598	1322509	0.0312048799105125	T	C	FALSE	0	0	0	8.66521e-26	FALSE	0
rs503755	2	135228060	0.7611	0.0037	0.0123	0.7983	0.2017	56306	1417791	0.0381969436203995	T	C	FALSE	0	0	0	7.86849e-26	FALSE	0
rs507968	2	135253960	0.5552	-0.0069	0.0117	0.2266	0.2266	56306	1417791	0.0381969436203995	A	T	FALSE	0	0	0	3.56136e-24	FALSE	0
rs508247	2	135228534	0.3873	0.0092	0.0106	0.6939	0.3061	56306	1417791	0.0381969436203995	A	G	FALSE	0	0	0	1.28626e-26	FALSE	0
rs513344	2	135264022	0.6683	-0.005	0.0117	0.2243	0.2243	56306	1417791	0.0381969436203995	T	C	FALSE	0	0	0	2.47133e-23	FALSE	0
rs521507	2	135264895	0.6304	-0.0056	0.0117	0.2236	0.2236	56306	1417791	0.0381969436203995	A	G	FALSE	0	0	0	2.54157e-23	FALSE	0
rs522227	2	135258363	0.3121	0.0106	0.0104	0.6751	0.3249	56306	1417791	0.0381969436203995	A	G	FALSE	0	0	0	9.72971e-27	FALSE	0
rs523905	2	135268006	0.2156	0.0128	0.0104	0.6555	0.3445	56306	1417791	0.0381969436203995	A	G	FALSE	0	0	0	9.8344e-27	FALSE	0
rs524900	2	135258645	0.3123	0.0106	0.0104	0.6748	0.3252	56306	1417791	0.0381969436203995	A	G	FALSE	0	0	0	1.53631e-26	FALSE	0
rs524913	2	135272132	0.4472	-0.0094	0.0123	0.203	0.203	56306	1417791	0.0381969436203995	A	G	FALSE	0	0	0	7.50939e-23	FALSE	0
rs540053	2	135261737	0.6377	-0.0055	0.0117	0.2241	0.2241	56306	1417791	0.0381969436203995	T	C	FALSE	0	0	0	2.57157e-23	FALSE	0
rs542851	2	135292926	7.904e-05	0.0504	0.0128	0.8106	0.1894	56306	1417791	0.0381969436203995	A	G	FALSE	0	0	0	8.52333e-24	FALSE	0
rs547177	2	135215941	0.3858	-0.0092	0.0106	0.3107	0.3107	56306	1417791	0.0381969436203995	A	G	FALSE	0	0	0	4.35874e-24	FALSE	0
rs549995	2	135265715	0.6602	-0.0052	0.0117	0.2258	0.2258	56306	1417791	0.0381969436203995	A	C	FALSE	0	0	0	1.42142e-23	FALSE	0
rs555990	2	135289232	0.0003403	-0.0455	0.0127	0.192	0.192	56306	1417791	0.0381969436203995	C	G	FALSE	0	0	0	2.20556e-24	FALSE	0
rs55654488	2	135226768	0.0007238	-0.0573	0.017	0.1016	0.1016	49928	1411453	0.03416494398107	A	G	FALSE	0	0	0	1.01528e-24	FALSE	0
rs55703835	2	135256183	0.0003394	-0.0484	0.0135	0.1573	0.1573	56306	1417791	0.0381969436203995	A	G	FALSE	0	0	0	5.31037e-25	FALSE	0
rs55746916	2	135402294	0.0008457	-0.0837	0.0251	0.0458	0.0458	56306	1417791	0.0381969436203995	T	C	FALSE	0	0	0	5.42399e-25	FALSE	0
rs55798200	2	135241771	0.0001336	-0.0523	0.0137	0.1557	0.1557	55779	1417319	0.0378650979093041	T	G	FALSE	0	0	0	5.80897e-25	FALSE	0
rs55808946	2	135421960	0.001462	0.0573	0.018	0.9251	0.0749	56306	1417791	0.0381969436203995	C	G	FALSE	0	0	0	8.08508e-17	FALSE	0
rs55873124	2	135417781	0.001612	-0.056	0.0178	0.0761	0.0761	56306	1417791	0.0381969436203995	A	G	FALSE	0	0	0	7.44265e-27	FALSE	0
rs55888129	2	135249303	0.0001256	0.0519	0.0135	0.8441	0.1559	56306	1417791	0.0381969436203995	T	C	FALSE	0	0	0	7.866e-22	FALSE	0
rs55888392	2	135245649	0.0001414	0.052	0.0137	0.8445	0.1555	55779	1417319	0.0378650979093041	A	G	FALSE	0	0	0	3.44126e-22	FALSE	0
rs55893044	2	135248142	0.0001779	0.0514	0.0137	0.8461	0.1539	56306	1417791	0.0381969436203995	T	G	FALSE	0	0	0	7.00837e-22	FALSE	0
rs55925095	2	135416023	0.0009819	0.0583	0.0177	0.9229	0.0771	56306	1417791	0.0381969436203995	T	C	FALSE	0	0	0	8.26372e-19	FALSE	0
rs55940643	2	135337261	0.00258	-0.0543	0.018	0.0965	0.0965	37688	981372	0.0369831020744608	T	G	FALSE	0	0	0	3.78094e-25	FALSE	0
rs56049411	2	135336998	0.0088	0.0586	0.0224	0.9022	0.0978	23980	886090	0.0263496214576901	A	T	FALSE	0	0	0	1.17322e-23	FALSE	0
rs56081667	2	135217369	0.755	0.009	0.0289	0.0534	0.0534	35708	1315889	0.0264191175328149	A	C	FALSE	0	0	0	2.28972e-24	FALSE	0
rs56087458	2	135245376	0.000134	-0.0521	0.0136	0.1558	0.1558	55779	1417319	0.0378650979093041	A	T	FALSE	0	0	0	4.27761e-25	FALSE	0
rs56122624	2	135245706	0.000142	0.0523	0.0137	0.8457	0.1543	55779	1417319	0.0378650979093041	T	C	FALSE	0	0	0	7.46005e-22	FALSE	0
rs56131490	2	135263081	0.0002322	-0.0502	0.0136	0.1547	0.1547	56306	1417791	0.0381969436203995	A	G	FALSE	0	0	0	5.62393e-25	FALSE	0
rs56143948	2	135416855	0.002073	0.0666	0.0216	0.9216	0.0784	42598	1322509	0.0312048799105125	A	G	FALSE	0	0	0	1.23544e-18	FALSE	0
rs56172528	2	135420421	0.001665	0.056	0.0178	0.9243	0.0757	56306	1417791	0.0381969436203995	A	G	FALSE	0	0	0	4.11989e-15	FALSE	0
rs56253582	2	135350374	0.003671	0.0628	0.0216	0.9203	0.0797	42598	1322509	0.0312048799105125	T	C	FALSE	0	0	0	4.84304e-20	FALSE	0
rs56303711	2	135417550	0.0009521	0.0589	0.0178	0.9236	0.0764	56306	1417791	0.0381969436203995	T	C	FALSE	0	0	0	6.45551e-18	FALSE	0
rs56321858	2	135377488	0.002676	0.0531	0.0177	0.9218	0.0782000000000001	56306	1417791	0.0381969436203995	A	G	FALSE	0	0	0	6.4406e-21	FALSE	0
rs56355824	2	135303941	0.01082	0.0789	0.0309	0.9728	0.0272	56306	1417791	0.0381969436203995	T	C	FALSE	0	0	0	6.19673e-17	FALSE	0
rs56356951	2	135303551	0.01077	-0.079	0.031	0.0273	0.0273	56306	1417791	0.0381969436203995	A	C	FALSE	0	0	0	1.35016e-26	FALSE	0
rs564234	2	135219254	0.8467	-0.0023	0.0121	0.2074	0.2074	56306	1417791	0.0381969436203995	A	G	FALSE	0	0	0	4.59284e-25	FALSE	0
rs566650	2	135262376	0.6449	-0.0054	0.0117	0.2242	0.2242	56306	1417791	0.0381969436203995	A	C	FALSE	0	0	0	2.50441e-23	FALSE	0
rs56710013	2	135424637	0.001492	-0.0566	0.0178	0.0759	0.0759	56306	1417791	0.0381969436203995	A	G	FALSE	0	0	0	8.67039e-27	FALSE	0
rs56961558	2	135306886	0.05821	-0.0915	0.0483	0.0113	0.0113	56306	1417791	0.0381969436203995	A	T	FALSE	0	0	0	3.65641e-26	FALSE	0
rs56993550	2	135350075	0.003739	0.1002	0.0346	0.9798	0.0202	56306	1417791	0.0381969436203995	A	G	FALSE	0	0	0	3.97184e-19	FALSE	0
rs57000054	2	135420594	0.001631	-0.0561	0.0178	0.0757	0.0757	56306	1417791	0.0381969436203995	A	G	FALSE	0	0	0	7.42288e-27	FALSE	0
rs57037353	2	135425262	0.001525	-0.0565	0.0178	0.0759	0.0759	56306	1417791	0.0381969436203995	T	C	FALSE	0	0	0	8.62752e-27	FALSE	0
rs57048063	2	135252029	0.0001845	0.0492	0.0132	0.8321	0.1679	56306	1417791	0.0381969436203995	T	C	FALSE	0	0	0	1.62096e-19	FALSE	0
rs570579	2	135246789	0.7006	0.0049	0.0126	0.8127	0.1873	56306	1417791	0.0381969436203995	T	C	FALSE	0	0	0	6.25776e-25	FALSE	0
rs57060541	2	135419006	0.001607	0.056	0.0178	0.924	0.076	56306	1417791	0.0381969436203995	A	G	FALSE	0	0	0	1.52954e-15	FALSE	0
rs57090975	2	135422071	0.001639	0.0561	0.0178	0.9243	0.0757	56306	1417791	0.0381969436203995	T	C	FALSE	0	0	0	9.59535e-17	FALSE	0
rs57281236	2	135315130	0.2051	0.0679	0.0536	0.9888	0.0112	56306	1417791	0.0381969436203995	A	G	FALSE	0	0	0	2.79749e-23	FALSE	0
rs57294086	2	135416409	0.0009872	-0.0583	0.0177	0.0771	0.0771	56306	1417791	0.0381969436203995	T	C	FALSE	0	0	0	2.26146e-26	FALSE	0
rs57351353	2	135423780	0.001466	0.0574	0.0181	0.9255	0.0745	56306	1417791	0.0381969436203995	C	G	FALSE	0	0	0	1.68257e-19	FALSE	0
rs57459454	2	135247971	0.501	-0.0163	0.0242	0.0483	0.0483	49928	1411453	0.03416494398107	A	C	FALSE	0	0	0	6.23022e-27	FALSE	0
rs574935	2	135239297	0.4976	0.0086	0.0126	0.8132	0.1868	56306	1417791	0.0381969436203995	T	C	FALSE	0	0	0	3.62264e-25	FALSE	0
rs57504074	2	135247223	0.4919	0.0141	0.0205	0.9303	0.0697	49053	1411006	0.0335965875351613	T	C	FALSE	0	0	0	7.12474e-27	FALSE	0
rs57736599	2	135349574	0.00355	0.1001	0.0343	0.9795	0.0205	56306	1417791	0.0381969436203995	A	G	FALSE	0	0	0	0.0549478	FALSE	0
rs57876245	2	135420684	0.001726	-0.0561	0.0179	0.0752	0.0752	56306	1417791	0.0381969436203995	A	G	FALSE	0	0	0	7.91136e-27	FALSE	0
rs57891321	2	135389790	0.00219	-0.0544	0.0178	0.076	0.076	56306	1417791	0.0381969436203995	A	G	FALSE	0	0	0	2.60558e-26	FALSE	0
rs57891859	2	135464616	4.553e-14	0.0807	0.0107	0.7185	0.2815	56306	1417791	0.0381969436203995	A	G	TRUE	0	3.7292391397159e-13	1	1	FALSE	1
rs58184566	2	135376160	0.003514	0.0512	0.0176	0.9219	0.0781	56306	1417791	0.0381969436203995	T	C	FALSE	0	0	0	2.38042e-18	FALSE	0
rs58258503	2	135418089	0.001426	-0.0585	0.0183	0.0735	0.0735	56306	1417791	0.0381969436203995	A	G	FALSE	0	0	0	3.45134e-26	FALSE	0
rs58290425	2	135416582	0.0008479	-0.0595	0.0178	0.0764	0.0764	56306	1417791	0.0381969436203995	A	G	FALSE	0	0	0	2.08677e-26	FALSE	0
rs58396147	2	135304146	0.009771	-0.0805	0.0312	0.0266	0.0266	56306	1417791	0.0381969436203995	T	C	FALSE	0	0	0	9.19844e-27	FALSE	0
rs584175	2	135269464	0.6423	0.0055	0.0118	0.7775	0.2225	56306	1417791	0.0381969436203995	A	C	FALSE	0	0	0	7.15748e-25	FALSE	0
rs58481937	2	135343228	0.05787	-0.0718	0.0379	0.0331	0.0331	42598	1322509	0.0312048799105125	T	C	FALSE	0	0	0	4.86068e-26	FALSE	0
rs58499983	2	135415228	0.00309	0.0537	0.0182	0.9238	0.0762000000000001	55137	1416823	0.0374582189733417	T	C	FALSE	0	0	0	7.77761e-20	FALSE	0
rs58620777	2	135377699	0.003321	0.0517	0.0176	0.9221	0.0779	56306	1417791	0.0381969436203995	A	C	FALSE	0	0	0	2.94951e-18	FALSE	0
rs58626212	2	135447055	1.181e-07	-0.0698	0.0132	0.1677	0.1677	56306	1417791	0.0381969436203995	A	G	FALSE	0	0	0	7.80641e-26	FALSE	0
rs58713275	2	135303704	0.01263	0.0771	0.0309	0.9727	0.0273	56306	1417791	0.0381969436203995	A	G	FALSE	0	0	0	4.0292e-17	FALSE	0
rs587201	2	135224353	0.847	-0.0023	0.0121	0.2056	0.2056	56306	1417791	0.0381969436203995	T	C	FALSE	0	0	0	6.49565e-25	FALSE	0
rs58731285	2	135218327	0.09157	-0.0941	0.0558	0.013	0.013	28880	973126	0.0288221827015008	T	C	FALSE	0	0	0	2.04428e-25	FALSE	0
rs58759292	2	135455789	0.5891	-0.0458	0.0849	0.9874	0.0125999999999999	21772	884368	0.0240271922660957	A	G	FALSE	0	0	0	5.10625e-26	FALSE	0
rs58861613	2	135417482	0.001076	-0.0579	0.0177	0.077	0.077	56306	1417791	0.0381969436203995	A	G	FALSE	0	0	0	1.53975e-26	FALSE	0
rs58914814	2	135420415	0.00179	-0.0556	0.0178	0.076	0.076	56306	1417791	0.0381969436203995	A	G	FALSE	0	0	0	7.25941e-27	FALSE	0
rs58936112	2	135421766	0.001683	0.056	0.0178	0.9244	0.0756	56306	1417791	0.0381969436203995	A	C	FALSE	0	0	0	8.77567e-17	FALSE	0
rs589530	2	135224884	0.863	0.0021	0.012	0.7928	0.2072	56306	1417791	0.0381969436203995	A	G	FALSE	0	0	0	2.17958e-25	FALSE	0
rs59040841	2	135416341	0.0008853	0.0588	0.0177	0.9228	0.0772	56306	1417791	0.0381969436203995	A	G	FALSE	0	0	0	3.73938e-19	FALSE	0
rs59196405	2	135417932	0.001642	0.0559	0.0178	0.924	0.076	56306	1417791	0.0381969436203995	T	G	FALSE	0	0	0	1.69038e-15	FALSE	0
rs59216238	2	135306942	0.05059	0.0941	0.0481	0.9886	0.0114	56306	1417791	0.0381969436203995	A	T	FALSE	0	0	0	2.92086e-25	FALSE	0
rs59308164	2	135420390	0.001608	0.0562	0.0178	0.9244	0.0756	56306	1417791	0.0381969436203995	T	C	FALSE	0	0	0	4.54402e-15	FALSE	0
rs59357769	2	135308431	0.0003701	0.0543	0.0153	0.7795	0.2205	42598	1322509	0.0312048799105125	A	G	FALSE	0	0	0	5.30562e-25	FALSE	0
rs59386086	2	135425840	0.001536	-0.0576	0.0182	0.0741	0.0741	56306	1417791	0.0381969436203995	A	C	FALSE	0	0	0	3.15612e-26	FALSE	0
rs59443696	2	135420815	0.001461	0.0571	0.018	0.925	0.075	56306	1417791	0.0381969436203995	T	G	FALSE	0	0	0	1.13163e-16	FALSE	0
rs59458946	2	135349586	0.003121	0.1025	0.0347	0.9798	0.0202	56306	1417791	0.0381969436203995	A	G	FALSE	0	0	0	2.65677e-18	FALSE	0
rs59495227	2	135427986	0.001561	-0.0565	0.0179	0.0769	0.0769	56306	1417791	0.0381969436203995	A	G	FALSE	0	0	0	8.50933e-27	FALSE	0
rs59551408	2	135418706	0.001653	0.0559	0.0178	0.9239	0.0760999999999999	56306	1417791	0.0381969436203995	T	C	FALSE	0	0	0	8.14736e-15	FALSE	0
rs59583311	2	135419291	0.001247	0.0578	0.0179	0.9243	0.0757	56306	1417791	0.0381969436203995	A	T	FALSE	0	0	0	3.12776e-15	FALSE	0
rs596403	2	135237290	0.7976	0.0031	0.0121	0.794	0.206	56306	1417791	0.0381969436203995	A	G	FALSE	0	0	0	7.89388e-26	FALSE	0
rs597299	2	135237471	0.7381	-0.004	0.0121	0.2063	0.2063	56306	1417791	0.0381969436203995	A	G	FALSE	0	0	0	8.63593e-25	FALSE	0
rs59774475	2	135417742	0.001023	0.0581	0.0177	0.923	0.077	56306	1417791	0.0381969436203995	T	C	FALSE	0	0	0	5.29706e-18	FALSE	0
rs598654	2	135270377	0.4395	-0.0109	0.014	0.1455	0.1455	56306	1417791	0.0381969436203995	A	C	FALSE	0	0	0	1.93512e-22	FALSE	0
rs598668	2	135248544	0.001339	0.0331	0.0103	0.6577	0.3423	56306	1417791	0.0381969436203995	A	G	FALSE	0	0	0	3.0388e-26	FALSE	0
rs59908691	2	135327189	0.446	0.0524	0.0687	0.9838	0.0162	28877	403813	0.0667383114932169	A	C	FALSE	0	0	0	1.20504e-26	FALSE	0
rs59938379	2	135421678	0.001709	0.0561	0.0179	0.9247	0.0753	56306	1417791	0.0381969436203995	T	C	FALSE	0	0	0	1.51521e-19	FALSE	0
rs60331123	2	135417462	0.001055	0.058	0.0177	0.923	0.077	56306	1417791	0.0381969436203995	A	G	FALSE	0	0	0	5.079e-18	FALSE	0
rs60394979	2	135418411	0.001598	-0.0561	0.0178	0.076	0.076	56306	1417791	0.0381969436203995	A	G	FALSE	0	0	0	7.45396e-27	FALSE	0
rs60570360	2	135295215	0.08368	-0.0834	0.0482	0.0112	0.0112	56306	1417791	0.0381969436203995	C	G	FALSE	0	0	0	5.25868e-25	FALSE	0
rs60802178	2	135268836	0.0002476	-0.0475	0.013	0.1742	0.1742	56306	1417791	0.0381969436203995	A	G	FALSE	0	0	0	1.35815e-26	FALSE	0
rs60857873	2	135417021	0.001054	0.058	0.0177	0.923	0.077	56306	1417791	0.0381969436203995	T	C	FALSE	0	0	0	4.13239e-18	FALSE	0
rs60911848	2	135389228	0.002064	-0.0548	0.0178	0.076	0.076	56306	1417791	0.0381969436203995	A	G	FALSE	0	0	0	2.78439e-26	FALSE	0
rs60929006	2	135419219	0.001537	0.0563	0.0178	0.924	0.076	56306	1417791	0.0381969436203995	T	C	FALSE	0	0	0	1.76734e-15	FALSE	0
rs609299	2	135220655	0.5623	0.0062	0.0108	0.7092	0.2908	56306	1417791	0.0381969436203995	A	G	FALSE	0	0	0	1.67729e-26	FALSE	0
rs60944508	2	135303870	0.01114	-0.0786	0.031	0.0272	0.0272	56306	1417791	0.0381969436203995	A	G	FALSE	0	0	0	1.37308e-26	FALSE	0
rs61018550	2	135416237	0.0006454	-0.0613	0.018	0.0759	0.0759	56306	1417791	0.0381969436203995	A	G	FALSE	0	0	0	2.77875e-26	FALSE	0
rs610624	2	135213762	0.3466	0.0099	0.0105	0.6834	0.3166	56306	1417791	0.0381969436203995	T	C	FALSE	0	0	0	9.36026e-27	FALSE	0
rs61067551	2	135345561	0.003682	-0.0516	0.0178	0.0787	0.0787	56306	1417791	0.0381969436203995	A	G	FALSE	0	0	0	3.11791e-26	FALSE	0
rs61551361	2	135237689	0.003547	0.0451	0.0155	0.8753	0.1247	55779	1417319	0.0378650979093041	T	C	FALSE	0	0	0	1.52506e-23	FALSE	0
rs61609849	2	135313930	0.08033	-0.1036	0.0592	0.0157	0.0157	30962	975059	0.0307766935282663	A	G	FALSE	0	0	0	3.22846e-26	FALSE	0
rs61621905	2	135349603	0.004091	-0.0988	0.0344	0.0215	0.0215	56306	1417791	0.0381969436203995	T	C	FALSE	0	0	0	6.41648e-27	FALSE	0
rs616936	2	135233013	0.3856	0.0092	0.0106	0.6939	0.3061	56306	1417791	0.0381969436203995	A	G	FALSE	0	0	0	1.40274e-26	FALSE	0
rs620364	2	135213413	0.6049	-0.0069	0.0133	0.185	0.185	49416	1411171	0.0338329726336055	A	G	FALSE	0	0	0	2.61562e-25	FALSE	0
rs62168960	2	135218248	0.06877	0.0557	0.0306	0.0308	0.0308	49053	1411006	0.0335965875351613	C	G	FALSE	0	0	0	1.41648e-26	FALSE	0
rs62168961	2	135219638	0.4872	-0.0137	0.0197	0.0758	0.0758	47884	1410038	0.032844006743845	A	G	FALSE	0	0	0	7.98745e-26	FALSE	0
rs62168977	2	135226574	0.9955	1e-04	0.0212	0.0627	0.0627	49053	1411006	0.0335965875351613	C	G	FALSE	0	0	0	3.73323e-26	FALSE	0
rs62168978	2	135243133	0.1679	0.0611	0.0443	0.9722	0.0278	49053	1411006	0.0335965875351613	T	G	FALSE	0	0	0	7.53324e-27	FALSE	0
rs62169000	2	135316413	0.3137	-0.0583	0.0579	0.0102	0.0102	36133	979911	0.0355624362724449	T	C	FALSE	0	0	0	4.62306e-26	FALSE	0
rs62171377	2	135439752	2.146e-08	-0.0734	0.0131	0.1644	0.1644	56306	1417791	0.0381969436203995	A	G	FALSE	0	0	0	6.78249e-17	FALSE	0
rs62171378	2	135443955	1.118e-07	0.0702	0.0132	0.8363	0.1637	56306	1417791	0.0381969436203995	A	G	FALSE	0	0	0	4.33683e-22	FALSE	0
rs62171393	2	135475960	1.078e-07	0.0691	0.013	0.8335	0.1665	56306	1417791	0.0381969436203995	C	G	FALSE	1	0.999996501808542	0	7.36156e-23	FALSE	1
rs626501	2	135288375	0.0005161	-0.0442	0.0127	0.1864	0.1864	56306	1417791	0.0381969436203995	A	G	FALSE	0	0	0	4.38729e-24	FALSE	0
rs627244	2	135246772	0.001289	-0.0333	0.0103	0.3419	0.3419	56306	1417791	0.0381969436203995	T	G	FALSE	0	0	0	5.78487e-22	FALSE	0
rs628151	2	135246553	0.6645	0.0055	0.0126	0.8127	0.1873	56306	1417791	0.0381969436203995	A	G	FALSE	0	0	0	5.40002e-25	FALSE	0
rs634542	2	135226656	0.8725	-0.0019	0.0121	0.2068	0.2068	56306	1417791	0.0381969436203995	A	G	FALSE	0	0	0	5.84855e-25	FALSE	0
rs637993	2	135278886	0.4064	-0.0105	0.0126	0.2075	0.2075	37688	981372	0.0369831020744608	A	G	FALSE	0	0	0	3.56704e-22	FALSE	0
rs642339	2	135240667	0.6911	-0.005	0.0125	0.1876	0.1876	56306	1417791	0.0381969436203995	T	C	FALSE	0	0	0	4.11687e-23	FALSE	0
rs6430516	2	135218605	0.5254	0.0106	0.0167	0.8982	0.1018	49928	1411453	0.03416494398107	A	G	FALSE	0	0	0	2.9147e-21	FALSE	0
rs6430519	2	135263079	0.4994	-0.0112	0.0165	0.1015	0.1015	55794	1417509	0.0378700104459164	A	G	FALSE	0	0	0	3.65992e-26	FALSE	0
rs6430520	2	135270456	0.7605	-0.0046	0.0151	0.1259	0.1259	56306	1417791	0.0381969436203995	T	C	FALSE	0	0	0	4.5139e-26	FALSE	0
rs6430524	2	135305510	0.01016	-0.0797	0.031	0.0269	0.0269	56306	1417791	0.0381969436203995	A	G	FALSE	0	0	0	9.00973e-27	FALSE	0
rs6430525	2	135309088	0.07726	0.0507	0.0287	0.9628	0.0372	56306	1417791	0.0381969436203995	A	C	FALSE	0	0	0	9.95226e-24	FALSE	0
rs6430527	2	135386581	7.988e-06	0.0545	0.0122	0.8129	0.1871	56306	1417791	0.0381969436203995	T	C	FALSE	0	0	0	2.32871e-111	FALSE	0
rs647496	2	135227247	0.4232	-0.0085	0.0106	0.3053	0.3053	56306	1417791	0.0381969436203995	A	C	FALSE	0	0	0	2.45984e-24	FALSE	0
rs648440	2	135227451	0.7973	0.0031	0.0121	0.7941	0.2059	56306	1417791	0.0381969436203995	C	G	FALSE	0	0	0	1.15793e-25	FALSE	0
rs662438	2	135260903	0.5906	-0.0063	0.0117	0.2244	0.2244	56306	1417791	0.0381969436203995	T	C	FALSE	0	0	0	1.82486e-24	FALSE	0
rs6705191	2	135344330	0.003794	-0.1004	0.0347	0.0203	0.0203	56306	1417791	0.0381969436203995	T	C	FALSE	0	0	0	6.31361e-27	FALSE	0
rs6705850	2	135330118	0.02387	0.0946	0.0419	0.9837	0.0163	56306	1417791	0.0381969436203995	A	T	FALSE	0	0	0	7.14281e-20	FALSE	0
rs6713696	2	135346538	0.009956	-0.1073	0.0416	0.0195	0.0195	56306	1417791	0.0381969436203995	T	C	FALSE	0	0	0	6.34386e-27	FALSE	0
rs6715419	2	135329409	0.01151	-0.087	0.0344	0.0236	0.0236	56306	1417791	0.0381969436203995	A	G	FALSE	0	0	0	1.80073e-25	FALSE	0
rs6718078	2	135222542	0.789	0.0069	0.0258	0.0399	0.0399	49053	1411006	0.0335965875351613	T	C	FALSE	0	0	0	6.88676e-24	FALSE	0
rs672080	2	135309193	0.4752	0.024	0.0336	0.9677	0.0323	49416	1411171	0.0338329726336055	A	C	FALSE	0	0	0	6.19308e-27	FALSE	0
rs6721273	2	135406627	0.0008835	-0.0588	0.0177	0.0772	0.0772	56306	1417791	0.0381969436203995	T	C	FALSE	0	0	0	2.37823e-26	FALSE	0
rs6723917	2	135344942	0.003771	0.1001	0.0345	0.9796	0.0204	56306	1417791	0.0381969436203995	T	C	FALSE	0	0	0	1.5808e-20	FALSE	0
rs6725754	2	135349439	0.003397	-0.1008	0.0344	0.0204	0.0204	56306	1417791	0.0381969436203995	A	C	FALSE	0	0	0	6.40809e-27	FALSE	0
rs6728585	2	135346539	0.01027	0.1069	0.0417	0.9805	0.0195	56306	1417791	0.0381969436203995	A	G	FALSE	0	0	0	7.59795e-21	FALSE	0
rs6728926	2	135346833	0.004941	0.0986	0.0351	0.9801	0.0199	56306	1417791	0.0381969436203995	A	G	FALSE	0	0	0	3.01694e-20	FALSE	0
rs6729175	2	135245809	0.4146	0.0198	0.0243	0.952	0.048	49928	1411453	0.03416494398107	T	C	FALSE	0	0	0	2.38097e-26	FALSE	0
rs6730241	2	135285736	0.199	-0.0637	0.0496	0.0117	0.0117	37688	981372	0.0369831020744608	T	C	FALSE	0	0	0	4.78543e-26	FALSE	0
rs6730778	2	135338640	5.933e-05	-0.0782	0.0195	0.0761	0.0761	37688	981372	0.0369831020744608	T	G	FALSE	0	0	0	7.92598e-24	FALSE	0
rs673260	2	135242989	0.5501	-0.0073	0.0122	0.2052	0.2052	56306	1417791	0.0381969436203995	A	G	FALSE	0	0	0	1.35943e-25	FALSE	0
rs6732942	2	135222636	0.4446	0.0129	0.0169	0.8994	0.1006	49928	1411453	0.03416494398107	A	G	FALSE	0	0	0	1.03223e-20	FALSE	0
rs6733189	2	135222865	0.356	0.0158	0.0171	0.9017	0.0983000000000001	49928	1411453	0.03416494398107	A	G	FALSE	0	0	0	1.50939e-20	FALSE	0
rs6743238	2	135438146	0.00563	0.0927	0.0335	0.979	0.021	56306	1417791	0.0381969436203995	A	G	FALSE	0	0	0	0.000717337	FALSE	0
rs6743425	2	135349421	0.003548	-0.1003	0.0344	0.0204	0.0204	56306	1417791	0.0381969436203995	A	T	FALSE	0	0	0	6.43787e-27	FALSE	0
rs6744633	2	135285638	0.002239	0.0335	0.011	0.7298	0.2702	56306	1417791	0.0381969436203995	A	C	FALSE	0	0	0	6.70584e-27	FALSE	0
rs6745632	2	135400321	1.933e-05	0.0525	0.0123	0.8158	0.1842	56306	1417791	0.0381969436203995	T	G	FALSE	0	0	0	2.02457e-111	FALSE	0
rs6747870	2	135469769	1.038e-07	0.0689	0.013	0.8321	0.1679	56306	1417791	0.0381969436203995	A	G	FALSE	0	0	0	2.43115e-22	FALSE	0
rs6749329	2	135474365	1.001e-07	0.0686	0.0129	0.8286	0.1714	56306	1417791	0.0381969436203995	T	C	FALSE	0	0	0	1.65602e-24	FALSE	0
rs6752536	2	135467498	9.017e-08	-0.0693	0.013	0.1678	0.1678	56306	1417791	0.0381969436203995	C	G	FALSE	0	0	0	1.23766e-13	FALSE	0
rs6754175	2	135333297	0.007874	0.0854	0.0321	0.9721	0.0279	56306	1417791	0.0381969436203995	A	G	FALSE	0	0	0	3.69147e-16	FALSE	0
rs677746	2	135262044	0.8246	0.003	0.0135	0.1935	0.1935	56306	1417791	0.0381969436203995	A	G	FALSE	0	0	0	1.93969e-25	FALSE	0
rs688708	2	135322736	0.764	-0.0068	0.0227	0.07	0.07	37688	981372	0.0369831020744608	A	G	FALSE	0	0	0	8.00929e-27	FALSE	0
rs689399	2	135222221	0.8622	0.0021	0.0121	0.7938	0.2062	56306	1417791	0.0381969436203995	T	C	FALSE	0	0	0	2.16293e-25	FALSE	0
rs71417511	2	135221535	0.4732	-0.0175	0.0243	0.0456	0.0456	49928	1411453	0.03416494398107	C	G	FALSE	0	0	0	6.14966e-27	FALSE	0
rs71417512	2	135224530	0.4353	-0.019	0.0244	0.0456	0.0456	49928	1411453	0.03416494398107	A	T	FALSE	0	0	0	6.74828e-27	FALSE	0
rs71417513	2	135225128	0.4354	0.019	0.0244	0.9544	0.0456	49928	1411453	0.03416494398107	A	G	FALSE	0	0	0	1.28781e-26	FALSE	0
rs71417514	2	135228521	0.4118	0.0201	0.0245	0.9546	0.0454	49928	1411453	0.03416494398107	A	T	FALSE	0	0	0	9.30278e-27	FALSE	0
rs71417515	2	135237147	0.5395	-0.0153	0.025	0.0442	0.0442	49928	1411453	0.03416494398107	A	C	FALSE	0	0	0	6.40304e-27	FALSE	0
rs71417518	2	135320093	0.349	-0.0721	0.077	0.012	0.012	36007	980122	0.0354354614423956	C	G	FALSE	0	0	0	1.5688e-26	FALSE	0
rs71417519	2	135324143	0.09603	0.1264	0.0759	0.987	0.013	23980	886090	0.0263496214576901	A	T	FALSE	0	0	0	1.04056e-22	FALSE	0
rs71417530	2	135448651	1.632e-07	0.069	0.0132	0.8364	0.1636	56306	1417791	0.0381969436203995	A	G	FALSE	0	0	0	1.92308e-22	FALSE	0
rs72483789	2	135250852	0.0001521	-0.0493	0.013	0.174	0.174	56306	1417791	0.0381969436203995	A	G	FALSE	0	0	0	6.48535e-26	FALSE	0
rs72844130	2	135361495	0.03689	-0.0405	0.0194	0.0961	0.0961	37688	981372	0.0369831020744608	C	G	FALSE	0	0	0	5.01187e-25	FALSE	0
rs72851094	2	135217098	0.003692	0.045	0.0155	0.8751	0.1249	49928	1411453	0.03416494398107	C	G	FALSE	0	0	0	2.84467e-23	FALSE	0
rs72851097	2	135220616	0.6605	0.0257	0.0585	0.0142	0.0142	49053	1411006	0.0335965875351613	C	G	FALSE	0	0	0	6.42645e-27	FALSE	0
rs72853922	2	135245933	0.0001249	0.0523	0.0136	0.8442	0.1558	55779	1417319	0.0378650979093041	C	G	FALSE	0	0	0	7.91022e-22	FALSE	0
rs72853933	2	135250244	0.0001303	-0.0497	0.013	0.1733	0.1733	56306	1417791	0.0381969436203995	A	G	FALSE	0	0	0	7.97323e-26	FALSE	0
rs72853934	2	135250254	0.0001358	-0.0495	0.013	0.1733	0.1733	56306	1417791	0.0381969436203995	A	G	FALSE	0	0	0	7.30782e-26	FALSE	0
rs72853935	2	135250352	0.0001476	-0.0494	0.013	0.1743	0.1743	56306	1417791	0.0381969436203995	C	G	FALSE	0	0	0	7.38821e-26	FALSE	0
rs72853936	2	135250568	0.0001269	0.0498	0.013	0.825	0.175	56306	1417791	0.0381969436203995	A	G	FALSE	0	0	0	2.16957e-19	FALSE	0
rs72853937	2	135250770	0.0001356	0.0496	0.013	0.8273	0.1727	56306	1417791	0.0381969436203995	A	C	FALSE	0	0	0	2.81032e-19	FALSE	0
rs72853945	2	135256575	2e-04	-0.0481	0.0129	0.1726	0.1726	56306	1417791	0.0381969436203995	T	C	FALSE	0	0	0	5.69922e-26	FALSE	0
rs72853947	2	135256688	0.0002826	-0.0476	0.0131	0.1698	0.1698	56306	1417791	0.0381969436203995	A	G	FALSE	0	0	0	4.64273e-26	FALSE	0
rs72853951	2	135257438	0.0001269	0.05	0.013	0.8286	0.1714	56306	1417791	0.0381969436203995	T	C	FALSE	0	0	0	2.25127e-19	FALSE	0
rs72853953	2	135257744	0.0002068	0.048	0.0129	0.8273	0.1727	56306	1417791	0.0381969436203995	A	G	FALSE	0	0	0	1.03851e-19	FALSE	0
rs72853958	2	135259457	0.0002601	-0.0496	0.0136	0.1553	0.1553	56306	1417791	0.0381969436203995	T	G	FALSE	0	0	0	6.6642e-25	FALSE	0
rs72853959	2	135259923	0.0002304	-0.05	0.0136	0.1553	0.1553	56306	1417791	0.0381969436203995	A	G	FALSE	0	0	0	7.30221e-25	FALSE	0
rs72853987	2	135274633	0.0002997	-0.0498	0.0138	0.1543	0.1543	56306	1417791	0.0381969436203995	A	G	FALSE	0	0	0	2.94104e-26	FALSE	0
rs72853990	2	135280758	0.0003016	-0.0519	0.0144	0.16	0.16	37688	981372	0.0369831020744608	A	G	FALSE	0	0	0	3.82153e-26	FALSE	0
rs72970180	2	135415590	0.002043	-0.0667	0.0216	0.0784	0.0784	42598	1322509	0.0312048799105125	T	C	FALSE	0	0	0	1.4105e-26	FALSE	0
rs72970181	2	135415732	0.0009521	0.0585	0.0177	0.9229	0.0771	56306	1417791	0.0381969436203995	A	G	FALSE	0	0	0	8.94975e-19	FALSE	0
rs72970188	2	135416595	0.002824	-0.0535	0.0179	0.0772	0.0772	55137	1416823	0.0374582189733417	T	C	FALSE	0	0	0	1.40561e-26	FALSE	0
rs72982253	2	135254599	0.9297	-0.0037	0.0418	0.0206	0.0206	36007	980122	0.0354354614423956	C	G	FALSE	0	0	0	6.4392e-26	FALSE	0
rs72982258	2	135257079	0.8298	-0.009	0.0419	0.0202	0.0202	36007	980122	0.0354354614423956	A	G	FALSE	0	0	0	2.05445e-26	FALSE	0
rs72982287	2	135276210	0.00246	-0.1778	0.0587	0.0127	0.0127	29266	973619	0.0291818104767745	T	C	FALSE	0	0	0	8.82899e-24	FALSE	0
rs72984217	2	135303715	0.08005	0.0849	0.0485	0.9889	0.0111	56306	1417791	0.0381969436203995	T	C	FALSE	0	0	0	6.24375e-27	FALSE	0
rs72984224	2	135305693	0.01037	0.0794	0.031	0.9727	0.0273	56306	1417791	0.0381969436203995	C	G	FALSE	0	0	0	1.65382e-18	FALSE	0
rs72984229	2	135305828	0.008143	0.0832	0.0314	0.9735	0.0265	56306	1417791	0.0381969436203995	A	C	FALSE	0	0	0	1.3224e-18	FALSE	0
rs72984236	2	135307367	0.009562	-0.0807	0.0311	0.0269	0.0269	56306	1417791	0.0381969436203995	A	G	FALSE	0	0	0	8.82872e-27	FALSE	0
rs72984249	2	135312312	0.07561	0.0858	0.0483	0.9887	0.0113	56306	1417791	0.0381969436203995	T	C	FALSE	0	0	0	1.53545e-26	FALSE	0
rs72984257	2	135319634	0.2746	-0.0572	0.0524	0.0106	0.0106	56306	1417791	0.0381969436203995	A	T	FALSE	0	0	0	6.225e-23	FALSE	0
rs72984277	2	135333023	0.08662	-0.085	0.0496	0.0113	0.0113	56306	1417791	0.0381969436203995	C	G	FALSE	0	0	0	1.51532e-24	FALSE	0
rs72984280	2	135334341	0.07728	0.0893	0.0505	0.9888	0.0112	56306	1417791	0.0381969436203995	C	G	FALSE	0	0	0	6.27251e-27	FALSE	0
rs72984282	2	135334545	0.08438	0.0877	0.0508	0.9889	0.0111	56306	1417791	0.0381969436203995	A	G	FALSE	0	0	0	2.12535e-26	FALSE	0
rs730946	2	135465249	1.018e-07	0.069	0.013	0.8322	0.1678	56306	1417791	0.0381969436203995	C	G	FALSE	0	0	0	1.98683e-22	FALSE	0
rs73958767	2	135349204	0.003627	-0.0515	0.0177	0.0786	0.0786	56306	1417791	0.0381969436203995	T	C	FALSE	0	0	0	3.65468e-26	FALSE	0
rs73958768	2	135351509	0.002789	-0.0528	0.0177	0.0785	0.0785	56306	1417791	0.0381969436203995	A	G	FALSE	0	0	0	6.86868e-26	FALSE	0
rs73958770	2	135380185	0.00295	-0.0524	0.0176	0.0776	0.0776	56306	1417791	0.0381969436203995	T	G	FALSE	0	0	0	4.14911e-26	FALSE	0
rs73958773	2	135394722	0.002034	-0.0549	0.0178	0.0759	0.0759	56306	1417791	0.0381969436203995	A	G	FALSE	0	0	0	1.01656e-26	FALSE	0
rs73958776	2	135419407	0.001829	0.0554	0.0178	0.9241	0.0759	56306	1417791	0.0381969436203995	T	C	FALSE	0	0	0	1.14701e-15	FALSE	0
rs73958778	2	135420925	0.00168	0.056	0.0178	0.9244	0.0756	56306	1417791	0.0381969436203995	C	G	FALSE	0	0	0	9.17289e-17	FALSE	0
rs73958779	2	135420930	0.0017	-0.0559	0.0178	0.0756	0.0756	56306	1417791	0.0381969436203995	C	G	FALSE	0	0	0	8.39976e-27	FALSE	0
rs73958781	2	135424377	0.001471	0.0574	0.0181	0.9255	0.0745	56306	1417791	0.0381969436203995	A	G	FALSE	0	0	0	1.68257e-19	FALSE	0
rs73958782	2	135431365	0.001463	-0.057	0.0179	0.0755	0.0755	56306	1417791	0.0381969436203995	A	G	FALSE	0	0	0	3.28509e-26	FALSE	0
rs7422711	2	135414882	0.0009395	-0.0585	0.0177	0.0771	0.0771	56306	1417791	0.0381969436203995	T	C	FALSE	0	0	0	2.30717e-26	FALSE	0
rs7424601	2	135414970	0.0009201	0.0586	0.0177	0.9229	0.0771	56306	1417791	0.0381969436203995	A	C	FALSE	0	0	0	9.31443e-19	FALSE	0
rs74264897	2	135258302	0.0002666	-0.0494	0.0135	0.1553	0.1553	56306	1417791	0.0381969436203995	A	G	FALSE	0	0	0	5.88575e-25	FALSE	0
rs74426553	2	135226004	0.554	0.0148	0.025	0.9557	0.0443	49928	1411453	0.03416494398107	A	G	FALSE	0	0	0	9.61301e-27	FALSE	0
rs74502423	2	135439341	0.001054	0.0939	0.0287	0.9613	0.0387	56306	1417791	0.0381969436203995	A	G	FALSE	0	0	0	4.6059e-23	FALSE	0
rs74595818	2	135318507	0.0001046	-0.0884	0.0228	0.0719	0.0719	56306	1417791	0.0381969436203995	T	C	FALSE	0	0	0	1.10673e-20	FALSE	0
rs74756548	2	135264995	0.411	-0.0321	0.0391	0.0185	0.0185	56306	1417791	0.0381969436203995	T	C	FALSE	0	0	0	8.29788e-27	FALSE	0
rs74775169	2	135350807	0.003548	-0.1006	0.0345	0.0203	0.0203	56306	1417791	0.0381969436203995	T	G	FALSE	0	0	0	7.66244e-27	FALSE	0
rs74860353	2	135253269	0.4208	-0.0338	0.0419	0.0171	0.0171	56306	1417791	0.0381969436203995	T	C	FALSE	0	0	0	8.27137e-27	FALSE	0
rs74863860	2	135329109	0.09131	-0.0833	0.0493	0.0112	0.0112	56306	1417791	0.0381969436203995	T	G	FALSE	0	0	0	1.39735e-24	FALSE	0
rs749460	2	135268255	0.415	-0.0133	0.0164	0.1037	0.1037	56306	1417791	0.0381969436203995	T	C	FALSE	0	0	0	2.89464e-26	FALSE	0
rs749461	2	135268534	0.4068	-0.0139	0.0167	0.1014	0.1014	55794	1417509	0.0378700104459164	A	G	FALSE	0	0	0	8.15401e-26	FALSE	0
rs75115850	2	135280431	0.3902	-0.0433	0.0504	0.017	0.017	42598	1322509	0.0312048799105125	A	G	FALSE	0	0	0	7.25469e-27	FALSE	0
rs75431724	2	135419874	0.00164	-0.0561	0.0178	0.0757	0.0757	56306	1417791	0.0381969436203995	T	C	FALSE	0	0	0	7.24065e-27	FALSE	0
rs75526878	2	135311507	0.2602	-0.0564	0.0501	0.0117	0.0117	37688	981372	0.0369831020744608	T	G	FALSE	0	0	0	2.8027e-25	FALSE	0
rs75535747	2	135388789	0.007417	-0.0949	0.0355	0.02	0.02	56306	1417791	0.0381969436203995	A	G	FALSE	0	0	0	2.8128e-26	FALSE	0
rs7560738	2	135419163	0.0001567	-0.0578	0.0153	0.1091	0.1091	56306	1417791	0.0381969436203995	A	G	FALSE	0	0	0	2.41712e-23	FALSE	0
rs75618491	2	135225699	0.7305	0.0137	0.0398	0.9833	0.0167	56306	1417791	0.0381969436203995	A	G	FALSE	0	0	0	1.13565e-25	FALSE	0
rs75619418	2	135333489	0.09368	0.0754	0.045	0.9851	0.0149	56306	1417791	0.0381969436203995	A	G	FALSE	0	0	0	1.05747e-22	FALSE	0
rs7564273	2	135419794	1.236e-05	-0.0594	0.0136	0.1487	0.1487	56306	1417791	0.0381969436203995	T	C	FALSE	0	0	0	1.6315e-24	FALSE	0
rs7565308	2	135221749	0.7958	0.0067	0.0258	0.04	0.04	49053	1411006	0.0335965875351613	T	C	FALSE	0	0	0	2.49888e-24	FALSE	0
rs7571254	2	135243557	0.0001508	0.0518	0.0137	0.8444	0.1556	55779	1417319	0.0378650979093041	T	C	FALSE	0	0	0	5.77616e-22	FALSE	0
rs7571581	2	135243810	0.0001438	-0.052	0.0137	0.1569	0.1569	55779	1417319	0.0378650979093041	A	T	FALSE	0	0	0	3.94243e-25	FALSE	0
rs7580799	2	135243753	0.0001475	-0.0519	0.0137	0.1558	0.1558	55779	1417319	0.0378650979093041	A	G	FALSE	0	0	0	3.85955e-25	FALSE	0
rs7590091	2	135281133	0.6779	-0.0103	0.0248	0.064	0.064	37688	981372	0.0369831020744608	A	G	FALSE	0	0	0	6.40312e-27	FALSE	0
rs7598795	2	135311142	0.009671	-0.0807	0.0312	0.0269	0.0269	56306	1417791	0.0381969436203995	T	C	FALSE	0	0	0	9.20129e-27	FALSE	0
rs7599371	2	135218528	0.7571	0.0079	0.0256	0.0402	0.0402	49053	1411006	0.0335965875351613	C	G	FALSE	0	0	0	2.02452e-24	FALSE	0
rs76038700	2	135226197	0.5134	-0.0153	0.0234	0.9308	0.0692	49416	1411171	0.0338329726336055	T	C	FALSE	0	0	0	1.62119e-26	FALSE	0
rs7606210	2	135225935	0.9997	0	0.0227	0.0544	0.0544	49053	1411006	0.0335965875351613	C	G	FALSE	0	0	0	3.04423e-22	FALSE	0
rs76096260	2	135419829	0.0014	0.0576	0.018	0.925	0.075	56306	1417791	0.0381969436203995	A	G	FALSE	0	0	0	6.33094e-15	FALSE	0
rs76131702	2	135259287	0.4821	0.0273	0.0389	0.982	0.018	56306	1417791	0.0381969436203995	T	C	FALSE	0	0	0	1.1094e-25	FALSE	0
rs76144099	2	135257668	0.5017	-0.026	0.0388	0.0182	0.0182	56306	1417791	0.0381969436203995	T	G	FALSE	0	0	0	1.24511e-26	FALSE	0
rs76517281	2	135259147	0.2818	-0.0283	0.0263	0.0431	0.0431	37161	980900	0.0365017420370685	T	C	FALSE	0	0	0	6.2203e-27	FALSE	0
rs76887335	2	135218960	0.1682	-0.0497	0.0361	0.0211	0.0211	56306	1417791	0.0381969436203995	C	G	FALSE	0	0	0	1.05324e-26	FALSE	0
rs76889364	2	135227453	0.02715	0.1091	0.0494	0.9786	0.0214	29266	973619	0.0291818104767745	T	G	FALSE	0	0	0	2.41884e-26	FALSE	0
rs77055286	2	135451459	0.7323	0.0287	0.0839	0.0134	0.0134	21772	884368	0.0240271922660957	C	G	FALSE	0	0	0	1.1532e-26	FALSE	0
rs77110906	2	135220841	0.8548	-0.0037	0.0203	0.0655	0.0655	49053	1411006	0.0335965875351613	T	C	FALSE	0	0	0	3.13467e-26	FALSE	0
rs77185525	2	135346417	0.6037	0.0288	0.0554	0.016	0.016	42598	1322509	0.0312048799105125	C	G	FALSE	0	0	0	6.62493e-27	FALSE	0
rs77307778	2	135333628	0.08729	-0.0776	0.0454	0.0148	0.0148	56306	1417791	0.0381969436203995	T	C	FALSE	0	0	0	9.33649e-27	FALSE	0
rs77444935	2	135371432	0.003528	-0.0516	0.0177	0.0779	0.0779	56306	1417791	0.0381969436203995	A	C	FALSE	0	0	0	1.02133e-26	FALSE	0
rs77624029	2	135252047	0.4214	0.0334	0.0415	0.9826	0.0174	56306	1417791	0.0381969436203995	T	G	FALSE	0	0	0	1.42662e-25	FALSE	0
rs77729751	2	135442810	0.007296	0.0899	0.0335	0.9789	0.0211	56306	1417791	0.0381969436203995	T	C	FALSE	0	0	0	3.13638e-07	FALSE	0
rs77768633	2	135419795	0.002815	-0.0653	0.0219	0.0763	0.0763	42598	1322509	0.0312048799105125	A	G	FALSE	0	0	0	2.5897e-26	FALSE	0
rs77787175	2	135289061	0.1797	-0.067	0.0499	0.0117	0.0117	37688	981372	0.0369831020744608	A	C	FALSE	0	0	0	5.97774e-25	FALSE	0
rs77789914	2	135329110	0.09352	-0.0829	0.0494	0.0112	0.0112	56306	1417791	0.0381969436203995	C	G	FALSE	0	0	0	1.34445e-24	FALSE	0
rs77818493	2	135315273	0.6482	-0.0245	0.0536	0.0121	0.0121	36798	980735	0.0361639376806453	T	C	FALSE	0	0	0	9.27978e-27	FALSE	0
rs77823997	2	135259639	0.4751	0.0277	0.0389	0.982	0.018	56306	1417791	0.0381969436203995	T	C	FALSE	0	0	0	2.69122e-25	FALSE	0
rs77917748	2	135270750	0.4088	-0.0314	0.038	0.0225	0.0225	55794	1417509	0.0378700104459164	A	C	FALSE	0	0	0	1.90449e-26	FALSE	0
rs77983100	2	135305929	0.2596	0.0563	0.05	0.9885	0.0115	37688	981372	0.0369831020744608	A	T	FALSE	0	0	0	6.23043e-23	FALSE	0
rs78053473	2	135422835	0.001454	-0.0575	0.0181	0.0745	0.0745	56306	1417791	0.0381969436203995	A	G	FALSE	0	0	0	3.23431e-26	FALSE	0
rs78198285	2	135214017	0.7127	0.0103	0.0279	0.0535	0.0535	46605	839595	0.0525897088693297	A	C	FALSE	0	0	0	7.03546e-27	FALSE	0
rs78416367	2	135225984	0.3951	0.0208	0.0245	0.9546	0.0454	49928	1411453	0.03416494398107	T	C	FALSE	0	0	0	1.58521e-26	FALSE	0
rs78620708	2	135231894	0.002258	-0.0735	0.0241	0.0503	0.0503	55779	1417319	0.0378650979093041	A	G	FALSE	0	0	0	6.39181e-25	FALSE	0
rs78707499	2	135368078	0.4459	0.0227	0.0298	0.9665	0.0335	56306	1417791	0.0381969436203995	A	C	FALSE	0	0	0	2.93122e-20	FALSE	0
rs78716278	2	135388239	0.002315	0.0541	0.0178	0.924	0.076	56306	1417791	0.0381969436203995	T	C	FALSE	0	0	0	6.4952e-20	FALSE	0
rs78739338	2	135260419	0.1496	-0.0427	0.0297	0.0395	0.0395	55779	1417319	0.0378650979093041	T	C	FALSE	0	0	0	2.52435e-25	FALSE	0
rs78846319	2	135271209	0.2737	-0.0471	0.0431	0.0165	0.0165	56306	1417791	0.0381969436203995	A	G	FALSE	0	0	0	6.72718e-27	FALSE	0
rs78985176	2	135424668	0.0626	-0.1226	0.0658	0.0119	0.0119	56306	1417791	0.0381969436203995	A	C	FALSE	0	0	0	3.56988e-26	FALSE	0
rs78987107	2	135216907	0.7325	0.0095	0.0279	0.034	0.034	49053	1411006	0.0335965875351613	T	C	FALSE	0	0	0	9.42583e-27	FALSE	0
rs79055556	2	135219700	0.878	-0.0045	0.0295	0.0361	0.0361	56306	1417791	0.0381969436203995	A	G	FALSE	0	0	0	7.01255e-26	FALSE	0
rs79233661	2	135216383	0.6205	0.014	0.0284	0.0339	0.0339	47884	1410038	0.032844006743845	C	G	FALSE	0	0	0	1.93657e-26	FALSE	0
rs79275826	2	135317734	0.2904	-0.0535	0.0506	0.0115	0.0115	37688	981372	0.0369831020744608	T	G	FALSE	0	0	0	3.59628e-26	FALSE	0
rs79366036	2	135466877	0.0005748	0.1046	0.0304	0.9635	0.0365	56306	1417791	0.0381969436203995	T	C	FALSE	0	0	0	6.84775e-23	FALSE	0
rs79463398	2	135226220	0.4347	-0.0191	0.0244	0.0456	0.0456	49928	1411453	0.03416494398107	T	C	FALSE	0	0	0	6.76035e-27	FALSE	0
rs79482488	2	135306124	0.004104	0.0754	0.0263	0.957	0.043	55779	1417319	0.0378650979093041	A	G	FALSE	0	0	0	1.4788e-25	FALSE	0
rs79626397	2	135386001	0.002455	0.055	0.0182	0.9257	0.0743	56306	1417791	0.0381969436203995	A	G	FALSE	0	0	0	2.0796e-23	FALSE	0
rs79699947	2	135459086	0.7342	0.0196	0.0577	0.9849	0.0151	56306	1417791	0.0381969436203995	A	G	FALSE	0	0	0	1.38352e-26	FALSE	0
rs79813681	2	135275807	0.2691	-0.048	0.0435	0.0164	0.0164	56306	1417791	0.0381969436203995	A	T	FALSE	0	0	0	6.53561e-27	FALSE	0
rs79831925	2	135221046	0.5795	0.0187	0.0338	0.023	0.023	49053	1411006	0.0335965875351613	T	C	FALSE	0	0	0	2.75424e-26	FALSE	0
rs79867154	2	135341971	0.5351	0.0259	0.0418	0.9765	0.0235	53858	846380	0.0598264014627243	T	C	FALSE	0	0	0	1.39505e-26	FALSE	0
rs79913926	2	135429982	0.00484	-0.0509	0.0181	0.0761	0.0761	55137	1416823	0.0374582189733417	T	G	FALSE	0	0	0	7.29328e-27	FALSE	0
rs79919794	2	135441568	0.02917	0.1507	0.0691	0.9836	0.0164	16070	878619	0.017961548649866	A	G	FALSE	0	0	0	2.66608e-26	FALSE	0
rs80032202	2	135261292	0.352	-0.036	0.0387	0.0184	0.0184	56306	1417791	0.0381969436203995	T	C	FALSE	0	0	0	9.55143e-27	FALSE	0
rs80076499	2	135418183	0.1926	-0.0444	0.0341	0.9657	0.0343	56306	1417791	0.0381969436203995	T	C	FALSE	0	0	0	1.07032e-16	FALSE	0
rs80086826	2	135273067	0.2625	0.0484	0.0432	0.9835	0.0165	56306	1417791	0.0381969436203995	A	T	FALSE	0	0	0	2.01752e-25	FALSE	0
rs80248545	2	135423093	0.001513	-0.0565	0.0178	0.0759	0.0759	56306	1417791	0.0381969436203995	A	C	FALSE	0	0	0	8.62752e-27	FALSE	0
rs80311431	2	135268372	0.2964	-0.0448	0.0429	0.0166	0.0166	56306	1417791	0.0381969436203995	A	G	FALSE	0	0	0	8.90677e-27	FALSE	0
rs80322179	2	135345907	0.004356	0.0983	0.0345	0.9795	0.0205	56306	1417791	0.0381969436203995	C	G	FALSE	0	0	0	3.63413e-06	FALSE	0
rs842128	2	135262101	0.9695	5e-04	0.0123	0.211	0.211	56306	1417791	0.0381969436203995	A	G	FALSE	0	0	0	5.46418e-24	FALSE	0
rs842130	2	135262132	0.7568	-0.0037	0.0119	0.2196	0.2196	56306	1417791	0.0381969436203995	T	C	FALSE	0	0	0	2.21919e-23	FALSE	0
rs842350	2	135342710	0.001626	0.0406	0.0129	0.8154	0.1846	56306	1417791	0.0381969436203995	A	T	FALSE	0	0	0	9.88144e-26	FALSE	0
rs880109	2	135219391	0.7707	0.0075	0.0257	0.04	0.04	49053	1411006	0.0335965875351613	A	G	FALSE	0	0	0	1.82085e-24	FALSE	0
rs938657	2	135369095	1.385e-05	-0.0536	0.0123	0.1881	0.1881	56306	1417791	0.0381969436203995	A	G	FALSE	0	0	0	2.00179e-56	FALSE	0
rs954057	2	135356057	0.004495	0.0505	0.0178	0.9225	0.0775	56306	1417791	0.0381969436203995	A	G	FALSE	0	0	0	2.21024e-24	FALSE	0
