SNP	CHR	POS	P	Effect	StdErr	A1	A2	MAF	N_cases	N_controls	proportion_cases	t_stat	leadSNP	ABF.Credible_Set	ABF.PP	SUSIE.Credible_Set	SUSIE.PP	POLYFUN_SUSIE.Credible_Set	POLYFUN_SUSIE.PP	FINEMAP.Credible_Set	FINEMAP.PP
rs1000108	8	27429649	0.0003694	0.0551	0.0155	T	C	0.316122	21982	41944	0.34386634546194	3.55483870967742	FALSE	0	1.19795959505728e-13	0	0	0	0	0	1.64707e-138
rs10086428	8	27425947	0.08676	0.0408	0.0238	T	C	0.103718	21982	41944	0.34386634546194	1.71428571428571	FALSE	0	1.46046305587047e-15	0	0	0	0	0	6.46984e-136
rs10088244	8	27451606	0.002005	0.0507	0.0164	T	C	0.263101	21982	41944	0.34386634546194	3.09146341463415	FALSE	0	2.73253704062373e-14	0	0	0	0	0	6.82071e-140
rs10091215	8	27451719	0.006405	0.0463	0.017	T	C	0.263116	21982	41944	0.34386634546194	2.72352941176471	FALSE	0	9.76734468619084e-15	0	0	0	0	0	1.28169e-140
rs10092082	8	27452504	0.001465	0.0515	0.0162	T	C	0.263136	21982	41944	0.34386634546194	3.17901234567901	FALSE	0	3.54843827552621e-14	0	0	0	0	0	1.1333e-139
rs10092385	8	27484735	0.2666	0.2076	0.1869	T	G	0.00348723	21982	41944	0.34386634546194	1.1107544141252	FALSE	0	2.75456923693414e-15	0	0	0	0	0	1.24397e-136
rs10094133	8	27509176	0.8978	0.0246	0.1914	A	G	0.00443335	21982	41944	0.34386634546194	0.128526645768025	FALSE	0	2.01541416151002e-15	0	0	0	0	0	2.97346e-138
rs10096040	8	27483494	0.6652	-0.1108	0.256	T	C	0.0029197	21982	41944	0.34386634546194	-0.4328125	FALSE	0	2.36983339635769e-15	0	0	0	0	0	2.12333e-142
rs10096092	8	27403777	0.0388	-0.048	0.0232	A	G	0.109392	21982	41944	0.34386634546194	-2.06896551724138	FALSE	0	2.76375202037933e-15	0	0	0	0	0	1.02161e-138
rs10101779	8	27450535	0.002044	-0.0499	0.0162	T	C	0.263086	21982	41944	0.34386634546194	-3.08024691358025	FALSE	0	2.6101903315684e-14	0	0	0	0	0	1.72407e-134
rs10111053	8	27450251	0.00222	0.0496	0.0162	A	G	0.26269	21982	41944	0.34386634546194	3.06172839506173	FALSE	0	2.46680476006632e-14	0	0	0	0	0	5.44393e-140
rs10216551	8	27440714	0.07948	0.0417	0.0238	A	C	0.104219	21982	41944	0.34386634546194	1.75210084033613	FALSE	0	1.55796316378363e-15	0	0	0	0	0	1.19931e-135
rs10216623	8	27440879	0.08227	0.0407	0.0234	A	G	0.104227	21982	41944	0.34386634546194	1.73931623931624	FALSE	0	1.49982799028874e-15	0	0	0	0	0	1.17214e-135
rs10282967	8	27394957	0.3477	0.0182	0.0194	A	C	0.167894	21982	41944	0.34386634546194	0.938144329896907	FALSE	0	4.33343113703038e-16	0	0	0	0	0	2.41016e-142
rs10283341	8	27397363	0.02692	0.0515	0.0233	T	C	0.107358	21982	41944	0.34386634546194	2.21030042918455	FALSE	0	3.73947855866414e-15	0	0	0	0	0	2.23027e-142
rs10283378	8	27395249	0.3459	-0.0183	0.0194	T	C	0.167945	21982	41944	0.34386634546194	-0.943298969072165	FALSE	0	4.3542985063734e-16	0	0	0	0	0	5.43236e-141
rs1042032	8	27402074	0.1773	0.0225	0.0167	A	G	0.27941	21982	41944	0.34386634546194	1.34730538922156	FALSE	0	5.94814781433016e-16	0	0	0	0	0	2.00583e-142
rs1042064	8	27402132	0.109	0.0266	0.0166	T	C	0.284636	21982	41944	0.34386634546194	1.60240963855422	FALSE	0	8.59222680708217e-16	0	0	0	0	0	2.05142e-142
rs10503812	8	27388199	0.4162	0.0157	0.0193	A	G	0.169695	21982	41944	0.34386634546194	0.813471502590673	FALSE	0	3.86939960200331e-16	0	0	0	0	0	2.52386e-142
rs10503813	8	27446900	0.002539	-0.0489	0.0162	C	G	0.26254	21982	41944	0.34386634546194	-3.01851851851852	FALSE	0	2.16499183836453e-14	0	0	0	0	0	1.18674e-134
rs10503814	8	27454575	0.7471	-0.0118	0.0367	T	C	0.043286	21982	41944	0.34386634546194	-0.321525885558583	FALSE	0	5.50709419632769e-16	0	0	0	0	0	1.09307e-124
rs10503815	8	27503560	0.1035	-0.0461	0.0283	A	G	0.0796977	21982	41944	0.34386634546194	-1.62897526501767	FALSE	0	1.49318977093249e-15	0	0	0	0	0	2.31735e-141
rs1073742	8	27480455	2.567e-05	-0.0613	0.0146	A	T	0.442814	21982	41944	0.34386634546194	-4.1986301369863	FALSE	0	1.35711713129607e-12	0	0	0	0	0	1.93272e-130
rs1073743	8	27480210	2.338e-05	-0.0616	0.0146	A	G	0.44283	21982	41944	0.34386634546194	-4.21917808219178	FALSE	0	1.47903314292578e-12	0	0	0	0	0	2.53603e-130
rs10780145	8	27434722	6.124e-07	0.0734	0.0147	T	C	0.420477	21982	41944	0.34386634546194	4.99319727891157	FALSE	0	5.16068155551321e-11	0	0	0	0	0	1.28457e-139
rs10866859	8	27434718	0.005897	0.0551	0.02	A	G	0.155604	21982	41944	0.34386634546194	2.755	FALSE	0	1.23718499350727e-14	0	0	0	0	0	1.99185e-135
rs11135998	8	27434831	0.01572	0.0796	0.0329	A	C	0.0508748	21982	41944	0.34386634546194	2.41945288753799	FALSE	0	8.14261803156118e-15	0	0	0	0	0	4.6208e-142
rs11135999	8	27435177	0.09121	0.0816	0.0483	T	C	0.0231325	21982	41944	0.34386634546194	1.68944099378882	FALSE	0	2.62420456212347e-15	0	0	0	0	0	1.68557e-141
rs11136000	8	27464519	4.901e-16	-0.1239	0.0153	T	C	0.405054	21982	41944	0.34386634546194	-8.09803921568627	FALSE	0	0.0318007067516562	0	0	0	0	0	0
rs11136001	8	27476347	0.0002562	0.0538	0.0147	T	G	0.447842	21982	41944	0.34386634546194	3.65986394557823	FALSE	0	1.66284153504318e-13	0	0	0	0	0	6.18184e-142
rs111578995	8	27464673	0.1811	-0.3521	0.2633	A	G	0.00234241	21982	41944	0.34386634546194	-1.3372578807444	FALSE	0	3.20570123849716e-15	0	0	0	0	0	5.77364e-136
rs111659883	8	27437573	0.1422	0.0254	0.0173	T	C	0.232684	21982	41944	0.34386634546194	1.46820809248555	FALSE	0	7.29074538501e-16	0	0	0	0	0	2.79727e-132
rs111743717	8	27392543	0.9817	0.0065	0.2843	C	G	0.00215255	21982	41944	0.34386634546194	0.0228631727048892	FALSE	0	2.37407287819953e-15	0	0	0	0	0	3.87628e-142
rs111747146	8	27389121	0.9548	0.016	0.2814	T	C	0.00214614	21982	41944	0.34386634546194	0.0568585643212509	FALSE	0	2.36705220370945e-15	0	0	0	0	0	4.01344e-142
rs111986966	8	27413861	0.1863	-0.1201	0.0909	T	G	0.0105091	21982	41944	0.34386634546194	-1.32123212321232	FALSE	0	2.4756248102987e-15	0	0	0	0	0	2.41062e-142
rs112121679	8	27486434	0.3181	0.0513	0.0514	T	C	0.0303627	21982	41944	0.34386634546194	0.998054474708171	FALSE	0	1.15267509058527e-15	0	0	0	0	0	3.50462e-142
rs1126452	8	27401964	0.1702	0.0228	0.0167	A	C	0.279488	21982	41944	0.34386634546194	1.36526946107784	FALSE	0	6.09382294016391e-16	0	0	0	0	0	2.00551e-142
rs113080364	8	27451120	0.1063	0.0816	0.0505	T	C	0.021616	21982	41944	0.34386634546194	1.61584158415842	FALSE	0	2.42426217532137e-15	0	0	0	0	0	1.99396e-142
rs113928326	8	27419737	0.7047	0.014	0.037	A	C	0.0426223	21982	41944	0.34386634546194	0.378378378378378	FALSE	0	5.65828873064104e-16	0	0	0	0	0	7.81182e-142
rs114072046	8	27400540	0.2336	-0.0375	0.0315	A	G	0.0528482	21982	41944	0.34386634546194	-1.19047619047619	FALSE	0	9.01611471010817e-16	0	0	0	0	0	5.06299e-142
rs114861615	8	27405338	0.1753	-0.071	0.0524	T	C	0.0179598	21982	41944	0.34386634546194	-1.35496183206107	FALSE	0	1.73661129521197e-15	0	0	0	0	0	6.67309e-141
rs115003305	8	27386595	0.8918	0.0222	0.1633	A	G	0.00278911	21982	41944	0.34386634546194	0.135946111451317	FALSE	0	1.84586388175079e-15	0	0	0	0	0	3.77924e-131
rs116204790	8	27386040	0.8908	0.0225	0.1635	T	G	0.0027816	21982	41944	0.34386634546194	0.137614678899083	FALSE	0	1.84746199036286e-15	0	0	0	0	0	2.1197e-131
rs116945629	8	27433651	0.002459	0.2194	0.0725	A	G	0.0110327	21982	41944	0.34386634546194	3.02620689655172	FALSE	0	5.66124237361455e-14	0	0	0	0	0	6.7949e-142
rs117089812	8	27424187	0.1205	-0.1498	0.0965	T	G	0.0100394	21982	41944	0.34386634546194	-1.55233160621762	FALSE	0	3.35167962573241e-15	0	0	0	0	0	3.47818e-142
rs117129863	8	27449609	0.3467	0.0953	0.1013	A	G	0.00825461	21982	41944	0.34386634546194	0.940769990128332	FALSE	0	1.86508962658062e-15	0	0	0	0	0	1.83208e-141
rs117148275	8	27474541	0.8739	0.0121	0.0763	A	G	0.0092859	21982	41944	0.34386634546194	0.158584534731324	FALSE	0	1.04596437352487e-15	0	0	0	0	0	3.22884e-142
rs117300211	8	27420943	0.03492	-0.0667	0.0316	A	G	0.053363	21982	41944	0.34386634546194	-2.11075949367089	FALSE	0	3.98068148631518e-15	0	0	0	0	0	3.52768e-136
rs117644756	8	27380163	0.3626	0.0595	0.0654	A	G	0.0194375	21982	41944	0.34386634546194	0.909785932721712	FALSE	0	1.3110560200002e-15	0	0	0	0	0	5.07299e-142
rs117714406	8	27421875	0.07461	-0.2946	0.1652	A	G	0.00278488	21982	41944	0.34386634546194	-1.78329297820823	FALSE	0	4.75643977656103e-15	0	0	0	0	0	3.74803e-142
rs117742290	8	27419517	0.1158	-0.2537	0.1613	A	G	0.00286785	21982	41944	0.34386634546194	-1.57284562926224	FALSE	0	3.85519455731347e-15	0	0	0	0	0	2.98042e-142
rs11776293	8	27418429	0.01301	0.0465	0.0187	T	C	0.174541	21982	41944	0.34386634546194	2.48663101604278	FALSE	0	5.79081425059319e-15	0	0	0	0	0	1.30653e-141
rs11776385	8	27412798	0.1362	0.0226	0.0152	C	G	0.392016	21982	41944	0.34386634546194	1.48684210526316	FALSE	0	6.60106642753283e-16	0	0	0	0	0	3.60417e-114
rs11777131	8	27453762	0.0003131	0.0627	0.0174	T	C	0.218496	21982	41944	0.34386634546194	3.60344827586207	FALSE	0	1.58155104200262e-13	0	0	0	0	0	1.69473e-141
rs11778040	8	27419807	0.007656	0.048	0.018	T	C	0.195579	21982	41944	0.34386634546194	2.66666666666667	FALSE	0	8.85120432726295e-15	0	0	0	0	0	6.55719e-142
rs11780592	8	27418747	0.01402	-0.0459	0.0187	A	G	0.176539	21982	41944	0.34386634546194	-2.45454545454545	FALSE	0	5.35317421168744e-15	0	0	0	0	0	5.5527e-129
rs11780645	8	27412787	0.275	0.017	0.0156	T	C	0.322091	21982	41944	0.34386634546194	1.08974358974359	FALSE	0	4.07239636353532e-16	0	0	0	0	0	3.28137e-120
rs11780834	8	27419603	0.008192	-0.0495	0.0187	A	G	0.174572	21982	41944	0.34386634546194	-2.64705882352941	FALSE	0	8.71022318197324e-15	0	0	0	0	0	4.9521e-128
rs11783093	8	27425349	0.04986	0.0384	0.0196	T	C	0.15622	21982	41944	0.34386634546194	1.95918367346939	FALSE	0	1.89443880101443e-15	0	0	0	0	0	1.33029e-141
rs11785015	8	27420633	0.4779	-0.0224	0.0316	A	G	0.0579799	21982	41944	0.34386634546194	-0.708860759493671	FALSE	0	5.78787097003082e-16	0	0	0	0	0	4.16513e-134
rs11787077	8	27465312	2.479e-16	-0.1254	0.0153	T	C	0.405736	21982	41944	0.34386634546194	-8.19607843137255	FALSE	0	0.0703563183843719	0	0	0	0	0	0
rs117996150	8	27510818	0.01399	-0.2239	0.0911	A	C	0.0112448	21982	41944	0.34386634546194	-2.45773874862788	FALSE	0	1.46757018714979e-14	0	0	0	0	0	4.41146e-141
rs118092405	8	27447624	0.03809	-0.1809	0.0872	A	C	0.00936732	21982	41944	0.34386634546194	-2.07454128440367	FALSE	0	7.07492141535187e-15	0	0	0	0	0	7.62295e-140
rs11989325	8	27403014	0.9777	0.0074	0.263	T	G	0.00358145	21982	41944	0.34386634546194	0.0281368821292776	FALSE	0	2.31062655988681e-15	0	0	0	0	0	4.70802e-142
rs11989355	8	27403103	0.9328	0.0241	0.2854	A	G	0.0025417	21982	41944	0.34386634546194	0.0844428871758935	FALSE	0	2.37968900190511e-15	0	0	0	0	0	4.42589e-142
rs11992946	8	27417519	0.2261	0.0603	0.0498	A	G	0.0213836	21982	41944	0.34386634546194	1.21084337349398	FALSE	0	1.39855457743894e-15	0	0	0	0	0	2.00114e-142
rs11996130	8	27439286	0.1259	-0.0677	0.0442	A	G	0.0280607	21982	41944	0.34386634546194	-1.5316742081448	FALSE	0	1.91649900194133e-15	0	0	0	0	0	7.47871e-140
rs12114305	8	27441800	0.01011	0.1906	0.0741	A	G	0.0111569	21982	41944	0.34386634546194	2.57219973009447	FALSE	0	1.84883522189156e-14	0	0	0	0	0	1.83174e-141
rs12542107	8	27500427	0.01762	0.0346	0.0146	A	G	0.446947	21982	41944	0.34386634546194	2.36986301369863	FALSE	0	3.45158234465316e-15	0	0	0	0	0	2.22059e-142
rs12545341	8	27388345	0.4416	-0.0149	0.0193	A	T	0.169627	21982	41944	0.34386634546194	-0.772020725388601	FALSE	0	3.74545306240936e-16	0	0	0	0	0	3.0421e-141
rs12547188	8	27390246	0.07147	0.0567	0.0314	T	G	0.0526765	21982	41944	0.34386634546194	1.80573248407643	FALSE	0	2.20996533530515e-15	0	0	0	0	0	8.16894e-142
rs12549671	8	27500084	0.2145	-0.0209	0.0169	A	G	0.257521	21982	41944	0.34386634546194	-1.23668639053254	FALSE	0	5.22181463806657e-16	0	0	0	0	0	2.10363e-142
rs12677898	8	27512786	0.1024	0.0631	0.0387	A	G	0.0421746	21982	41944	0.34386634546194	1.63049095607235	FALSE	0	1.98568798837564e-15	0	0	0	0	0	1.6509e-141
rs12680584	8	27447024	0.002558	0.0489	0.0162	T	C	0.262712	21982	41944	0.34386634546194	3.01851851851852	FALSE	0	2.16499183836453e-14	0	0	0	0	0	4.29763e-140
rs1316801	8	27429228	6.657e-07	0.0729	0.0147	T	C	0.420563	21982	41944	0.34386634546194	4.95918367346939	FALSE	0	4.36108089167304e-11	0	0	0	0	0	7.06335e-140
rs13269963	8	27400604	0.6144	-0.0092	0.0182	T	C	0.216119	21982	41944	0.34386634546194	-0.505494505494506	FALSE	0	2.98567177582159e-16	0	0	0	0	0	1.63596e-141
rs13438899	8	27394539	0.02033	0.0538	0.0232	A	G	0.107847	21982	41944	0.34386634546194	2.31896551724138	FALSE	0	4.74835411994295e-15	0	0	0	0	0	2.38681e-142
rs13439459	8	27394366	0.01925	0.0543	0.0232	T	C	0.10791	21982	41944	0.34386634546194	2.34051724137931	FALSE	0	4.98952814892664e-15	0	0	0	0	0	2.41572e-142
rs137993876	8	27499629	0.5738	-0.2598	0.462	T	C	0.00183523	21982	41944	0.34386634546194	-0.562337662337662	FALSE	0	2.7308578608935e-15	0	0	0	0	0	3.00492e-142
rs138529507	8	27494366	0.0001655	0.1529	0.0406	T	C	0.0395769	21982	41944	0.34386634546194	3.76600985221675	FALSE	0	5.24033789956237e-13	0	0	0	0	0	9.19351e-138
rs138834082	8	27392944	0.02944	0.1036	0.0476	A	G	0.0277615	21982	41944	0.34386634546194	2.17647058823529	FALSE	0	6.32211959164861e-15	0	0	0	0	0	2.03623e-142
rs138892309	8	27397684	0.6294	0.0706	0.1464	A	G	0.00614357	21982	41944	0.34386634546194	0.48224043715847	FALSE	0	1.84919058783768e-15	0	0	0	0	0	2.43555e-142
rs1389343	8	27484677	0.1524	-0.0309	0.0216	A	G	0.127947	21982	41944	0.34386634546194	-1.43055555555556	FALSE	0	8.56904024413895e-16	0	0	0	0	0	2.80115e-141
rs1389344	8	27447172	0.09786	-0.0736	0.0444	A	T	0.0286331	21982	41944	0.34386634546194	-1.65765765765766	FALSE	0	2.32983345381414e-15	0	0	0	0	0	1.55693e-139
rs139206493	8	27407257	0.0844	0.2829	0.1639	A	G	0.00288762	21982	41944	0.34386634546194	1.72605247101891	FALSE	0	4.48505232522664e-15	0	0	0	0	0	4.33011e-141
rs139423727	8	27394871	0.03713	0.5303	0.2544	T	C	0.00195449	21982	41944	0.34386634546194	2.08451257861635	FALSE	0	5.23207452201419e-15	0	0	0	0	0	5.83722e-141
rs139654080	8	27483432	0.07491	0.0959	0.0538	A	G	0.0189413	21982	41944	0.34386634546194	1.78252788104089	FALSE	0	3.31703259793663e-15	0	0	0	0	0	2.36223e-142
rs139714457	8	27498444	0.2441	0.0523	0.0449	T	G	0.0376908	21982	41944	0.34386634546194	1.16481069042316	FALSE	0	1.21278826049926e-15	0	0	0	0	0	7.55493e-140
rs139800804	8	27429282	0.1973	0.0587	0.0455	A	G	0.03166	21982	41944	0.34386634546194	1.29010989010989	FALSE	0	1.42041669122279e-15	0	0	0	0	0	3.89682e-142
rs139864194	8	27380362	0.3624	-0.0596	0.0654	T	C	0.0192468	21982	41944	0.34386634546194	-0.91131498470948	FALSE	0	1.31270608444346e-15	0	0	0	0	0	2.25942e-142
rs140073246	8	27394516	0.03707	-0.5305	0.2544	C	G	0.00194847	21982	41944	0.34386634546194	-2.08529874213836	FALSE	0	5.23535126357563e-15	0	0	0	0	0	8.02071e-142
rs140185933	8	27411081	0.648	0.0226	0.0496	A	G	0.0213754	21982	41944	0.34386634546194	0.455645161290323	FALSE	0	7.70410048104857e-16	0	0	0	0	0	3.41434e-142
rs140375948	8	27485895	0.1554	-0.0307	0.0216	T	C	0.127764	21982	41944	0.34386634546194	-1.4212962962963	FALSE	0	8.4579340593816e-16	0	0	0	0	0	2.7689e-141
rs140387071	8	27378259	0.04575	0.5169	0.2587	A	T	0.00184398	21982	41944	0.34386634546194	1.99806725937379	FALSE	0	4.84529470392306e-15	0	0	0	0	0	4.59542e-141
rs140421517	8	27405010	0.02086	-0.1554	0.0673	A	G	0.0154595	21982	41944	0.34386634546194	-2.30906389301635	FALSE	0	1.01500893424764e-14	0	0	0	0	0	2.79638e-139
rs140870875	8	27441071	0.4072	-0.1023	0.1234	A	G	0.00623534	21982	41944	0.34386634546194	-0.829011345218801	FALSE	0	1.95472828969288e-15	0	0	0	0	0	3.68686e-142
rs141199776	8	27478503	0.8826	0.011	0.0746	A	G	0.0110191	21982	41944	0.34386634546194	0.14745308310992	FALSE	0	1.02406548522156e-15	0	0	0	0	0	3.63327e-142
rs141916107	8	27395268	0.03688	-0.5309	0.2544	A	G	0.00194588	21982	41944	0.34386634546194	-2.08687106918239	FALSE	0	5.24191461698177e-15	0	0	0	0	0	8.03099e-142
rs142207731	8	27485465	0.6206	0.0661	0.1336	A	T	0.00361462	21982	41944	0.34386634546194	0.494760479041916	FALSE	0	1.75458220444856e-15	0	0	0	0	0	2.39604e-142
rs142885341	8	27414325	0.6262	-0.0247	0.0507	T	C	0.0200214	21982	41944	0.34386634546194	-0.487179487179487	FALSE	0	7.97335107670846e-16	0	0	0	0	0	2.69437e-137
rs143127216	8	27399831	0.03156	-0.5388	0.2506	A	C	0.00194182	21982	41944	0.34386634546194	-2.15003990422985	FALSE	0	5.5760527876433e-15	0	0	0	0	0	8.818e-142
rs143234544	8	27376243	0.04692	-0.5194	0.2614	T	C	0.00185001	21982	41944	0.34386634546194	-1.98699311400153	FALSE	0	4.77808353939021e-15	0	0	0	0	0	6.85017e-142
rs143325788	8	27407825	0.2504	0.0579	0.0504	A	G	0.0209901	21982	41944	0.34386634546194	1.14880952380952	FALSE	0	1.3190527849338e-15	0	0	0	0	0	1.02411e-141
rs143545072	8	27440072	0.9556	0.0036	0.0639	C	G	0.00721295	21982	41944	0.34386634546194	0.0563380281690141	FALSE	0	8.84606900084285e-16	0	0	0	0	0	1.08001e-141
rs143796887	8	27391805	0.04178	0.5196	0.2552	A	T	0.00192796	21982	41944	0.34386634546194	2.03605015673981	FALSE	0	5.02686183239081e-15	0	0	0	0	0	5.1188e-141
rs144001959	8	27473371	0.3222	0.0798	0.0806	A	G	0.0174181	21982	41944	0.34386634546194	0.990074441687345	FALSE	0	1.65388100651241e-15	0	0	0	0	0	4.19991e-142
rs144847063	8	27375403	0.005655	0.2574	0.093	A	G	0.00741636	21982	41944	0.34386634546194	2.76774193548387	FALSE	0	2.85370436523232e-14	0	0	0	0	0	1.01813e-141
rs145349893	8	27423441	0.1366	-0.084	0.0564	T	C	0.0206348	21982	41944	0.34386634546194	-1.48936170212766	FALSE	0	2.20082880466328e-15	0	0	0	0	0	1.03802e-139
rs145350004	8	27381896	0.749	-0.0484	0.1511	C	G	0.00153508	21982	41944	0.34386634546194	-0.320317670416942	FALSE	0	1.80767980357934e-15	0	0	0	0	0	3.62791e-142
rs145936086	8	27383430	0.7504	-0.0481	0.1512	T	G	0.00152734	21982	41944	0.34386634546194	-0.318121693121693	FALSE	0	1.80760627066019e-15	0	0	0	0	0	3.62276e-142
rs146006772	8	27390240	0.157	-0.1066	0.0753	T	C	0.0083247	21982	41944	0.34386634546194	-1.41567065073041	FALSE	0	2.45979753330071e-15	0	0	0	0	0	3.15967e-142
rs146490208	8	27377803	0.8972	0.0205	0.1584	T	C	0.00396064	21982	41944	0.34386634546194	0.129419191919192	FALSE	0	1.81130650031922e-15	0	0	0	0	0	2.16762e-131
rs146980628	8	27393643	0.586	0.0796	0.1461	A	G	0.00587808	21982	41944	0.34386634546194	0.544832306639288	FALSE	0	1.88603858322462e-15	0	0	0	0	0	2.51489e-142
rs147052218	8	27378689	0.01898	0.2428	0.1035	A	G	0.00401352	21982	41944	0.34386634546194	2.34589371980676	FALSE	0	1.16875725928492e-14	0	0	0	0	0	7.83468e-142
rs147094269	8	27416856	0.767	0.0336	0.1133	T	C	0.00720447	21982	41944	0.34386634546194	0.296557811120918	FALSE	0	1.47903878299518e-15	0	0	0	0	0	2.95841e-142
rs147418440	8	27390494	0.03278	-0.1021	0.0478	T	G	0.0276976	21982	41944	0.34386634546194	-2.13598326359833	FALSE	0	5.83822988003892e-15	0	0	0	0	0	1.12176e-137
rs147587395	8	27485107	0.005505	0.2624	0.0945	A	G	0.00870047	21982	41944	0.34386634546194	2.77671957671958	FALSE	0	2.8978814502507e-14	0	0	0	0	0	1.76837e-139
rs148171282	8	27520922	0.007941	0.1404	0.0529	A	G	0.0196151	21982	41944	0.34386634546194	2.65406427221172	FALSE	0	1.99565791410994e-14	0	0	0	0	0	6.31756e-141
rs148174784	8	27413882	0.0927	0.2755	0.1639	T	C	0.00282353	21982	41944	0.34386634546194	1.68090298962782	FALSE	0	4.28336590934701e-15	0	0	0	0	0	3.7104e-141
rs148376644	8	27417341	0.4026	-0.0691	0.0825	A	G	0.0122654	21982	41944	0.34386634546194	-0.837575757575758	FALSE	0	1.49364375454497e-15	0	0	0	0	0	3.14301e-142
rs148601846	8	27373926	0.5293	-0.0922	0.1465	T	G	0.00617317	21982	41944	0.34386634546194	-0.629351535836178	FALSE	0	1.95105212829872e-15	0	0	0	0	0	2.25219e-142
rs149003205	8	27391924	0.6259	0.1265	0.2595	T	C	0.00218727	21982	41944	0.34386634546194	0.48747591522158	FALSE	0	2.40295594848076e-15	0	0	0	0	0	6.64617e-142
rs1493520	8	27483281	0.298	-0.0322	0.0309	A	G	0.0685407	21982	41944	0.34386634546194	-1.042071197411	FALSE	0	7.53133802459775e-16	0	0	0	0	0	2.33884e-142
rs1493521	8	27483267	0.2977	0.0322	0.0309	A	C	0.0676825	21982	41944	0.34386634546194	1.042071197411	FALSE	0	7.53133802459775e-16	0	0	0	0	0	2.74759e-142
rs149467044	8	27411100	0.01508	-0.0456	0.0188	T	G	0.175235	21982	41944	0.34386634546194	-2.42553191489362	FALSE	0	5.01545909502604e-15	0	0	0	0	0	5.4582e-129
rs149746043	8	27418790	0.004184	0.2299	0.0803	T	G	0.00906908	21982	41944	0.34386634546194	2.86301369863014	FALSE	0	3.68824582683705e-14	0	0	0	0	0	1.46906e-138
rs149762241	8	27379960	0.04609	0.5146	0.258	T	C	0.00184392	21982	41944	0.34386634546194	1.99457364341085	FALSE	0	4.83997399124977e-15	0	0	0	0	0	4.56028e-141
rs149787825	8	27507859	0.8556	-0.0308	0.1692	T	C	0.00173665	21982	41944	0.34386634546194	-0.182033096926714	FALSE	0	1.89278885555286e-15	0	0	0	0	0	2.01126e-142
rs149788652	8	27429350	0.1714	0.3903	0.2854	T	G	0.00101746	21982	41944	0.34386634546194	1.36755430974071	FALSE	0	3.23415264864159e-15	0	0	0	0	0	1.65552e-130
rs149990368	8	27412815	0.229	0.06	0.0499	A	G	0.0215536	21982	41944	0.34386634546194	1.20240480961924	FALSE	0	1.38760674586392e-15	0	0	0	0	0	2.00941e-142
rs150053402	8	27395002	0.03706	-0.5305	0.2544	T	C	0.00192728	21982	41944	0.34386634546194	-2.08529874213836	FALSE	0	5.23535126357563e-15	0	0	0	0	0	8.02701e-142
rs151251123	8	27381642	0.1383	-0.1103	0.0744	A	G	0.0127018	21982	41944	0.34386634546194	-1.48252688172043	FALSE	0	2.65709410184354e-15	0	0	0	0	0	3.45464e-142
rs1532275	8	27424988	0.9697	-0.0011	0.0286	A	G	0.066471	21982	41944	0.34386634546194	-0.0384615384615385	FALSE	0	4.11164737363136e-16	0	0	0	0	0	5.8516e-142
rs1532276	8	27466157	1.727e-16	-0.1266	0.0154	T	C	0.405259	21982	41944	0.34386634546194	-8.22077922077922	FALSE	0	0.0864063341728566	0	0	0	0	0	0
rs1532277	8	27466181	3.785e-16	-0.1255	0.0154	T	C	0.394914	21982	41944	0.34386634546194	-8.14935064935065	FALSE	0	0.0483206707016374	0	0	0	0	0	0
rs1532278	8	27466315	3.266e-16	-0.1258	0.0154	T	C	0.393104	21982	41944	0.34386634546194	-8.16883116883117	FALSE	0	0.0565919043759521	0	0	0	0	0	0
rs1532279	8	27432174	0.0004009	-0.0548	0.0155	C	G	0.316206	21982	41944	0.34386634546194	-3.53548387096774	FALSE	0	1.11897536243844e-13	0	0	0	0	0	9.36326e-130
rs1565735	8	27426077	0.01023	0.0454	0.0177	A	T	0.207456	21982	41944	0.34386634546194	2.56497175141243	FALSE	0	6.69170057215455e-15	0	0	0	0	0	2.55964e-142
rs1565736	8	27426229	0.0001359	-0.0581	0.0152	A	G	0.339246	21982	41944	0.34386634546194	-3.82236842105263	FALSE	0	3.13858297550625e-13	0	0	0	0	0	1.00464e-132
rs17057310	8	27387872	0.02222	0.053	0.0232	A	G	0.109573	21982	41944	0.34386634546194	2.28448275862069	FALSE	0	4.3906710706463e-15	0	0	0	0	0	2.41953e-142
rs17057312	8	27389167	0.4091	-0.0579	0.0701	A	G	0.0158853	21982	41944	0.34386634546194	-0.825962910128388	FALSE	0	1.30083085894978e-15	0	0	0	0	0	4.14103e-141
rs17057314	8	27391436	0.9667	-0.0118	0.2833	T	C	0.00221678	21982	41944	0.34386634546194	-0.0416519590540064	FALSE	0	2.37177765565873e-15	0	0	0	0	0	3.05261e-142
rs17057330	8	27397683	0.02569	0.0518	0.0232	T	C	0.107314	21982	41944	0.34386634546194	2.23275862068966	FALSE	0	3.9126230224645e-15	0	0	0	0	0	2.28323e-142
rs17057333	8	27397834	0.9946	0.0019	0.2795	T	C	0.00227353	21982	41944	0.34386634546194	0.00679785330948122	FALSE	0	2.36038975481567e-15	0	0	0	0	0	3.82611e-142
rs17057357	8	27405616	0.804	-0.0126	0.0508	A	G	0.0235407	21982	41944	0.34386634546194	-0.248031496062992	FALSE	0	7.35474300661065e-16	0	0	0	0	0	6.37061e-141
rs17057378	8	27414394	0.7379	0.0562	0.1679	A	G	0.00343917	21982	41944	0.34386634546194	0.334723049434187	FALSE	0	1.92850599039213e-15	0	0	0	0	0	2.43118e-142
rs17057381	8	27416801	0.2369	0.0588	0.0497	A	G	0.0211659	21982	41944	0.34386634546194	1.1830985915493	FALSE	0	1.35314275617168e-15	0	0	0	0	0	2.00133e-142
rs17057386	8	27417456	0.7738	0.052	0.181	T	C	0.00116109	21982	41944	0.34386634546194	0.287292817679558	FALSE	0	1.99224552424384e-15	0	0	0	0	0	4.81652e-142
rs17057392	8	27418233	0.2233	0.061	0.0501	A	C	0.0213769	21982	41944	0.34386634546194	1.21756487025948	FALSE	0	1.41663648456603e-15	0	0	0	0	0	2.00235e-142
rs17057406	8	27427985	0.08899	-0.0405	0.0238	A	G	0.103908	21982	41944	0.34386634546194	-1.70168067226891	FALSE	0	1.42978626065114e-15	0	0	0	0	0	7.70041e-142
rs17057417	8	27436843	0.1264	0.0675	0.0441	T	C	0.0279817	21982	41944	0.34386634546194	1.53061224489796	FALSE	0	1.90985082363831e-15	0	0	0	0	0	2.06613e-142
rs17057419	8	27437388	0.005914	-0.055	0.02	A	G	0.155528	21982	41944	0.34386634546194	-2.75	FALSE	0	1.22044115364586e-14	0	0	0	0	0	3.19317e-142
rs17057426	8	27445858	0.1508	0.0622	0.0433	T	C	0.0320286	21982	41944	0.34386634546194	1.4364896073903	FALSE	0	1.64548249144782e-15	0	0	0	0	0	2.0867e-142
rs17057436	8	27449277	0.3433	-0.2307	0.2434	A	T	0.00315573	21982	41944	0.34386634546194	-0.947822514379622	FALSE	0	2.68754698455509e-15	0	0	0	0	0	2.82838e-137
rs17057438	8	27450073	8.956e-05	0.0608	0.0155	A	G	0.31662	21982	41944	0.34386634546194	3.92258064516129	FALSE	0	4.69872658597374e-13	0	0	0	0	0	5.58791e-139
rs17057441	8	27453022	0.09586	0.0748	0.0449	T	C	0.0285737	21982	41944	0.34386634546194	1.66592427616927	FALSE	0	2.38249977137501e-15	0	0	0	0	0	2.03928e-142
rs17057444	8	27453793	0.6511	0.0168	0.0372	C	G	0.0412196	21982	41944	0.34386634546194	0.451612903225806	FALSE	0	5.85727177031354e-16	0	0	0	0	0	8.10218e-121
rs17057469	8	27496183	0.6857	-0.0777	0.1921	A	G	0.00297584	21982	41944	0.34386634546194	-0.40447683498178	FALSE	0	2.09795594558938e-15	0	0	0	0	0	5.62938e-139
rs17057475	8	27501663	0.7771	-0.0552	0.1951	A	G	0.00292235	21982	41944	0.34386634546194	-0.282931829830856	FALSE	0	2.06870917509026e-15	0	0	0	0	0	6.63154e-139
rs17057494	8	27508285	0.03175	0.0509	0.0237	A	G	0.102881	21982	41944	0.34386634546194	2.14767932489452	FALSE	0	3.32030896370476e-15	0	0	0	0	0	3.45782e-142
rs17381255	8	27422244	0.0489	-0.062	0.0315	T	C	0.0522772	21982	41944	0.34386634546194	-1.96825396825397	FALSE	0	2.98944929839194e-15	0	0	0	0	0	1.27897e-137
rs17383366	8	27504228	0.1068	-0.0458	0.0284	A	G	0.078523	21982	41944	0.34386634546194	-1.61267605633803	FALSE	0	1.45979459219661e-15	0	0	0	0	0	2.23912e-141
rs17466060	8	27422740	4.836e-05	0.061	0.015	A	G	0.432762	21982	41944	0.34386634546194	4.06666666666667	FALSE	0	8.08443374127488e-13	0	0	0	0	0	1.01845e-141
rs17466523	8	27444371	0.09533	0.0744	0.0446	T	G	0.0268658	21982	41944	0.34386634546194	1.66816143497758	FALSE	0	2.37777094529599e-15	0	0	0	0	0	2.02633e-142
rs17466684	8	27452847	0.04162	0.0433	0.0213	A	G	0.170575	21982	41944	0.34386634546194	2.03286384976526	FALSE	0	2.37118728705756e-15	0	0	0	0	0	1.44481e-96
rs17467992	8	27496681	0.01613	0.0351	0.0146	A	C	0.44687	21982	41944	0.34386634546194	2.4041095890411	FALSE	0	3.74396633505991e-15	0	0	0	0	0	2.22439e-142
rs17515931	8	27470196	0.004177	0.0493	0.0172	T	G	0.278015	21982	41944	0.34386634546194	2.86627906976744	FALSE	0	1.46739419953905e-14	0	0	0	0	0	8.24929e-131
rs181949076	8	27412240	0.02326	-0.4524	0.1994	A	G	0.00151461	21982	41944	0.34386634546194	-2.26880641925777	FALSE	0	7.44993128037037e-15	0	0	0	0	0	2.57428e-141
rs1826547	8	27414024	0.2636	0.0556	0.0498	A	G	0.0213756	21982	41944	0.34386634546194	1.11646586345382	FALSE	0	1.26115508176657e-15	0	0	0	0	0	7.4574e-142
rs1826548	8	27413835	0.1712	0.0205	0.015	A	G	0.389025	21982	41944	0.34386634546194	1.36666666666667	FALSE	0	5.49437213707985e-16	0	0	0	0	0	3.79065e-114
rs182777249	8	27408899	0.1977	-0.0683	0.0531	A	C	0.0177106	21982	41944	0.34386634546194	-1.28625235404896	FALSE	0	1.61300387956987e-15	0	0	0	0	0	6.19897e-141
rs182833579	8	27469536	0.1903	-0.1026	0.0783	A	G	0.0117496	21982	41944	0.34386634546194	-1.31034482758621	FALSE	0	2.22749930185271e-15	0	0	0	0	0	3.5434e-142
rs183436760	8	27432405	0.306	0.1025	0.1001	T	C	0.00811864	21982	41944	0.34386634546194	1.02397602397602	FALSE	0	1.97559442378027e-15	0	0	0	0	0	2.17557e-142
rs184117316	8	27512830	0.6702	0.1138	0.2672	T	G	0.00115316	21982	41944	0.34386634546194	0.425898203592814	FALSE	0	2.40052458762447e-15	0	0	0	0	0	2.06793e-142
rs185046562	8	27476376	0.005853	0.2601	0.0944	A	G	0.00831681	21982	41944	0.34386634546194	2.75529661016949	FALSE	0	2.76176892115647e-14	0	0	0	0	0	1.69356e-139
rs185395343	8	27411681	0.2635	0.0593	0.053	A	G	0.0172311	21982	41944	0.34386634546194	1.1188679245283	FALSE	0	1.33435338780601e-15	0	0	0	0	0	2.01327e-142
rs186537150	8	27407211	0.5469	-0.056	0.093	A	G	0.0102592	21982	41944	0.34386634546194	-0.602150537634409	FALSE	0	1.42050699774816e-15	0	0	0	0	0	1.46727e-141
rs187074957	8	27417359	0.01019	0.2125	0.0827	T	C	0.00624059	21982	41944	0.34386634546194	2.56952841596131	FALSE	0	1.85919908940243e-14	0	0	0	0	0	6.20572e-142
rs1873933	8	27417422	0.0002393	-0.0534	0.0145	A	G	0.499081	21982	41944	0.34386634546194	-3.68275862068966	FALSE	0	1.78511551187715e-13	0	0	0	0	0	2.89843e-131
rs187525147	8	27407312	0.2028	-0.1055	0.0829	A	G	0.0175676	21982	41944	0.34386634546194	-1.27261761158022	FALSE	0	2.21806953486934e-15	0	0	0	0	0	1.66753e-140
rs188109592	8	27448407	0.04757	0.4333	0.2187	A	G	0.00185176	21982	41944	0.34386634546194	1.98125285779607	FALSE	0	5.23583954173523e-15	0	0	0	0	0	2.38535e-141
rs1899220	8	27522577	0.4754	0.0106	0.0149	A	G	0.402272	21982	41944	0.34386634546194	0.711409395973154	FALSE	0	2.77336745322611e-16	0	0	0	0	0	2.03202e-142
rs190957395	8	27375153	0.04869	0.5205	0.264	T	C	0.00185072	21982	41944	0.34386634546194	1.97159090909091	FALSE	0	4.69960199959714e-15	0	0	0	0	0	4.30883e-141
rs191704369	8	27440030	0.3613	0.0857	0.0939	C	G	0.00610613	21982	41944	0.34386634546194	0.912673056443024	FALSE	0	1.73519329280236e-15	0	0	0	0	0	2.95689e-142
rs192237415	8	27451519	0.09345	-0.4126	0.246	T	C	0.00268415	21982	41944	0.34386634546194	-1.67723577235772	FALSE	0	3.9415617690019e-15	0	0	0	0	0	1.10171e-138
rs192464695	8	27486499	0.4499	0.0665	0.0881	T	C	0.00689394	21982	41944	0.34386634546194	0.754824063564132	FALSE	0	1.48529636691684e-15	0	0	0	0	0	2.02119e-142
rs192603491	8	27409596	0.02269	0.0725	0.0318	T	G	0.0513647	21982	41944	0.34386634546194	2.27987421383648	FALSE	0	5.74909011460824e-15	0	0	0	0	0	2.47079e-142
rs192961591	8	27413942	0.7619	0.0344	0.1135	A	G	0.00743169	21982	41944	0.34386634546194	0.303083700440529	FALSE	0	1.48316515714448e-15	0	0	0	0	0	3.0368e-142
rs193116977	8	27400530	0.2052	-0.1643	0.1297	A	C	0.00291511	21982	41944	0.34386634546194	-1.26676946800308	FALSE	0	2.77804378807971e-15	0	0	0	0	0	5.21874e-142
rs1982229	8	27474599	0.06177	0.0285	0.0153	T	C	0.35414	21982	41944	0.34386634546194	1.86274509803922	FALSE	0	1.24231842166973e-15	0	0	0	0	0	2.76891e-142
rs1992358	8	27508497	0.05209	0.0326	0.0168	A	C	0.236344	21982	41944	0.34386634546194	1.94047619047619	FALSE	0	1.57558128642505e-15	0	0	0	0	0	3.87729e-137
rs1992359	8	27508512	0.05297	0.0325	0.0168	T	G	0.236386	21982	41944	0.34386634546194	1.93452380952381	FALSE	0	1.55764075763526e-15	0	0	0	0	0	3.71404e-137
rs2070926	8	27467821	1.006e-15	-0.1254	0.0156	C	G	0.399544	21982	41944	0.34386634546194	-8.03846153846154	FALSE	0	0.019955436896988	1	1	1	1	0	0
rs2071575	8	27398432	0.496	0.011	0.0162	T	C	0.300225	21982	41944	0.34386634546194	0.679012345679012	FALSE	0	2.94639176174298e-16	0	0	0	0	0	2.07049e-142
rs2172539	8	27415304	0.2709	0.0553	0.0503	A	C	0.0208743	21982	41944	0.34386634546194	1.09940357852883	FALSE	0	1.24976986799873e-15	0	0	0	0	0	7.39841e-142
rs2246847	8	27509153	0.05491	0.0323	0.0168	A	G	0.236711	21982	41944	0.34386634546194	1.92261904761905	FALSE	0	1.5225309106283e-15	0	0	0	0	0	3.57263e-137
rs2269461	8	27398620	0.0008479	-0.0848	0.0254	T	C	0.107307	21982	41944	0.34386634546194	-3.33858267716535	FALSE	0	8.8109772741094e-14	0	0	0	0	0	3.51625e-139
rs2279590	8	27456253	5.279e-16	-0.1254	0.0155	T	C	0.408344	21982	41944	0.34386634546194	-8.09032258064516	FALSE	0	0.0301239959097158	0	0	0	0	1	1
rs2279591	8	27453763	0.04665	0.0359	0.018	T	C	0.269938	21982	41944	0.34386634546194	1.99444444444444	FALSE	0	1.87103211221811e-15	0	0	0	0	0	3.06405e-135
rs2291635	8	27401142	0.0005613	-0.0878	0.0254	A	G	0.107692	21982	41944	0.34386634546194	-3.45669291338583	FALSE	0	1.30779081007372e-13	0	0	0	0	0	6.14166e-139
rs2294027	8	27507000	0.02662	0.0525	0.0237	T	C	0.10285	21982	41944	0.34386634546194	2.21518987341772	FALSE	0	3.83929333973292e-15	0	0	0	0	0	3.73397e-142
rs2435314	8	27380393	0.7819	0.0077	0.0277	A	G	0.0872861	21982	41944	0.34386634546194	0.277978339350181	FALSE	0	4.13569136172266e-16	0	0	0	0	0	2.43801e-141
rs2565050	8	27404354	0.5076	0.0148	0.0223	T	C	0.128816	21982	41944	0.34386634546194	0.663677130044843	FALSE	0	3.99783016730661e-16	0	0	0	0	0	1.67655e-139
rs2582367	8	27480025	1.82e-05	0.0626	0.0146	T	C	0.443508	21982	41944	0.34386634546194	4.28767123287671	FALSE	0	1.9761979627805e-12	0	0	0	0	0	2.79688e-141
rs2582369	8	27505756	0.03532	0.0354	0.0168	T	C	0.2348	21982	41944	0.34386634546194	2.10714285714286	FALSE	0	2.20243273452764e-15	0	0	0	0	0	9.73756e-137
rs2582370	8	27508543	0.6914	0.006	0.0152	A	G	0.340557	21982	41944	0.34386634546194	0.394736842105263	FALSE	0	2.3766465924637e-16	0	0	0	0	0	2.7785e-141
rs2640721	8	27418453	0.3441	-0.0141	0.0149	A	G	0.395089	21982	41944	0.34386634546194	-0.946308724832215	FALSE	0	3.36586855961914e-16	0	0	0	0	0	2.26621e-126
rs2640722	8	27418443	0.3294	-0.0145	0.0149	C	G	0.394995	21982	41944	0.34386634546194	-0.973154362416107	FALSE	0	3.45322452713062e-16	0	0	0	0	0	1.91554e-126
rs2640723	8	27418325	0.01523	0.0475	0.0196	A	G	0.172341	21982	41944	0.34386634546194	2.4234693877551	FALSE	0	5.18954526160442e-15	0	0	0	0	0	2.36591e-120
rs2640724	8	27415576	1.371e-05	-0.0778	0.0179	A	G	0.2656	21982	41944	0.34386634546194	-4.3463687150838	FALSE	0	3.03644070968364e-12	0	0	0	0	0	2.58633e-137
rs2640725	8	27413421	0.01958	-0.0345	0.0148	T	G	0.420218	21982	41944	0.34386634546194	-2.33108108108108	FALSE	0	3.19407507892333e-15	0	0	0	0	0	1.07906e-128
rs2640726	8	27405809	0.6132	0.0077	0.0152	T	C	0.372231	21982	41944	0.34386634546194	0.506578947368421	FALSE	0	2.49878240175941e-16	0	0	0	0	0	8.38658e-120
rs2640727	8	27405576	0.2306	-0.0181	0.0151	T	C	0.0238056	21982	41944	0.34386634546194	-1.19867549668874	FALSE	0	4.4638242858219e-16	0	0	0	0	0	1.51801e-138
rs2640730	8	27505368	0.05284	0.0334	0.0172	T	C	0.232729	21982	41944	0.34386634546194	1.94186046511628	FALSE	0	1.61611060220508e-15	0	0	0	0	0	4.11836e-137
rs2640731	8	27505369	0.05308	-0.0333	0.0172	A	G	0.232897	21982	41944	0.34386634546194	-1.93604651162791	FALSE	0	1.59812677414398e-15	0	0	0	0	0	2.99749e-142
rs2640732	8	27517821	0.3635	0.0134	0.0147	T	G	0.42072	21982	41944	0.34386634546194	0.91156462585034	FALSE	0	3.21622986386112e-16	0	0	0	0	0	2.44232e-140
rs2741346	8	27454089	0.8998	-0.0064	0.0512	A	C	0.0230009	21982	41944	0.34386634546194	-0.125	FALSE	0	7.25104890272727e-16	0	0	0	0	0	2.01882e-142
rs2741348	8	27420782	0.3944	0.0126	0.0148	T	G	0.42412	21982	41944	0.34386634546194	0.851351351351351	FALSE	0	3.07140807016071e-16	0	0	0	0	0	3.96583e-130
rs2741349	8	27419320	0.3209	0.0148	0.0149	A	T	0.394411	21982	41944	0.34386634546194	0.993288590604027	FALSE	0	3.52188225108383e-16	0	0	0	0	0	1.87479e-116
rs2741350	8	27418497	0.3429	0.0141	0.0149	A	T	0.395191	21982	41944	0.34386634546194	0.946308724832215	FALSE	0	3.36586855961914e-16	0	0	0	0	0	8.3075e-117
rs2741351	8	27418040	0.04575	-0.039	0.0195	A	C	0.174787	21982	41944	0.34386634546194	-2	FALSE	0	2.0423044948878e-15	0	0	0	0	0	1.91893e-137
rs2741352	8	27417959	0.3305	0.0145	0.0149	T	C	0.393175	21982	41944	0.34386634546194	0.973154362416107	FALSE	0	3.45322452713062e-16	0	0	0	0	0	7.19201e-117
rs2741353	8	27417024	0.06845	-0.0377	0.0207	A	G	0.148742	21982	41944	0.34386634546194	-1.82125603864734	FALSE	0	1.54178912372072e-15	0	0	0	0	0	2.73828e-137
rs2741354	8	27415476	0.5105	-0.0099	0.015	T	C	0.374249	21982	41944	0.34386634546194	-0.66	FALSE	0	2.6956541465652e-16	0	0	0	0	0	8.13401e-125
rs28361904	8	27444749	0.002844	0.0484	0.0162	A	G	0.263136	21982	41944	0.34386634546194	2.98765432098765	FALSE	0	1.97453494606022e-14	0	0	0	0	0	3.38484e-140
rs28369453	8	27447438	0.1696	0.0597	0.0435	A	G	0.0318547	21982	41944	0.34386634546194	1.37241379310345	FALSE	0	1.51603712458227e-15	0	0	0	0	0	2.05426e-142
rs28538546	8	27378917	0.5694	-0.1148	0.2018	A	G	0.00351542	21982	41944	0.34386634546194	-0.568880079286422	FALSE	0	2.23359709699115e-15	0	0	0	0	0	2.44451e-142
rs28541694	8	27462008	0.00754	-0.0448	0.0168	C	G	0.260843	21982	41944	0.34386634546194	-2.66666666666667	FALSE	0	8.29568176001827e-15	0	0	0	0	0	1.59406e-138
rs28633173	8	27446980	0.002415	-0.0494	0.0163	A	G	0.262636	21982	41944	0.34386634546194	-3.03067484662577	FALSE	0	2.25847580691016e-14	0	0	0	0	0	1.25144e-134
rs28661845	8	27444641	0.002927	0.0482	0.0162	C	G	0.263226	21982	41944	0.34386634546194	2.97530864197531	FALSE	0	1.90363347035345e-14	0	0	0	0	0	3.2062e-140
rs28673052	8	27417368	0.3298	0.0489	0.0502	C	G	0.0213178	21982	41944	0.34386634546194	0.97410358565737	FALSE	0	1.10408372104799e-15	0	0	0	0	0	4.61607e-142
rs28807154	8	27486067	0.1809	-0.2589	0.1935	T	C	0.00285571	21982	41944	0.34386634546194	-1.33798449612403	FALSE	0	3.20435796184537e-15	0	0	0	0	0	1.97343e-142
rs3087554	8	27455442	0.07557	-0.0381	0.0215	T	C	0.181823	21982	41944	0.34386634546194	-1.77209302325581	FALSE	0	1.46485381258655e-15	0	0	0	0	0	2.73726e-133
rs34037194	8	27511232	0.02848	-0.0519	0.0237	T	C	0.103118	21982	41944	0.34386634546194	-2.18987341772152	FALSE	0	3.63387723076674e-15	0	0	0	0	0	5.81543e-140
rs34109053	8	27470597	0.002733	0.052	0.0173	A	G	0.278267	21982	41944	0.34386634546194	3.00578034682081	FALSE	0	2.21539668337128e-14	0	0	0	0	0	2.98802e-131
rs34129184	8	27493926	0.08743	-0.0662	0.0387	T	C	0.0368542	21982	41944	0.34386634546194	-1.71059431524548	FALSE	0	2.25906718607205e-15	0	0	0	0	0	1.77372e-131
rs34181437	8	27374686	0.0009773	0.0843	0.0256	A	T	0.105013	21982	41944	0.34386634546194	3.29296875	FALSE	0	7.6410311320659e-14	0	0	0	0	0	3.88219e-140
rs34214051	8	27494295	0.01561	-0.0589	0.0243	C	G	0.102204	21982	41944	0.34386634546194	-2.4238683127572	FALSE	0	6.32944276985306e-15	0	0	0	0	0	1.52804e-139
rs34299024	8	27501482	0.4916	0.0612	0.089	A	G	0.0080554	21982	41944	0.34386634546194	0.687640449438202	FALSE	0	1.43745337755166e-15	0	0	0	0	0	2.84436e-142
rs34319290	8	27405207	0.007163	0.0814	0.0303	T	C	0.0575236	21982	41944	0.34386634546194	2.68646864686469	FALSE	0	1.47999019640503e-14	0	0	0	0	0	2.08283e-142
rs34355295	8	27403925	0.4038	-0.2779	0.3329	A	G	0.00120396	21982	41944	0.34386634546194	-0.834785220787023	FALSE	0	2.72881570186093e-15	0	0	0	0	0	2.0402e-142
rs34405107	8	27435694	0.03859	0.0805	0.0389	A	T	0.0685731	21982	41944	0.34386634546194	2.0694087403599	FALSE	0	4.36157155932727e-15	0	0	0	0	0	3.63001e-130
rs34547896	8	27505957	0.44	-0.018	0.0233	T	C	0.101932	21982	41944	0.34386634546194	-0.772532188841202	FALSE	0	4.50836107267464e-16	0	0	0	0	0	1.77467e-140
rs34604880	8	27503300	0.632	0.0929	0.194	T	C	0.00318799	21982	41944	0.34386634546194	0.478865979381443	FALSE	0	2.14380985645043e-15	0	0	0	0	0	2.40204e-137
rs34660936	8	27505640	0.9007	-0.0234	0.1873	T	G	0.0047842	21982	41944	0.34386634546194	-0.124933262146289	FALSE	0	1.99222449390182e-15	0	0	0	0	0	2.44338e-142
rs34787158	8	27511447	0.9983	4e-04	0.1932	A	G	0.0040684	21982	41944	0.34386634546194	0.0020703933747412	FALSE	0	2.01653073829806e-15	0	0	0	0	0	5.23691e-138
rs34907015	8	27496158	0.01577	-0.0575	0.0238	T	G	0.103138	21982	41944	0.34386634546194	-2.41596638655462	FALSE	0	6.09567184257448e-15	0	0	0	0	0	1.56851e-139
rs34980372	8	27526184	0.01704	-0.0568	0.0238	T	C	0.103134	21982	41944	0.34386634546194	-2.38655462184874	FALSE	0	5.6856180452557e-15	0	0	0	0	0	1.3762e-139
rs35051518	8	27519040	0.02426	-0.2775	0.1232	T	C	0.00535929	21982	41944	0.34386634546194	-2.25243506493507	FALSE	0	9.57474925908862e-15	0	0	0	0	0	7.6645e-142
rs35112405	8	27511807	5.694e-05	0.1498	0.0372	A	T	0.0450282	21982	41944	0.34386634546194	4.02688172043011	FALSE	0	1.34385703685644e-12	0	0	0	0	0	4.47121e-138
rs35152624	8	27520881	0.2244	-0.0263	0.0216	A	G	0.126199	21982	41944	0.34386634546194	-1.21759259259259	FALSE	0	6.48458665797812e-16	0	0	0	0	0	1.92544e-138
rs35154713	8	27519630	0.01839	-0.056	0.0237	T	C	0.103025	21982	41944	0.34386634546194	-2.36286919831224	FALSE	0	5.35831477945977e-15	0	0	0	0	0	1.2018e-139
rs35193681	8	27514004	0.4913	-0.0614	0.0892	T	C	0.00768279	21982	41944	0.34386634546194	-0.688340807174888	FALSE	0	1.44051579552004e-15	0	0	0	0	0	2.39369e-142
rs35236974	8	27453579	0.01935	-0.0458	0.0196	A	G	0.162247	21982	41944	0.34386634546194	-2.33673469387755	FALSE	0	4.22987490038809e-15	0	0	0	0	0	7.2041e-131
rs35256682	8	27478850	0.9591	-0.0019	0.0375	A	T	0.0669764	21982	41944	0.34386634546194	-0.0506666666666667	FALSE	0	5.35546908015286e-16	0	0	0	0	0	9.41608e-142
rs35386717	8	27508021	0.1046	-0.0461	0.0284	A	G	0.0784072	21982	41944	0.34386634546194	-1.62323943661972	FALSE	0	1.48445696489199e-15	0	0	0	0	0	2.25986e-141
rs35493625	8	27495784	0.01542	-0.0577	0.0238	C	G	0.103195	21982	41944	0.34386634546194	-2.42436974789916	FALSE	0	6.21914572170217e-15	0	0	0	0	0	1.62543e-139
rs35502545	8	27493479	0.09115	-0.0657	0.0389	T	C	0.0368628	21982	41944	0.34386634546194	-1.68894601542416	FALSE	0	2.19007676991012e-15	0	0	0	0	0	1.54722e-131
rs35581080	8	27503790	0.1044	0.046	0.0283	A	G	0.0796992	21982	41944	0.34386634546194	1.62544169611307	FALSE	0	1.48479635697078e-15	0	0	0	0	0	6.22498e-142
rs35603193	8	27514027	0.03151	-0.051	0.0237	A	T	0.10424	21982	41944	0.34386634546194	-2.15189873417722	FALSE	0	3.35014312433144e-15	0	0	0	0	0	5.08477e-140
rs35775626	8	27490111	0.209	0.0272	0.0216	T	C	0.127722	21982	41944	0.34386634546194	1.25925925925926	FALSE	0	6.82392092364499e-16	0	0	0	0	0	2.20094e-142
rs35809334	8	27514148	0.1545	0.0693	0.0487	A	G	0.0201067	21982	41944	0.34386634546194	1.42299794661191	FALSE	0	1.78585560861937e-15	0	0	0	0	0	2.84139e-142
rs35838266	8	27520526	0.9591	-0.0018	0.0342	T	C	0.0617226	21982	41944	0.34386634546194	-0.0526315789473684	FALSE	0	4.89872079574337e-16	0	0	0	0	0	1.49429e-141
rs35889509	8	27395098	8.913e-05	0.1053	0.0269	A	G	0.0937168	21982	41944	0.34386634546194	3.91449814126394	FALSE	0	7.17591166969826e-13	0	0	0	0	0	2.95585e-139
rs35943509	8	27498939	0.5881	-0.1039	0.1919	C	G	0.00325933	21982	41944	0.34386634546194	-0.541427826993226	FALSE	0	2.16882980924514e-15	0	0	0	0	0	4.93867e-139
rs35980966	8	27502936	0.02169	0.2822	0.1229	A	G	0.0053843	21982	41944	0.34386634546194	2.29617575264443	FALSE	0	1.02988928055067e-14	0	0	0	0	0	1.62044e-140
rs36029435	8	27507163	0.5343	-0.1272	0.2046	T	G	0.00103351	21982	41944	0.34386634546194	-0.621700879765396	FALSE	0	2.28106824511912e-15	0	0	0	0	0	5.30931e-142
rs36036753	8	27524852	0.3971	-0.4049	0.4782	C	G	0.00143618	21982	41944	0.34386634546194	-0.846716854872438	FALSE	0	2.82444908703431e-15	0	0	0	0	0	2.23853e-142
rs36046209	8	27520595	0.2233	0.0263	0.0216	T	C	0.126213	21982	41944	0.34386634546194	1.21759259259259	FALSE	0	6.48458665797812e-16	0	0	0	0	0	8.25028e-142
rs36125274	8	27525982	0.01827	-0.0577	0.0245	T	G	0.10338	21982	41944	0.34386634546194	-2.35510204081633	FALSE	0	5.42330921997794e-15	0	0	0	0	0	1.211e-139
rs3779622	8	27513285	0.02842	0.052	0.0237	C	G	0.103195	21982	41944	0.34386634546194	2.19409282700422	FALSE	0	3.66717269861598e-15	0	0	0	0	0	3.76274e-142
rs3824098	8	27522630	0.01669	0.0568	0.0237	A	C	0.103598	21982	41944	0.34386634546194	2.39662447257384	FALSE	0	5.80004772662246e-15	0	0	0	0	0	4.53738e-142
rs3824099	8	27513494	0.02824	-0.052	0.0237	T	C	0.102908	21982	41944	0.34386634546194	-2.19409282700422	FALSE	0	3.66717269861598e-15	0	0	0	0	0	5.82558e-140
rs41276297	8	27462662	0.01413	-0.3543	0.1444	A	G	0.00489014	21982	41944	0.34386634546194	-2.45360110803324	FALSE	0	1.22887252573498e-14	0	0	0	0	0	7.02361e-142
rs4149243	8	27373923	0.3668	-0.0173	0.0192	T	C	0.174309	21982	41944	0.34386634546194	-0.901041666666667	FALSE	0	4.14692897977873e-16	0	0	0	0	0	1.22184e-141
rs4149244	8	27377162	0.1132	-0.0495	0.0312	T	C	0.0542682	21982	41944	0.34386634546194	-1.58653846153846	FALSE	0	1.52848335429812e-15	0	0	0	0	0	9.19756e-142
rs4149245	8	27378633	0.4244	-0.0153	0.0192	T	C	0.176833	21982	41944	0.34386634546194	-0.796875	FALSE	0	3.7990173958628e-16	0	0	0	0	0	9.02772e-142
rs4149246	8	27383901	0.0795	-0.0549	0.0313	T	G	0.0532735	21982	41944	0.34386634546194	-1.75399361022364	FALSE	0	2.01419656733106e-15	0	0	0	0	0	1.33631e-141
rs4149247	8	27385415	0.421	0.0155	0.0192	T	C	0.175497	21982	41944	0.34386634546194	0.807291666666667	FALSE	0	3.83059901264843e-16	0	0	0	0	0	2.02137e-142
rs4149248	8	27385450	0.4152	-0.0158	0.0193	A	G	0.16796	21982	41944	0.34386634546194	-0.818652849740933	FALSE	0	3.88564363970275e-16	0	0	0	0	0	3.52024e-141
rs4149252	8	27396111	0.3564	0.0179	0.0194	T	G	0.167907	21982	41944	0.34386634546194	0.922680412371134	FALSE	0	4.27210180264041e-16	0	0	0	0	0	2.43297e-142
rs4149253	8	27396208	0.06833	-0.0574	0.0315	A	G	0.0527186	21982	41944	0.34386634546194	-1.82222222222222	FALSE	0	2.28193456408707e-15	0	0	0	0	0	1.61761e-141
rs4149254	8	27397087	0.1528	-0.0454	0.0318	T	C	0.0752936	21982	41944	0.34386634546194	-1.42767295597484	FALSE	0	1.23146836941331e-15	0	0	0	0	0	1.42451e-141
rs4149255	8	27397157	0.3337	-0.0185	0.0191	T	C	0.177155	21982	41944	0.34386634546194	-0.968586387434555	FALSE	0	4.39207950167602e-16	0	0	0	0	0	1.42011e-141
rs4149256	8	27399518	0.0007338	-0.0862	0.0255	C	G	0.105703	21982	41944	0.34386634546194	-3.38039215686275	FALSE	0	1.01491493575676e-13	0	0	0	0	0	5.02337e-139
rs4149257	8	27399704	0.1649	0.023	0.0165	A	G	0.282595	21982	41944	0.34386634546194	1.39393939393939	FALSE	0	6.26355612777884e-16	0	0	0	0	0	2.21029e-142
rs4149258	8	27400044	0.001698	-0.0794	0.0253	A	G	0.109732	21982	41944	0.34386634546194	-3.13833992094862	FALSE	0	4.63916984036545e-14	0	0	0	0	0	1.2423e-139
rs4149259	8	27402494	0.35	0.0181	0.0194	T	C	0.170534	21982	41944	0.34386634546194	0.93298969072165	FALSE	0	4.31277729381951e-16	0	0	0	0	0	2.47451e-142
rs4149260	8	27402664	0.3274	0.0191	0.0195	A	G	0.166915	21982	41944	0.34386634546194	0.979487179487179	FALSE	0	4.52979989791029e-16	0	0	0	0	0	2.4962e-142
rs4236673	8	27464929	5.542e-16	-0.1241	0.0153	A	G	0.395389	21982	41944	0.34386634546194	-8.11111111111111	FALSE	0	0.0353328907957506	0	0	0	0	0	0
rs4272333	8	27421301	0.9189	-0.0028	0.0274	A	G	0.0781578	21982	41944	0.34386634546194	-0.102189781021898	FALSE	0	3.95976336866612e-16	0	0	0	0	0	2.23583e-136
rs4352801	8	27435201	0.0002202	-0.0544	0.0147	T	C	0.411136	21982	41944	0.34386634546194	-3.70068027210884	FALSE	0	1.93080295556169e-13	0	0	0	0	0	2.12303e-93
rs4573223	8	27435195	0.8289	0.0064	0.0294	T	C	0.0712021	21982	41944	0.34386634546194	0.217687074829932	FALSE	0	4.32024238839488e-16	0	0	0	0	0	3.04503e-132
rs472707	8	27491654	0.8819	-0.0024	0.0164	C	G	0.279955	21982	41944	0.34386634546194	-0.146341463414634	FALSE	0	2.39738982288139e-16	0	0	0	0	0	4.36422e-140
rs4732597	8	27492135	0.007501	-0.0636	0.0238	C	G	0.1055	21982	41944	0.34386634546194	-2.67226890756303	FALSE	0	1.15945807482292e-14	0	0	0	0	0	8.12508e-140
rs4732598	8	27498465	0.01056	0.0603	0.0236	T	C	0.106501	21982	41944	0.34386634546194	2.55508474576271	FALSE	0	8.50762915966279e-15	0	0	0	0	0	1.15364e-141
rs4732600	8	27525305	0.5021	-0.0405	0.0603	T	C	0.021919	21982	41944	0.34386634546194	-0.671641791044776	FALSE	0	1.03026365756831e-15	0	0	0	0	0	2.02456e-142
rs473266	8	27514546	0.7548	0.0047	0.0152	T	C	0.341196	21982	41944	0.34386634546194	0.309210526315789	FALSE	0	2.30656721086265e-16	0	0	0	0	0	2.74399e-141
rs4732723	8	27407063	0.208	0.0212	0.0169	T	C	0.36924	21982	41944	0.34386634546194	1.25443786982249	FALSE	0	5.33772102712405e-16	0	0	0	0	0	4.15941e-115
rs4732724	8	27423062	0.03841	0.0321	0.0155	C	G	0.346529	21982	41944	0.34386634546194	2.07096774193548	FALSE	0	1.89027977759106e-15	0	0	0	0	0	3.00951e-142
rs4732725	8	27423338	0.9543	0.0017	0.0301	T	C	0.071922	21982	41944	0.34386634546194	0.0564784053156146	FALSE	0	4.32624332239787e-16	0	0	0	0	0	9.06089e-132
rs4732726	8	27425523	0.8307	0.0064	0.0298	C	G	0.0717801	21982	41944	0.34386634546194	0.214765100671141	FALSE	0	4.37498922245863e-16	0	0	0	0	0	2.90181e-132
rs4732728	8	27441521	3.276e-07	-0.0752	0.0147	C	G	0.421958	21982	41944	0.34386634546194	-5.1156462585034	FALSE	0	9.55105775979683e-11	0	0	0	0	0	4.33814e-172
rs4732729	8	27461492	7.999e-10	0.0992	0.0161	A	C	0.333655	21982	41944	0.34386634546194	6.16149068322981	FALSE	0	3.61282551659145e-08	0	0	0	0	0	2.0945e-81
rs4732732	8	27476426	0.0003834	0.0525	0.0148	A	G	0.449188	21982	41944	0.34386634546194	3.5472972972973	FALSE	0	1.11778442383562e-13	0	0	0	0	0	5.55595e-142
rs4732734	8	27495969	0.01552	0.0576	0.0238	A	G	0.103198	21982	41944	0.34386634546194	2.42016806722689	FALSE	0	6.15704568328715e-15	0	0	0	0	0	4.64918e-142
rs4732735	8	27497690	0.0106	-0.0603	0.0236	T	G	0.106215	21982	41944	0.34386634546194	-2.55508474576271	FALSE	0	8.50762915966279e-15	0	0	0	0	0	5.98456e-140
rs4732736	8	27503608	0.0215	-0.0545	0.0237	A	G	0.103067	21982	41944	0.34386634546194	-2.29957805907173	FALSE	0	4.63273267068036e-15	0	0	0	0	0	9.34227e-140
rs477490	8	27507860	0.0518	0.0327	0.0168	A	G	0.236132	21982	41944	0.34386634546194	1.94642857142857	FALSE	0	1.59378452236002e-15	0	0	0	0	0	4.22234e-137
rs478045	8	27508226	0.05491	-0.0322	0.0168	T	C	0.236648	21982	41944	0.34386634546194	-1.91666666666667	FALSE	0	1.50535332405426e-15	0	0	0	0	0	3.05298e-142
rs480291	8	27518682	0.4246	0.0117	0.0147	A	G	0.415351	21982	41944	0.34386634546194	0.795918367346939	FALSE	0	2.91540376504515e-16	0	0	0	0	0	2.54735e-140
rs482078	8	27507374	0.05089	0.0328	0.0168	T	C	0.236153	21982	41944	0.34386634546194	1.95238095238095	FALSE	0	1.61225478888261e-15	0	0	0	0	0	4.38461e-137
rs484377	8	27477509	1.443e-05	0.0634	0.0146	T	C	0.442682	21982	41944	0.34386634546194	4.34246575342466	FALSE	0	2.50018209210237e-12	0	0	0	0	0	9.72321e-141
rs484458	8	27484952	0.08377	-0.0298	0.0172	A	G	0.229693	21982	41944	0.34386634546194	-1.73255813953488	FALSE	0	1.10330844201807e-15	0	0	0	0	0	4.64909e-142
rs485810	8	27519246	0.7057	0.1706	0.4518	A	G	0.00415916	21982	41944	0.34386634546194	0.377600708277999	FALSE	0	2.68519248130606e-15	0	0	0	0	0	5.50736e-142
rs485902	8	27489959	3.196e-05	-0.0611	0.0147	C	G	0.433029	21982	41944	0.34386634546194	-4.15646258503401	FALSE	0	1.14602918592042e-12	0	0	0	0	0	1.33042e-141
rs491672	8	27488582	0.01049	0.0387	0.0151	A	G	0.358826	21982	41944	0.34386634546194	2.56291390728477	FALSE	0	5.724355936979e-15	0	0	0	0	0	4.63143e-136
rs492587	8	27488689	0.01033	0.0388	0.0151	T	C	0.358771	21982	41944	0.34386634546194	2.56953642384106	FALSE	0	5.82191115943328e-15	0	0	0	0	0	1.47982e-135
rs492638	8	27479227	0.0003116	-0.0569	0.0158	T	G	0.306298	21982	41944	0.34386634546194	-3.60126582278481	FALSE	0	1.43806159954817e-13	0	0	0	0	0	4.73277e-127
rs492786	8	27520184	0.416	-0.0119	0.0147	A	G	0.41584	21982	41944	0.34386634546194	-0.80952380952381	FALSE	0	2.94724552983064e-16	0	0	0	0	0	7.01514e-142
rs495150	8	27482354	0.0003899	0.0561	0.0158	T	G	0.303727	21982	41944	0.34386634546194	3.5506329113924	FALSE	0	1.20124480821098e-13	0	0	0	0	0	1.49443e-128
rs495152	8	27504956	0.03711	0.0351	0.0168	A	G	0.234726	21982	41944	0.34386634546194	2.08928571428571	FALSE	0	2.12199556089906e-15	0	0	0	0	0	8.00677e-137
rs495153	8	27498399	0.594	-0.0083	0.0156	A	C	0.312727	21982	41944	0.34386634546194	-0.532051282051282	FALSE	0	2.59798225463441e-16	0	0	0	0	0	3.42621e-140
rs498146	8	27497571	0.6414	0.0073	0.0156	A	G	0.312696	21982	41944	0.34386634546194	0.467948717948718	FALSE	0	2.51652158999932e-16	0	0	0	0	0	2.04732e-138
rs499046	8	27482870	0.007639	-0.0402	0.0151	T	C	0.35805	21982	41944	0.34386634546194	-2.66225165562914	FALSE	0	7.40967918800562e-15	0	0	0	0	0	2.25409e-142
rs500048	8	27497790	0.6234	0.0076	0.0156	T	G	0.313142	21982	41944	0.34386634546194	0.487179487179487	FALSE	0	2.53959854276846e-16	0	0	0	0	0	2.26375e-138
rs503224	8	27515247	0.6408	-0.0072	0.0153	T	C	0.341018	21982	41944	0.34386634546194	-0.470588235294118	FALSE	0	2.47151478895356e-16	0	0	0	0	0	5.9233e-142
rs504038	8	27475320	3.223e-05	-0.063	0.0152	T	G	0.387304	21982	41944	0.34386634546194	-4.14473684210526	FALSE	0	1.12522511417034e-12	0	0	0	0	0	1.8468e-135
rs505295	8	27522576	0.4219	-0.0118	0.0147	A	C	0.416963	21982	41944	0.34386634546194	-0.802721088435374	FALSE	0	2.93121395137411e-16	0	0	0	0	0	7.00481e-142
rs507341	8	27481984	0.0003826	0.0562	0.0158	T	C	0.304447	21982	41944	0.34386634546194	3.55696202531646	FALSE	0	1.22839844534606e-13	0	0	0	0	0	2.39893e-142
rs508032	8	27506851	0.03769	0.035	0.0168	A	G	0.234797	21982	41944	0.34386634546194	2.08333333333333	FALSE	0	2.09598885720847e-15	0	0	0	0	0	8.54399e-137
rs508782	8	27506807	0.03761	-0.035	0.0168	T	G	0.23481	21982	41944	0.34386634546194	-2.08333333333333	FALSE	0	2.09598885720847e-15	0	0	0	0	0	2.64055e-142
rs509778	8	27475137	0.4644	-0.3463	0.4734	A	G	0.00385149	21982	41944	0.34386634546194	-0.731516687790452	FALSE	0	2.78417982218802e-15	0	0	0	0	0	1.98173e-142
rs514194	8	27506205	0.03656	0.0352	0.0168	A	G	0.23478	21982	41944	0.34386634546194	2.0952380952381	FALSE	0	2.14840053669044e-15	0	0	0	0	0	9.05765e-137
rs516125	8	27520266	0.4161	0.0119	0.0147	A	G	0.415871	21982	41944	0.34386634546194	0.80952380952381	FALSE	0	2.94724552983064e-16	0	0	0	0	0	5.13927e-140
rs516204	8	27520288	0.6328	-0.2252	0.4713	A	G	0.00382922	21982	41944	0.34386634546194	-0.477827286229578	FALSE	0	2.71875896724299e-15	0	0	0	0	0	2.72579e-141
rs517293	8	27513031	0.06754	0.0306	0.0168	A	G	0.236138	21982	41944	0.34386634546194	1.82142857142857	FALSE	0	1.26146065817894e-15	0	0	0	0	0	1.81952e-137
rs518317	8	27479745	2.202e-05	0.0618	0.0146	C	G	0.443156	21982	41944	0.34386634546194	4.23287671232877	FALSE	0	1.5667015943001e-12	0	0	0	0	0	7.01327e-141
rs519238	8	27513271	0.6696	0.0065	0.0152	A	G	0.340171	21982	41944	0.34386634546194	0.427631578947368	FALSE	0	2.40882389836718e-16	0	0	0	0	0	2.89252e-141
rs519311	8	27519587	0.4164	0.0119	0.0147	A	G	0.415664	21982	41944	0.34386634546194	0.80952380952381	FALSE	0	2.94724552983064e-16	0	0	0	0	0	5.24813e-140
rs520186	8	27479103	2.433e-05	-0.0615	0.0146	A	G	0.442856	21982	41944	0.34386634546194	-4.21232876712329	FALSE	0	1.43715667212076e-12	0	0	0	0	0	1.94878e-130
rs520192	8	27479111	0.2784	0.0334	0.0308	A	C	0.0730331	21982	41944	0.34386634546194	1.08441558441558	FALSE	0	7.84570176078735e-16	0	0	0	0	0	8.05679e-142
rs520769	8	27489421	0.1258	0.0374	0.0245	T	C	0.112914	21982	41944	0.34386634546194	1.5265306122449	FALSE	0	1.11224009318858e-15	0	0	0	0	0	6.5914e-141
rs522069	8	27485522	0.07364	-0.0309	0.0173	T	C	0.224867	21982	41944	0.34386634546194	-1.78612716763006	FALSE	0	1.21833654951796e-15	0	0	0	0	0	3.61713e-142
rs525436	8	27505989	0.02819	0.0375	0.0171	T	C	0.234838	21982	41944	0.34386634546194	2.19298245614035	FALSE	0	2.69069789775127e-15	0	0	0	0	0	1.54926e-136
rs525716	8	27485120	0.07442	0.0383	0.0215	C	G	0.149339	21982	41944	0.34386634546194	1.78139534883721	FALSE	0	1.48898471114404e-15	0	0	0	0	0	1.42004e-135
rs525765	8	27504914	0.03718	0.0351	0.0168	A	G	0.234649	21982	41944	0.34386634546194	2.08928571428571	FALSE	0	2.12199556089906e-15	0	0	0	0	0	8.2062e-137
rs526409	8	27506095	0.05799	-0.0322	0.017	T	C	0.237038	21982	41944	0.34386634546194	-1.89411764705882	FALSE	0	1.4590939027036e-15	0	0	0	0	0	3.17507e-142
rs526693	8	27505010	0.03962	-0.0346	0.0168	A	G	0.234844	21982	41944	0.34386634546194	-2.05952380952381	FALSE	0	1.99581259670036e-15	0	0	0	0	0	2.64072e-142
rs530324	8	27491186	0.001788	-0.0464	0.0149	C	G	0.467825	21982	41944	0.34386634546194	-3.11409395973154	FALSE	0	2.6785197375657e-14	0	0	0	0	0	4.05385e-142
rs531205	8	27524881	0.05476	0.0323	0.0168	T	C	0.237683	21982	41944	0.34386634546194	1.92261904761905	FALSE	0	1.5225309106283e-15	0	0	0	0	0	1.84671e-136
rs532754	8	27526345	0.4827	-0.0109	0.0156	C	G	0.313164	21982	41944	0.34386634546194	-0.698717948717949	FALSE	0	2.87680114657055e-16	0	0	0	0	0	6.39992e-141
rs536291	8	27506069	0.05646	0.0324	0.017	T	C	0.234674	21982	41944	0.34386634546194	1.90588235294118	FALSE	0	1.49183697259957e-15	0	0	0	0	0	2.90541e-137
rs536332	8	27475767	6.673e-06	0.0665	0.0148	A	G	0.440517	21982	41944	0.34386634546194	4.49324324324324	FALSE	0	4.90870529911674e-12	0	0	0	0	0	1.93966e-140
rs538179	8	27505866	0.03672	0.0351	0.0168	A	G	0.234803	21982	41944	0.34386634546194	2.08928571428571	FALSE	0	2.12199556089906e-15	0	0	0	0	0	8.84129e-137
rs538181	8	27476815	1.058e-05	0.0646	0.0147	A	G	0.443697	21982	41944	0.34386634546194	4.39455782312925	FALSE	0	3.15444282573825e-12	0	0	0	0	0	1.17092e-140
rs541955	8	27520801	0.4107	-0.0121	0.0147	A	G	0.416718	21982	41944	0.34386634546194	-0.82312925170068	FALSE	0	2.97998367187715e-16	0	0	0	0	0	6.89043e-142
rs542794	8	27520773	0.4073	-0.0122	0.0147	A	G	0.416775	21982	41944	0.34386634546194	-0.829931972789116	FALSE	0	2.996695755118e-16	0	0	0	0	0	6.80003e-142
rs542876	8	27520745	0.4197	-0.0118	0.0147	T	C	0.416812	21982	41944	0.34386634546194	-0.802721088435374	FALSE	0	2.93121395137411e-16	0	0	0	0	0	7.11473e-142
rs545111	8	27495266	0.2236	0.0179	0.0147	T	G	0.420283	21982	41944	0.34386634546194	1.21768707482993	FALSE	0	4.44759958539352e-16	0	0	0	0	0	3.17883e-138
rs548561	8	27496791	0.2345	0.0175	0.0147	T	C	0.420286	21982	41944	0.34386634546194	1.19047619047619	FALSE	0	4.3049970580846e-16	0	0	0	0	0	2.92365e-138
rs549371	8	27505135	0.03325	0.0358	0.0168	A	G	0.234507	21982	41944	0.34386634546194	2.13095238095238	FALSE	0	2.31558544350041e-15	0	0	0	0	0	9.62568e-137
rs551925	8	27493938	0.092	0.0461	0.0274	A	G	0.0808794	21982	41944	0.34386634546194	1.68248175182482	FALSE	0	1.58054655256042e-15	0	0	0	0	0	9.97708e-134
rs552473	8	27484476	0.06419	-0.0319	0.0173	A	G	0.229697	21982	41944	0.34386634546194	-1.84393063583815	FALSE	0	1.35205037929227e-15	0	0	0	0	0	4.08204e-142
rs552536	8	27513396	0.6924	0.006	0.0152	A	G	0.340207	21982	41944	0.34386634546194	0.394736842105263	FALSE	0	2.3766465924637e-16	0	0	0	0	0	2.66581e-141
rs553004	8	27506691	0.03741	-0.035	0.0168	A	G	0.234821	21982	41944	0.34386634546194	-2.08333333333333	FALSE	0	2.09598885720847e-15	0	0	0	0	0	2.64056e-142
rs553290	8	27497307	0.2872	0.0156	0.0147	A	G	0.416865	21982	41944	0.34386634546194	1.06122448979592	FALSE	0	3.72490103729364e-16	0	0	0	0	0	5.65283e-139
rs553809	8	27506741	0.03901	-0.0347	0.0168	A	G	0.235271	21982	41944	0.34386634546194	-2.06547619047619	FALSE	0	2.02029199250233e-15	0	0	0	0	0	2.68151e-142
rs554876	8	27506903	0.0471	0.0334	0.0168	T	C	0.235974	21982	41944	0.34386634546194	1.98809523809524	FALSE	0	1.72893621409489e-15	0	0	0	0	0	5.13183e-137
rs556623	8	27507093	0.05028	0.0329	0.0168	T	C	0.236117	21982	41944	0.34386634546194	1.95833333333333	FALSE	0	1.63099648781063e-15	0	0	0	0	0	4.52112e-137
rs55872532	8	27384876	0.02114	-0.0535	0.0232	T	C	0.107456	21982	41944	0.34386634546194	-2.30603448275862	FALSE	0	4.61029604165489e-15	0	0	0	0	0	3.76688e-138
rs55910732	8	27384506	0.6453	0.0671	0.1457	A	G	0.00757403	21982	41944	0.34386634546194	0.460535346602608	FALSE	0	1.83160157179206e-15	0	0	0	0	0	3.89911e-130
rs55923037	8	27452951	4.969e-05	-0.17	0.0419	C	G	0.0319436	21982	41944	0.34386634546194	-4.05727923627685	FALSE	0	1.58087419731463e-12	0	0	0	0	0	3.42365e-136
rs55986679	8	27406353	0.005972	-0.0495	0.018	A	T	0.198304	21982	41944	0.34386634546194	-2.75	FALSE	0	1.10721676461878e-14	0	0	0	0	0	7.61833e-127
rs55995218	8	27390028	0.0197	0.0541	0.0232	A	G	0.10735	21982	41944	0.34386634546194	2.33189655172414	FALSE	0	4.89135339542646e-15	0	0	0	0	0	2.38973e-142
rs56025648	8	27474587	0.3861	0.0286	0.033	C	G	0.0544346	21982	41944	0.34386634546194	0.866666666666667	FALSE	0	6.81068496309433e-16	0	0	0	0	0	2.31235e-139
rs56031191	8	27449192	0.002329	-0.0493	0.0162	T	C	0.262986	21982	41944	0.34386634546194	-3.04320987654321	FALSE	0	2.33209019564271e-14	0	0	0	0	0	1.30038e-134
rs561690	8	27510463	0.7203	-0.0054	0.0152	A	G	0.340696	21982	41944	0.34386634546194	-0.355263157894737	FALSE	0	2.34192414756589e-16	0	0	0	0	0	6.21352e-142
rs56223946	8	27413986	0.09411	0.0373	0.0223	T	C	0.120002	21982	41944	0.34386634546194	1.67264573991031	FALSE	0	1.28060380740723e-15	0	0	0	0	0	3.86859e-142
rs56245849	8	27389702	0.01918	0.0544	0.0232	T	C	0.107603	21982	41944	0.34386634546194	2.3448275862069	FALSE	0	5.03949057678075e-15	0	0	0	0	0	2.41252e-142
rs56290433	8	27393053	0.01946	-0.0543	0.0232	T	C	0.10727	21982	41944	0.34386634546194	-2.34051724137931	FALSE	0	4.98952814892664e-15	0	0	0	0	0	4.68965e-138
rs56372821	8	27436500	0.07959	0.034	0.0194	A	G	0.158519	21982	41944	0.34386634546194	1.75257731958763	FALSE	0	1.28308506136137e-15	0	0	0	0	0	1.20176e-141
rs56792735	8	27395664	0.7522	-0.0888	0.2814	T	G	0.00190308	21982	41944	0.34386634546194	-0.315565031982942	FALSE	0	2.40563313611946e-15	0	0	0	0	0	2.03138e-142
rs56834178	8	27436542	0.8189	0.0067	0.0294	T	C	0.0717096	21982	41944	0.34386634546194	0.227891156462585	FALSE	0	4.32986680909964e-16	0	0	0	0	0	2.7794e-132
rs56869726	8	27427673	0.0232	-0.0486	0.0214	A	G	0.131724	21982	41944	0.34386634546194	-2.27102803738318	FALSE	0	3.95318394159368e-15	0	0	0	0	0	2.33631e-142
rs56892563	8	27404125	0.196	-0.0407	0.0315	A	G	0.0570868	21982	41944	0.34386634546194	-1.29206349206349	FALSE	0	1.01966421901472e-15	0	0	0	0	0	5.87351e-142
rs569205	8	27477019	5.319e-05	0.0605	0.015	A	T	0.392097	21982	41944	0.34386634546194	4.03333333333333	FALSE	0	7.0688342523494e-13	0	0	0	0	0	3.07638e-139
rs569214	8	27487790	0.01277	-0.0375	0.0151	T	G	0.358067	21982	41944	0.34386634546194	-2.48344370860927	FALSE	0	4.68960821819318e-15	0	0	0	0	0	2.51739e-142
rs570164	8	27503653	0.04893	-0.0333	0.0169	A	G	0.234793	21982	41944	0.34386634546194	-1.97041420118343	FALSE	0	1.67948615770122e-15	0	0	0	0	0	2.84156e-142
rs570197	8	27510430	0.06352	-0.0311	0.0168	T	C	0.237118	21982	41944	0.34386634546194	-1.85119047619048	FALSE	0	1.33181070431088e-15	0	0	0	0	0	3.16674e-142
rs570473	8	27521624	0.4886	0.0108	0.0155	T	C	0.313028	21982	41944	0.34386634546194	0.696774193548387	FALSE	0	2.85467304487359e-16	0	0	0	0	0	1.10295e-138
rs57306387	8	27427049	0.2478	0.3791	0.3281	T	C	0.00168172	21982	41944	0.34386634546194	1.15544041450777	FALSE	0	2.96953381148078e-15	0	0	0	0	0	9.05652e-142
rs575282	8	27497403	0.2567	0.0167	0.0147	T	C	0.419863	21982	41944	0.34386634546194	1.13605442176871	FALSE	0	4.0422831214938e-16	0	0	0	0	0	2.2373e-138
rs576016	8	27513473	0.6965	-0.0059	0.0152	T	C	0.339869	21982	41944	0.34386634546194	-0.388157894736842	FALSE	0	2.37056892076419e-16	0	0	0	0	0	6.00301e-142
rs576029	8	27513480	0.7026	0.0058	0.0152	A	G	0.339425	21982	41944	0.34386634546194	0.381578947368421	FALSE	0	2.36460854750803e-16	0	0	0	0	0	2.73266e-141
rs576256	8	27504089	0.03073	-0.0364	0.0169	A	G	0.235723	21982	41944	0.34386634546194	-2.15384615384615	FALSE	0	2.44505282112551e-15	0	0	0	0	0	2.47521e-142
rs57659462	8	27450230	0.1047	0.0817	0.0503	T	C	0.0216126	21982	41944	0.34386634546194	1.62425447316103	FALSE	0	2.44781582658499e-15	0	0	0	0	0	1.99236e-142
rs576748	8	27486916	0.0006159	-0.0543	0.0159	A	G	0.303909	21982	41944	0.34386634546194	-3.41509433962264	FALSE	0	7.55811908039986e-14	0	0	0	0	0	2.76726e-142
rs576956	8	27513609	0.6949	0.006	0.0152	A	G	0.340336	21982	41944	0.34386634546194	0.394736842105263	FALSE	0	2.3766465924637e-16	0	0	0	0	0	2.79694e-141
rs577731	8	27513653	0.6953	-0.0059	0.0152	A	T	0.3403	21982	41944	0.34386634546194	-0.388157894736842	FALSE	0	2.37056892076419e-16	0	0	0	0	0	5.98813e-142
rs577803	8	27513683	0.4726	0.0105	0.0147	T	G	0.414891	21982	41944	0.34386634546194	0.714285714285714	FALSE	0	2.74203007920141e-16	0	0	0	0	0	1.56786e-140
rs577859	8	27497660	0.7353	-0.0053	0.0156	A	G	0.313586	21982	41944	0.34386634546194	-0.33974358974359	FALSE	0	2.39029209456179e-16	0	0	0	0	0	6.92364e-140
rs578306	8	27493389	0.0454	-0.0341	0.017	T	G	0.236261	21982	41944	0.34386634546194	-2.00588235294118	FALSE	0	1.81156927969515e-15	0	0	0	0	0	4.44968e-142
rs57903340	8	27393953	0.9986	-5e-04	0.2846	T	C	0.00218732	21982	41944	0.34386634546194	-0.00175685172171469	FALSE	0	2.37469708022095e-15	0	0	0	0	0	3.46204e-142
rs580354	8	27491368	0.5376	-0.019	0.0308	A	C	0.0504623	21982	41944	0.34386634546194	-0.616883116883117	FALSE	0	5.31999912207581e-16	0	0	0	0	0	2.3441e-142
rs58590184	8	27442353	0.1334	-0.0665	0.0443	T	C	0.0282183	21982	41944	0.34386634546194	-1.50112866817156	FALSE	0	1.83724209651825e-15	0	0	0	0	0	6.68419e-140
rs58926002	8	27450232	0.1047	0.0817	0.0503	T	C	0.0216122	21982	41944	0.34386634546194	1.62425447316103	FALSE	0	2.44781582658499e-15	0	0	0	0	0	1.99236e-142
rs59039594	8	27398813	0.9112	-0.0108	0.0968	A	G	0.009036	21982	41944	0.34386634546194	-0.111570247933884	FALSE	0	1.27084749227889e-15	0	0	0	0	0	2.09137e-138
rs59189067	8	27394387	0.9134	0.0106	0.0974	T	C	0.00876739	21982	41944	0.34386634546194	0.108829568788501	FALSE	0	1.2768914135376e-15	0	0	0	0	0	4.53686e-138
rs59339059	8	27416122	0.007241	-0.0483	0.018	A	G	0.195983	21982	41944	0.34386634546194	-2.68333333333333	FALSE	0	9.25143469704924e-15	0	0	0	0	0	1.76246e-128
rs59355852	8	27450770	0.1448	0.0739	0.0507	T	C	0.0208212	21982	41944	0.34386634546194	1.45759368836292	FALSE	0	1.93510198163149e-15	0	0	0	0	0	2.03971e-142
rs59379971	8	27403230	0.623	0.1621	0.3296	T	C	0.00304927	21982	41944	0.34386634546194	0.491808252427185	FALSE	0	2.56342246867098e-15	0	0	0	0	0	3.35887e-142
rs59724122	8	27424696	0.05903	0.0369	0.0196	T	C	0.157852	21982	41944	0.34386634546194	1.88265306122449	FALSE	0	1.63773146804217e-15	0	0	0	0	0	1.6063e-141
rs59953408	8	27422491	2.714e-05	-0.1417	0.0338	A	G	0.0517953	21982	41944	0.34386634546194	-4.19230769230769	FALSE	0	2.48322665266499e-12	0	0	0	0	0	1.02207e-134
rs60007820	8	27415818	0.2872	0.0534	0.0502	A	G	0.021205	21982	41944	0.34386634546194	1.06374501992032	FALSE	0	1.20314659251796e-15	0	0	0	0	0	6.97456e-142
rs60056423	8	27459205	0.0067	0.0456	0.0168	A	C	0.261384	21982	41944	0.34386634546194	2.71428571428571	FALSE	0	9.42113299941303e-15	0	0	0	0	0	2.44337e-139
rs60478775	8	27430940	0.9141	-0.0032	0.0293	C	G	0.0720256	21982	41944	0.34386634546194	-0.109215017064846	FALSE	0	4.23177771041874e-16	0	0	0	0	0	3.89016e-131
rs61006720	8	27440917	0.1745	0.0675	0.0497	A	G	0.020967	21982	41944	0.34386634546194	1.35814889336016	FALSE	0	1.66848602519269e-15	0	0	0	0	0	2.05274e-142
rs61064525	8	27406850	0.243	-0.0588	0.0504	A	G	0.0207746	21982	41944	0.34386634546194	-1.16666666666667	FALSE	0	1.34494524992326e-15	0	0	0	0	0	2.98834e-142
rs61277588	8	27394099	0.9999	0	0.2846	A	G	0.00218741	21982	41944	0.34386634546194	0	FALSE	0	2.37469586869381e-15	0	0	0	0	0	3.469e-142
rs61484996	8	27420259	0.3771	-0.0446	0.0505	C	G	0.0210915	21982	41944	0.34386634546194	-0.883168316831683	FALSE	0	1.02523062646494e-15	0	0	0	0	0	2.42138e-142
rs61607222	8	27402531	0.8923	0.0355	0.2622	A	G	0.00361117	21982	41944	0.34386634546194	0.135392829900839	FALSE	0	2.31550218294032e-15	0	0	0	0	0	4.8976e-142
rs62497968	8	27500390	0.1982	-0.0491	0.0381	A	C	0.0449902	21982	41944	0.34386634546194	-1.28871391076115	FALSE	0	1.21037606242842e-15	0	0	0	0	0	5.86265e-142
rs62504296	8	27380267	0.02304	-0.0533	0.0235	A	G	0.107491	21982	41944	0.34386634546194	-2.26808510638298	FALSE	0	4.28212984117824e-15	0	0	0	0	0	3.16581e-138
rs62504298	8	27386438	0.02116	0.0535	0.0232	A	G	0.107415	21982	41944	0.34386634546194	2.30603448275862	FALSE	0	4.61029604165489e-15	0	0	0	0	0	2.36155e-142
rs62504299	8	27387015	0.02102	0.0536	0.0232	T	C	0.107339	21982	41944	0.34386634546194	2.31034482758621	FALSE	0	4.65577818246264e-15	0	0	0	0	0	2.36962e-142
rs62504300	8	27388408	0.02105	0.0536	0.0232	A	G	0.107329	21982	41944	0.34386634546194	2.31034482758621	FALSE	0	4.65577818246264e-15	0	0	0	0	0	2.3701e-142
rs62504306	8	27405804	0.0001171	-0.1688	0.0438	A	G	0.0302594	21982	41944	0.34386634546194	-3.85388127853881	FALSE	0	7.42313733341828e-13	0	0	0	0	0	1.60914e-134
rs62504307	8	27405990	2.75e-05	0.1892	0.0451	A	G	0.0305832	21982	41944	0.34386634546194	4.19512195121951	FALSE	0	2.76564556347179e-12	0	0	0	0	0	3.42273e-141
rs6558002	8	27389542	0.4782	-0.0136	0.0192	T	C	0.175528	21982	41944	0.34386634546194	-0.708333333333333	FALSE	0	3.55627675738746e-16	0	0	0	0	0	7.79084e-142
rs6558003	8	27390192	0.402	0.016	0.0191	A	G	0.176945	21982	41944	0.34386634546194	0.837696335078534	FALSE	0	3.90656693493812e-16	0	0	0	0	0	2.0306e-142
rs6558004	8	27393220	0.4036	-0.016	0.0192	T	G	0.176378	21982	41944	0.34386634546194	-0.833333333333333	FALSE	0	3.91254641342177e-16	0	0	0	0	0	1.14506e-141
rs6558005	8	27394724	0.4021	0.0161	0.0192	C	G	0.176706	21982	41944	0.34386634546194	0.838541666666667	FALSE	0	3.92946192289006e-16	0	0	0	0	0	2.02999e-142
rs6558007	8	27433675	0.0713	0.0615	0.0341	T	C	0.0461043	21982	41944	0.34386634546194	1.80351906158358	FALSE	0	2.36930333368348e-15	0	0	0	0	0	1.36034e-139
rs6558008	8	27438306	0.1102	-0.0274	0.0172	A	C	0.232844	21982	41944	0.34386634546194	-1.59302325581395	FALSE	0	8.76340500254556e-16	0	0	0	0	0	1.71027e-119
rs66571477	8	27400903	0.03475	-0.049	0.0232	T	G	0.107323	21982	41944	0.34386634546194	-2.11206896551724	FALSE	0	3.02073833947652e-15	0	0	0	0	0	1.59543e-138
rs66620285	8	27442265	0.02383	0.0494	0.0219	T	C	0.129609	21982	41944	0.34386634546194	2.25570776255708	FALSE	0	3.90290577053136e-15	0	0	0	0	0	3.42734e-134
rs66924402	8	27400592	0.5047	0.0121	0.0182	A	C	0.21598	21982	41944	0.34386634546194	0.664835164835165	FALSE	0	3.27493997004729e-16	0	0	0	0	0	2.83578e-142
rs66969288	8	27459640	0.007073	0.0451	0.0168	A	G	0.261356	21982	41944	0.34386634546194	2.68452380952381	FALSE	0	8.69874561446236e-15	0	0	0	0	0	2.06079e-139
rs68012375	8	27400682	0.0006964	0.0866	0.0255	A	G	0.105898	21982	41944	0.34386634546194	3.39607843137255	FALSE	0	1.06940606134129e-13	0	0	0	0	0	6.77883e-140
rs6981302	8	27416238	0.6344	0.0233	0.0489	A	C	0.0251523	21982	41944	0.34386634546194	0.476482617586912	FALSE	0	7.67274708110634e-16	0	0	0	0	0	6.58657e-142
rs6983452	8	27448028	2.322e-07	0.0769	0.0149	T	C	0.427102	21982	41944	0.34386634546194	5.16107382550336	FALSE	0	1.21862868284402e-10	0	0	0	0	1	1
rs6990074	8	27403730	0.3545	0.0316	0.0341	A	G	0.0443599	21982	41944	0.34386634546194	0.926686217008798	FALSE	0	7.40405179556275e-16	0	0	0	0	0	2.22476e-142
rs6990733	8	27404137	0.254	0.0227	0.0199	A	G	0.168199	21982	41944	0.34386634546194	1.14070351758794	FALSE	0	5.47302684678729e-16	0	0	0	0	0	2.37283e-142
rs7008207	8	27391191	0.3603	-0.0177	0.0194	A	C	0.167613	21982	41944	0.34386634546194	-0.912371134020619	FALSE	0	4.23225553096116e-16	0	0	0	0	0	5.11341e-141
rs7012010	8	27448729	0.000591	-0.0544	0.0158	T	C	0.284641	21982	41944	0.34386634546194	-3.44303797468354	FALSE	0	8.26504540881667e-14	0	0	0	0	0	3.20795e-130
rs7012217	8	27448888	7.709e-05	-0.0613	0.0155	T	C	0.317128	21982	41944	0.34386634546194	-3.95483870967742	FALSE	0	5.33126270241998e-13	0	0	0	0	0	1.00575e-121
rs714787	8	27443923	0.09557	0.0397	0.0238	T	C	0.103959	21982	41944	0.34386634546194	1.66806722689076	FALSE	0	1.35213029904661e-15	0	0	0	0	0	4.8268e-136
rs721619	8	27381996	0.7042	0.0061	0.016	C	G	0.312134	21982	41944	0.34386634546194	0.38125	FALSE	0	2.48786801362127e-16	0	0	0	0	0	8.34746e-136
rs72475847	8	27374401	0.9663	0.0069	0.1629	T	C	0.00280698	21982	41944	0.34386634546194	0.0423572744014733	FALSE	0	1.83394498860023e-15	0	0	0	0	0	7.98532e-132
rs72475859	8	27375979	0.9427	-0.0117	0.1629	T	C	0.00276212	21982	41944	0.34386634546194	-0.0718232044198895	FALSE	0	1.83580060656845e-15	0	0	0	0	0	7.05737e-132
rs72475893	8	27380763	0.1005	-0.1156	0.0704	A	G	0.0175735	21982	41944	0.34386634546194	-1.64204545454545	FALSE	0	3.19807049168758e-15	0	0	0	0	0	3.2002e-141
rs72477504	8	27394018	0.9077	0.0125	0.1082	A	G	0.0043926	21982	41944	0.34386634546194	0.115526802218115	FALSE	0	1.38820701529175e-15	0	0	0	0	0	1.79388e-138
rs72477506	8	27394257	0.1369	0.0452	0.0304	T	C	0.0619151	21982	41944	0.34386634546194	1.48684210526316	FALSE	0	1.28484612457758e-15	0	0	0	0	0	4.97603e-142
rs72477508	8	27394727	0.9088	-0.0124	0.1081	A	G	0.00433713	21982	41944	0.34386634546194	-0.114708603145236	FALSE	0	1.38711607298166e-15	0	0	0	0	0	8.31386e-139
rs72477569	8	27394982	0.0744	-0.1286	0.0721	A	G	0.0118683	21982	41944	0.34386634546194	-1.78363384188627	FALSE	0	4.02255665830135e-15	0	0	0	0	0	4.89229e-142
rs72477581	8	27396613	0.9585	0.0146	0.2813	T	C	0.00215995	21982	41944	0.34386634546194	0.0519018841094916	FALSE	0	2.36655621061295e-15	0	0	0	0	0	4.05921e-142
rs72478903	8	27400068	0.2993	0.036	0.0346	A	G	0.0432871	21982	41944	0.34386634546194	1.04046242774566	FALSE	0	8.36849560461692e-16	0	0	0	0	0	2.15175e-142
rs729609	8	27396523	0.4185	-0.0155	0.0192	T	C	0.17691	21982	41944	0.34386634546194	-0.807291666666667	FALSE	0	3.83059901264843e-16	0	0	0	0	0	1.0532e-141
rs729610	8	27396547	0.4369	0.0634	0.0815	T	C	0.00877373	21982	41944	0.34386634546194	0.777914110429448	FALSE	0	1.41978262193431e-15	0	0	0	0	0	1.29596e-136
rs73227348	8	27389523	0.1301	-0.0463	0.0306	A	G	0.0532653	21982	41944	0.34386634546194	-1.51307189542484	FALSE	0	1.34335333872927e-15	0	0	0	0	0	8.42363e-142
rs73227350	8	27392395	0.07223	0.0568	0.0316	T	C	0.0527231	21982	41944	0.34386634546194	1.79746835443038	FALSE	0	2.19056027499034e-15	0	0	0	0	0	8.05642e-142
rs73227362	8	27415350	0.006796	-0.0487	0.018	A	C	0.195846	21982	41944	0.34386634546194	-2.70555555555556	FALSE	0	9.81757436348105e-15	0	0	0	0	0	2.32666e-128
rs73229087	8	27432632	0.09357	-0.0399	0.0238	C	G	0.104037	21982	41944	0.34386634546194	-1.67647058823529	FALSE	0	1.37099644365358e-15	0	0	0	0	0	8.47097e-142
rs73229090	8	27442127	0.1337	0.034	0.0227	A	C	0.113155	21982	41944	0.34386634546194	1.49779735682819	FALSE	0	9.90669477155553e-16	0	0	0	0	0	4.74243e-142
rs73229093	8	27442329	0.03677	0.0407	0.0195	T	C	0.156512	21982	41944	0.34386634546194	2.08717948717949	FALSE	0	2.43649432441516e-15	0	0	0	0	0	1.28282e-141
rs73229094	8	27443389	0.5718	-0.0217	0.0383	C	G	0.0401872	21982	41944	0.34386634546194	-0.566579634464752	FALSE	0	6.3730866553585e-16	0	0	0	0	0	4.82509e-130
rs73229095	8	27449974	0.001952	-0.0501	0.0162	A	T	0.26268	21982	41944	0.34386634546194	-3.09259259259259	FALSE	0	2.71089467768777e-14	0	0	0	0	0	2.19331e-134
rs73231005	8	27470778	0.004201	-0.0494	0.0172	C	G	0.27911	21982	41944	0.34386634546194	-2.87209302325581	FALSE	0	1.49189484401179e-14	0	0	0	0	0	1.12094e-89
rs73231014	8	27487654	0.162	0.0302	0.0216	T	C	0.127789	21982	41944	0.34386634546194	1.39814814814815	FALSE	0	8.18946621482813e-16	0	0	0	0	0	2.44738e-142
rs73231015	8	27488229	0.1634	-0.0301	0.0216	T	C	0.127719	21982	41944	0.34386634546194	-1.39351851851852	FALSE	0	8.1373212013645e-16	0	0	0	0	0	2.43113e-141
rs73231054	8	27522150	0.01663	-0.0568	0.0237	T	C	0.103643	21982	41944	0.34386634546194	-2.39662447257384	FALSE	0	5.80004772662246e-15	0	0	0	0	0	1.41666e-139
rs733075	8	27525405	0.01786	0.0563	0.0238	C	G	0.103529	21982	41944	0.34386634546194	2.3655462184874	FALSE	0	5.41254720874434e-15	0	0	0	0	0	4.35726e-142
rs733076	8	27525362	0.01795	0.0563	0.0238	T	C	0.103551	21982	41944	0.34386634546194	2.3655462184874	FALSE	0	5.41254720874434e-15	0	0	0	0	0	4.35545e-142
rs733077	8	27525354	0.01776	-0.0563	0.0238	A	C	0.103518	21982	41944	0.34386634546194	-2.3655462184874	FALSE	0	5.41254720874434e-15	0	0	0	0	0	1.2759e-139
rs733078	8	27525022	0.8807	0.0029	0.0193	A	G	0.170298	21982	41944	0.34386634546194	0.150259067357513	FALSE	0	2.81924423353515e-16	0	0	0	0	0	2.29978e-141
rs7341557	8	27402777	0.0001565	-0.0946	0.025	A	G	0.115077	21982	41944	0.34386634546194	-3.784	FALSE	0	4.14692268018084e-13	0	0	0	0	0	2.44081e-138
rs73556194	8	27378146	0.5471	-0.1223	0.2032	T	G	0.00312124	21982	41944	0.34386634546194	-0.601870078740158	FALSE	0	2.26136917415376e-15	0	0	0	0	0	2.33434e-142
rs73556202	8	27389299	0.7932	-0.0759	0.2898	T	C	0.00189184	21982	41944	0.34386634546194	-0.261904761904762	FALSE	0	2.41535873579292e-15	0	0	0	0	0	2.14439e-142
rs73558152	8	27414772	0.7519	0.0523	0.1655	A	T	0.00484247	21982	41944	0.34386634546194	0.316012084592145	FALSE	0	1.90603784381646e-15	0	0	0	0	0	2.12907e-142
rs73558159	8	27422669	0.2198	-0.0652	0.0531	T	C	0.0187491	21982	41944	0.34386634546194	-1.22787193973635	FALSE	0	1.50612914221445e-15	0	0	0	0	0	4.02261e-141
rs73558169	8	27427866	0.2411	-0.3833	0.3269	A	G	0.00167503	21982	41944	0.34386634546194	-1.17252982563475	FALSE	0	2.9855836844035e-15	0	0	0	0	0	2.41424e-142
rs73558170	8	27429843	0.1031	0.0723	0.0443	T	G	0.0286535	21982	41944	0.34386634546194	1.63205417607224	FALSE	0	2.23396936571516e-15	0	0	0	0	0	2.01898e-142
rs73558181	8	27437267	0.128	0.0672	0.0441	T	C	0.0279823	21982	41944	0.34386634546194	1.52380952380952	FALSE	0	1.89102242975014e-15	0	0	0	0	0	2.06961e-142
rs7357432	8	27387845	0.001499	0.0812	0.0256	A	C	0.102248	21982	41944	0.34386634546194	3.171875	FALSE	0	5.19873963692805e-14	0	0	0	0	0	2.50997e-140
rs73679224	8	27386974	0.3807	0.1269	0.1447	T	G	0.00615293	21982	41944	0.34386634546194	0.876986869384935	FALSE	0	2.18982957889335e-15	0	0	0	0	0	1.90846e-128
rs73679246	8	27463156	0.5104	-0.2179	0.331	A	G	0.00535888	21982	41944	0.34386634546194	-0.658308157099698	FALSE	0	2.63237546403594e-15	0	0	0	0	0	4.12051e-142
rs73679247	8	27465632	0.498	0.2241	0.3307	A	C	0.00551733	21982	41944	0.34386634546194	0.677653462352585	FALSE	0	2.64106345131492e-15	0	0	0	0	0	5.96389e-141
rs74373662	8	27406197	0.02841	0.0684	0.0312	A	G	0.0519039	21982	41944	0.34386634546194	2.19230769230769	FALSE	0	4.67223810548621e-15	0	0	0	0	0	2.14451e-142
rs744596	8	27495342	0.3311	-0.0372	0.0383	T	C	0.0451069	21982	41944	0.34386634546194	-0.971279373368146	FALSE	0	8.60429332659802e-16	0	0	0	0	0	3.79445e-142
rs7465418	8	27447324	0.1433	0.0634	0.0433	T	C	0.0320434	21982	41944	0.34386634546194	1.46420323325635	FALSE	0	1.70988883671513e-15	0	0	0	0	0	2.10476e-142
rs747276	8	27391620	0.4282	0.0152	0.0192	C	G	0.176653	21982	41944	0.34386634546194	0.791666666666667	FALSE	0	3.78347690444322e-16	0	0	0	0	0	2.04437e-142
rs74837752	8	27421794	0.4237	-0.0406	0.0508	A	G	0.0214984	21982	41944	0.34386634546194	-0.799212598425197	FALSE	0	9.64523944701575e-16	0	0	0	0	0	2.27819e-142
rs751141	8	27373865	0.0008536	-0.0835	0.0251	A	G	0.107804	21982	41944	0.34386634546194	-3.32669322709163	FALSE	0	8.39251038914124e-14	0	0	0	0	0	5.55449e-139
rs75277552	8	27438465	0.1467	-0.064	0.0441	T	G	0.0280552	21982	41944	0.34386634546194	-1.45124716553288	FALSE	0	1.70605511966149e-15	0	0	0	0	0	5.62982e-140
rs75332125	8	27414463	0.7937	0.0473	0.1808	T	C	0.00120288	21982	41944	0.34386634546194	0.261615044247788	FALSE	0	1.98337271812843e-15	0	0	0	0	0	4.0479e-142
rs75560813	8	27426057	0.5882	0.0249	0.0459	A	G	0.035462	21982	41944	0.34386634546194	0.542483660130719	FALSE	0	7.46627045963777e-16	0	0	0	0	0	2.85499e-141
rs75659554	8	27431802	0.9129	0.0032	0.0293	T	C	0.0719848	21982	41944	0.34386634546194	0.109215017064846	FALSE	0	4.23177771041874e-16	0	0	0	0	0	6.62131e-132
rs75929510	8	27440974	0.8266	0.0064	0.0294	A	G	0.0725705	21982	41944	0.34386634546194	0.217687074829932	FALSE	0	4.32024238839488e-16	0	0	0	0	0	5.51056e-135
rs76026985	8	27489248	0.4205	-0.0429	0.0533	A	G	0.0286033	21982	41944	0.34386634546194	-0.804878048780488	FALSE	0	1.01135679162032e-15	0	0	0	0	0	2.0254e-142
rs76091817	8	27479560	0.8551	0.046	0.2518	A	T	0.00270352	21982	41944	0.34386634546194	0.182684670373312	FALSE	0	2.28745593744191e-15	0	0	0	0	0	2.72703e-142
rs76247948	8	27405517	0.2208	0.0618	0.0505	C	G	0.0204957	21982	41944	0.34386634546194	1.22376237623762	FALSE	0	1.43651020143438e-15	0	0	0	0	0	7.19859e-142
rs76339189	8	27459161	0.9216	-0.0058	0.0589	A	G	0.0172286	21982	41944	0.34386634546194	-0.098471986417657	FALSE	0	8.23612032692461e-16	0	0	0	0	1	1
rs76439068	8	27391365	0.06991	-0.0571	0.0315	A	G	0.0527795	21982	41944	0.34386634546194	-1.81269841269841	FALSE	0	2.24371598214044e-15	0	0	0	0	0	1.55464e-141
rs76457421	8	27498157	0.3431	0.0331	0.035	A	G	0.0459501	21982	41944	0.34386634546194	0.945714285714286	FALSE	0	7.72126743576892e-16	0	0	0	0	0	9.90255e-142
rs76646010	8	27472859	0.3185	0.0553	0.0554	A	C	0.0245384	21982	41944	0.34386634546194	0.998194945848376	FALSE	0	1.23064535521611e-15	0	0	0	0	0	5.44925e-142
rs76863322	8	27445941	0.09633	0.0738	0.0444	T	C	0.0286675	21982	41944	0.34386634546194	1.66216216216216	FALSE	0	2.34649486006006e-15	0	0	0	0	0	2.04434e-142
rs77130969	8	27490800	0.2196	0.047	0.0383	A	G	0.039353	21982	41944	0.34386634546194	1.22715404699739	FALSE	0	1.12861170958045e-15	0	0	0	0	0	2.42965e-142
rs77269475	8	27425047	0.9082	0.0034	0.0294	A	G	0.0717728	21982	41944	0.34386634546194	0.115646258503401	FALSE	0	4.24891830067118e-16	0	0	0	0	0	6.24037e-132
rs77271157	8	27440881	0.0005018	-0.0933	0.0268	A	G	0.101876	21982	41944	0.34386634546194	-3.48134328358209	FALSE	0	1.4837098476098e-13	0	0	0	0	0	1.2018e-138
rs77336101	8	27474871	0.02637	0.1179	0.0531	A	G	0.0227027	21982	41944	0.34386634546194	2.22033898305085	FALSE	0	7.44830185207497e-15	0	0	0	0	0	1.6622e-141
rs77532824	8	27435766	0.6227	0.0278	0.0565	A	G	0.0164045	21982	41944	0.34386634546194	0.492035398230089	FALSE	0	8.82656849587795e-16	0	0	0	0	0	1.01728e-191
rs77586717	8	27413504	0.3566	-0.0311	0.0337	A	G	0.0509245	21982	41944	0.34386634546194	-0.922848664688427	FALSE	0	7.29640376147807e-16	0	0	0	0	0	4.40842e-130
rs77734304	8	27488398	0.1632	-0.0301	0.0216	C	G	0.127753	21982	41944	0.34386634546194	-1.39351851851852	FALSE	0	8.1373212013645e-16	0	0	0	0	0	2.53219e-141
rs77767589	8	27417454	0.1168	0.2539	0.1618	A	T	0.00286661	21982	41944	0.34386634546194	1.56922126081582	FALSE	0	3.84211659146924e-15	0	0	0	0	0	2.94089e-141
rs77900687	8	27413147	0.7386	0.0226	0.0676	T	G	0.0117741	21982	41944	0.34386634546194	0.334319526627219	FALSE	0	9.7716797376069e-16	0	0	0	0	0	3.37566e-142
rs779951	8	27504900	0.03716	0.0351	0.0168	T	C	0.234652	21982	41944	0.34386634546194	2.08928571428571	FALSE	0	2.12199556089906e-15	0	0	0	0	0	8.19648e-137
rs779955	8	27505269	0.03483	-0.0355	0.0168	T	G	0.23135	21982	41944	0.34386634546194	-2.11309523809524	FALSE	0	2.23007399432918e-15	0	0	0	0	0	2.57418e-142
rs779956	8	27505279	0.03483	0.0355	0.0168	T	C	0.231174	21982	41944	0.34386634546194	2.11309523809524	FALSE	0	2.23007399432918e-15	0	0	0	0	0	9.64839e-137
rs779957	8	27505301	0.03484	0.0355	0.0168	T	C	0.212055	21982	41944	0.34386634546194	2.11309523809524	FALSE	0	2.23007399432918e-15	0	0	0	0	0	8.24031e-137
rs779958	8	27505310	0.03483	0.0355	0.0168	A	T	0.21341	21982	41944	0.34386634546194	2.11309523809524	FALSE	0	2.23007399432918e-15	0	0	0	0	0	1.16339e-136
rs779959	8	27505463	0.7128	-0.0056	0.0152	A	G	0.342415	21982	41944	0.34386634546194	-0.368421052631579	FALSE	0	2.35303648420162e-16	0	0	0	0	0	9.08427e-142
rs7812347	8	27460185	0.02179	0.0384	0.0167	A	G	0.269774	21982	41944	0.34386634546194	2.29940119760479	FALSE	0	3.33503023793338e-15	0	0	0	0	0	2.64951e-139
rs7813080	8	27430531	0.1539	0.07	0.0491	A	G	0.0217589	21982	41944	0.34386634546194	1.42566191446029	FALSE	0	1.80455364925643e-15	0	0	0	0	0	8.52302e-142
rs7814146	8	27430572	0.0001986	0.0566	0.0152	A	C	0.339981	21982	41944	0.34386634546194	3.72368421052632	FALSE	0	2.16749379610856e-13	0	0	0	0	0	1.78802e-136
rs7814253	8	27515618	0.03133	-0.051	0.0237	A	G	0.104042	21982	41944	0.34386634546194	-2.15189873417722	FALSE	0	3.35014312433144e-15	0	0	0	0	0	4.88909e-140
rs7817366	8	27451727	0.0002869	-0.0579	0.016	A	G	0.317568	21982	41944	0.34386634546194	-3.61875	FALSE	0	1.54882158604186e-13	0	0	0	0	0	3.62344e-127
rs7818149	8	27387308	0.07475	0.0559	0.0314	A	G	0.0535452	21982	41944	0.34386634546194	1.78025477707006	FALSE	0	2.11360363909484e-15	0	0	0	0	0	8.10681e-142
rs7820028	8	27391360	0.9278	-0.0098	0.1082	A	C	0.00433787	21982	41944	0.34386634546194	-0.0905730129390018	FALSE	0	1.38544824787909e-15	0	0	0	0	0	8.69359e-139
rs7821500	8	27452044	9.721e-05	-0.0606	0.0156	T	G	0.317552	21982	41944	0.34386634546194	-3.88461538461539	FALSE	0	4.07873903406985e-13	0	0	0	0	0	1.78383e-125
rs7824574	8	27422250	0.978	-8e-04	0.03	A	C	0.0805997	21982	41944	0.34386634546194	-0.0266666666666667	FALSE	0	4.30696465742948e-16	0	0	0	0	0	8.94477e-134
rs78277894	8	27429192	0.08483	0.0832	0.0483	A	G	0.0231218	21982	41944	0.34386634546194	1.72256728778468	FALSE	0	2.76814399459698e-15	0	0	0	0	0	1.8424e-141
rs7828131	8	27441010	0.0003896	-0.0528	0.0149	T	C	0.391724	21982	41944	0.34386634546194	-3.54362416107383	FALSE	0	1.11030251954543e-13	0	0	0	0	0	1.55193e-60
rs7828349	8	27393066	0.3307	0.0189	0.0194	A	G	0.167595	21982	41944	0.34386634546194	0.974226804123711	FALSE	0	4.48410795546542e-16	0	0	0	0	0	2.3672e-142
rs7829267	8	27392986	0.3517	0.0181	0.0194	T	C	0.167913	21982	41944	0.34386634546194	0.93298969072165	FALSE	0	4.31277729381951e-16	0	0	0	0	0	2.42685e-142
rs7831810	8	27430506	1.58e-07	-0.0765	0.0146	A	G	0.444816	21982	41944	0.34386634546194	-5.23972602739726	FALSE	0	1.79906340563416e-10	0	0	0	0	1	1
rs78336300	8	27416526	0.4031	0.0429	0.0513	A	C	0.0205392	21982	41944	0.34386634546194	0.83625730994152	FALSE	0	1.00113883379362e-15	0	0	0	0	0	4.724e-142
rs7834902	8	27387230	0.423	-0.0154	0.0192	C	G	0.175796	21982	41944	0.34386634546194	-0.802083333333334	FALSE	0	3.81472425394391e-16	0	0	0	0	0	9.20861e-142
rs7835093	8	27387392	0.4164	0.0157	0.0193	T	C	0.168415	21982	41944	0.34386634546194	0.813471502590673	FALSE	0	3.86939960200331e-16	0	0	0	0	0	2.54317e-142
rs7836271	8	27515230	0.02935	0.0517	0.0237	T	G	0.104096	21982	41944	0.34386634546194	2.18143459915612	FALSE	0	3.56837839570264e-15	0	0	0	0	0	3.71526e-142
rs7838316	8	27425314	0.08221	0.0338	0.0195	A	G	0.160564	21982	41944	0.34386634546194	1.73333333333333	FALSE	0	1.24730907006118e-15	0	0	0	0	0	1.18899e-141
rs7838352	8	27475893	0.2742	-0.2072	0.1895	A	G	0.00341494	21982	41944	0.34386634546194	-1.0934036939314	FALSE	0	2.73537065979092e-15	0	0	0	0	0	1.3845e-140
rs7839435	8	27412953	0.01581	0.0452	0.0187	A	G	0.177109	21982	41944	0.34386634546194	2.41711229946524	FALSE	0	4.89052251807618e-15	0	0	0	0	0	1.37923e-141
rs7839791	8	27388320	0.4774	-0.0147	0.0206	C	G	0.174006	21982	41944	0.34386634546194	-0.713592233009709	FALSE	0	3.82577964551276e-16	0	0	0	0	0	7.68683e-142
rs7840237	8	27413492	0.2311	0.0598	0.0499	A	G	0.0213218	21982	41944	0.34386634546194	1.19839679358717	FALSE	0	1.38133610196437e-15	0	0	0	0	0	2.02919e-142
rs7843805	8	27389457	0.4476	0.0146	0.0192	A	G	0.175569	21982	41944	0.34386634546194	0.760416666666667	FALSE	0	3.69364420375435e-16	0	0	0	0	0	2.0291e-142
rs7844965	8	27442064	0.06047	0.0323	0.0172	A	G	0.23004	21982	41944	0.34386634546194	1.87790697674419	FALSE	0	1.43157525666592e-15	0	0	0	0	0	6.77006e-133
rs7845904	8	27422249	0.9962	-1e-04	0.0301	A	T	0.0803597	21982	41944	0.34386634546194	-0.00332225913621263	FALSE	0	4.31952476748711e-16	0	0	0	0	0	1.20666e-133
rs78748424	8	27470106	0.8803	-0.0088	0.0587	T	C	0.0169499	21982	41944	0.34386634546194	-0.149914821124361	FALSE	0	8.25883237258379e-16	0	0	0	0	0	3.73942e-177
rs78875955	8	27389456	0.142	0.0446	0.0304	T	C	0.0618331	21982	41944	0.34386634546194	1.46710526315789	FALSE	0	1.24875425479218e-15	0	0	0	0	0	5.08224e-142
rs78998503	8	27520756	0.1986	0.0835	0.065	A	G	0.0148251	21982	41944	0.34386634546194	1.28461538461538	FALSE	0	1.89212719774103e-15	0	0	0	0	0	8.28134e-141
rs79274002	8	27421689	0.2329	-0.0632	0.053	A	G	0.018901	21982	41944	0.34386634546194	-1.19245283018868	FALSE	0	1.44470617593436e-15	0	0	0	0	0	4.25857e-141
rs79452700	8	27438622	0.08946	0.0829	0.0488	T	G	0.0223496	21982	41944	0.34386634546194	1.69877049180328	FALSE	0	2.68552382873015e-15	0	0	0	0	0	2.03674e-142
rs79547218	8	27447361	0.1193	0.0781	0.0501	T	C	0.0216187	21982	41944	0.34386634546194	1.55888223552894	FALSE	0	2.21252221133055e-15	0	0	0	0	0	2.00387e-142
rs79601230	8	27495160	0.7173	0.0289	0.0797	A	G	0.00722966	21982	41944	0.34386634546194	0.362609786700126	FALSE	0	1.13716478995249e-15	0	0	0	0	0	2.07188e-142
rs7982	8	27462481	3.709e-16	-0.1249	0.0153	A	G	0.401047	21982	41944	0.34386634546194	-8.16339869281046	FALSE	0	0.0539369703194725	0	0	0	0	0	0
rs79882106	8	27414335	0.1003	-0.2483	0.1511	T	C	0.00283809	21982	41944	0.34386634546194	-1.6432825943084	FALSE	0	4.13277809659132e-15	0	0	0	0	0	3.25728e-142
rs80110910	8	27415759	0.0273	0.0696	0.0315	A	C	0.0506201	21982	41944	0.34386634546194	2.20952380952381	FALSE	0	4.88845205792058e-15	0	0	0	0	0	2.62299e-142
rs80118896	8	27514944	0.02638	-0.0527	0.0237	C	G	0.103276	21982	41944	0.34386634546194	-2.22362869198312	FALSE	0	3.91086335990624e-15	0	0	0	0	0	6.32034e-140
rs80188988	8	27385866	0.8911	0.0218	0.159	A	T	0.00398776	21982	41944	0.34386634546194	0.137106918238994	FALSE	0	1.81662631915997e-15	0	0	0	0	0	2.59612e-131
rs80263879	8	27389631	0.02335	0.1071	0.0472	A	G	0.0262141	21982	41944	0.34386634546194	2.26906779661017	FALSE	0	7.63727496280922e-15	0	0	0	0	0	2.23107e-142
rs867230	8	27468503	3.492e-17	0.1333	0.0158	A	C	0.408186	21982	41944	0.34386634546194	8.43670886075949	TRUE	0	0.523952584829756	3	1	3	1	1	1
rs867231	8	27467392	0.007664	0.0457	0.0172	C	G	0.256318	21982	41944	0.34386634546194	2.65697674418605	FALSE	0	8.26724844393625e-15	0	0	0	0	0	1.01004e-133
rs867232	8	27467183	0.008339	-0.0448	0.017	A	G	0.264139	21982	41944	0.34386634546194	-2.63529411764706	FALSE	0	7.72391866187853e-15	0	0	0	0	0	2.6111e-130
rs871579	8	27496886	0.01673	-0.0569	0.0238	T	C	0.103205	21982	41944	0.34386634546194	-2.39075630252101	FALSE	0	5.74216354423033e-15	0	0	0	0	0	1.31211e-139
rs875877	8	27523855	0.01683	0.0568	0.0238	A	C	0.103643	21982	41944	0.34386634546194	2.38655462184874	FALSE	0	5.6856180452557e-15	0	0	0	0	0	4.48277e-142
rs875878	8	27523634	0.01685	0.0567	0.0237	T	C	0.103684	21982	41944	0.34386634546194	2.39240506329114	FALSE	0	5.74254572868586e-15	0	0	0	0	0	4.52467e-142
rs881146	8	27444277	0.638	0.0132	0.0281	A	G	0.070764	21982	41944	0.34386634546194	0.469750889679715	FALSE	0	4.4996801204132e-16	0	0	0	0	0	1.75114e-141
rs891401	8	27381194	0.4074	0.0159	0.0192	C	G	0.173906	21982	41944	0.34386634546194	0.828125	FALSE	0	3.89580843577606e-16	0	0	0	0	0	2.02615e-142
rs894019	8	27494612	0.8616	0.0027	0.0152	A	G	0.34184	21982	41944	0.34386634546194	0.177631578947368	FALSE	0	2.23427147968784e-16	0	0	0	0	0	7.64783e-141
rs894020	8	27494675	0.8627	-0.0026	0.0152	C	G	0.342222	21982	41944	0.34386634546194	-0.171052631578947	FALSE	0	2.23172496749256e-16	0	0	0	0	0	3.05714e-141
rs894021	8	27497592	0.2927	-0.041	0.039	A	G	0.0359806	21982	41944	0.34386634546194	-1.05128205128205	FALSE	0	9.45997281965283e-16	0	0	0	0	0	1.99298e-140
rs894023	8	27524060	0.01581	-0.0573	0.0238	A	G	0.103572	21982	41944	0.34386634546194	-2.40756302521008	FALSE	0	5.97506542517535e-15	0	0	0	0	0	1.48762e-139
rs9314349	8	27474202	0.1524	-0.0215	0.015	A	G	0.36929	21982	41944	0.34386634546194	-1.43333333333333	FALSE	0	6.02872527071023e-16	0	0	0	0	0	7.49721e-140
rs9331888	8	27468862	5.385e-05	-0.07	0.0173	C	G	0.278001	21982	41944	0.34386634546194	-4.04624277456647	FALSE	0	8.4509832465495e-13	0	0	0	0	0	8.77884e-141
rs9331896	8	27467686	3.624e-16	0.1269	0.0156	T	C	0.411791	21982	41944	0.34386634546194	8.13461538461539	FALSE	0	0.0432220762746356	2	1	2	1	0	0
rs9331902	8	27465801	0.4985	-0.2239	0.3308	T	C	0.00538443	21982	41944	0.34386634546194	-0.676844014510278	FALSE	0	2.64081780513063e-15	0	0	0	0	0	3.82207e-142
rs9331905	8	27464244	0.006157	-0.046	0.0168	T	C	0.260319	21982	41944	0.34386634546194	-2.73809523809524	FALSE	0	1.00483642831121e-14	0	0	0	0	0	3.27301e-138
rs9331906	8	27464081	0.1814	-0.3517	0.2632	T	C	0.00233033	21982	41944	0.34386634546194	-1.3362462006079	FALSE	0	3.20417430392306e-15	0	0	0	0	0	6.58801e-136
rs9331908	8	27463618	5.525e-10	0.1	0.0161	T	C	0.33287	21982	41944	0.34386634546194	6.2111801242236	FALSE	0	4.90329060287858e-08	0	0	0	0	0	1.09432e-86
rs9331916	8	27462150	0.001051	0.0631	0.0193	T	C	0.191682	21982	41944	0.34386634546194	3.26943005181347	FALSE	0	5.55883984057519e-14	0	0	0	0	0	3.47456e-99
rs9331926	8	27461095	5.822e-07	-0.2323	0.0465	C	G	0.0327694	21982	41944	0.34386634546194	-4.99569892473118	FALSE	0	9.10272177256406e-11	0	0	0	0	0	1.76061e-134
rs9331928	8	27460368	9.546e-10	0.0988	0.0162	C	G	0.333705	21982	41944	0.34386634546194	6.09876543209877	FALSE	0	2.4771818030252e-08	0	0	0	0	0	1.70285e-81
rs9331930	8	27458294	0.009743	-0.0434	0.0168	T	G	0.270753	21982	41944	0.34386634546194	-2.58333333333333	FALSE	0	6.67599191610543e-15	0	0	0	0	0	1.10795e-139
rs9331931	8	27458104	0.003623	0.0488	0.0168	C	G	0.261738	21982	41944	0.34386634546194	2.90476190476191	FALSE	0	1.60282566679592e-14	0	0	0	0	0	7.02203e-139
rs9331934	8	27457748	0.5405	-0.039	0.0637	T	C	0.0176228	21982	41944	0.34386634546194	-0.612244897959184	FALSE	0	1.04421278010534e-15	0	0	0	0	0	3.3584e-142
rs9331942	8	27455114	0.1838	-0.063	0.0474	A	G	0.0300847	21982	41944	0.34386634546194	-1.32911392405063	FALSE	0	1.54469196801078e-15	0	0	0	0	0	6.79832e-140
rs9331945	8	27454957	0.1082	-0.0923	0.0574	A	G	0.0151072	21982	41944	0.34386634546194	-1.60801393728223	FALSE	0	2.64365929668997e-15	0	0	0	0	0	4.58406e-140
rs9331947	8	27454877	0.4159	0.0332	0.0408	A	G	0.0417955	21982	41944	0.34386634546194	0.813725490196078	FALSE	0	7.9721646801531e-16	0	0	0	0	0	2.52354e-135
rs9331949	8	27454686	0.2012	-0.0609	0.0477	T	C	0.029477	21982	41944	0.34386634546194	-1.27672955974843	FALSE	0	1.45594102554466e-15	0	0	0	0	0	8.51593e-140
rs9331950	8	27454682	0.000319	0.063	0.0175	A	G	0.219688	21982	41944	0.34386634546194	3.6	FALSE	0	1.57021116156289e-13	0	0	0	0	0	1.34121e-141
rs937220	8	27429730	0.009946	0.0419	0.0162	A	G	0.264449	21982	41944	0.34386634546194	2.58641975308642	FALSE	0	6.5009703054543e-15	0	0	0	0	0	2.33322e-140
rs9632863	8	27425117	0.0003568	0.0553	0.0155	T	C	0.315695	21982	41944	0.34386634546194	3.56774193548387	FALSE	0	1.25394872616555e-13	0	0	0	0	0	1.92589e-138
rs9650402	8	27407629	0.2329	0.0597	0.05	T	C	0.0211602	21982	41944	0.34386634546194	1.194	FALSE	0	1.37688915953583e-15	0	0	0	0	0	2.00332e-142
