SNP	CHR	POS	P	Effect	StdErr	Freq	MAF	N_cases	N_controls	proportion_cases	A1	A2	leadSNP	ABF.Credible_Set	ABF.PP	SUSIE.Credible_Set	SUSIE.PP	POLYFUN_SUSIE.Credible_Set	POLYFUN_SUSIE.PP	FINEMAP.Credible_Set	FINEMAP.PP
rs10467144	12	40707201	0.0001205	-0.036	0.0094	0.4502	0.4502	56306	1417791	0.0381969436203995	A	G	FALSE	0	3.49067232979974e-24	0	0	0	0	0	1.18736e-175
rs10506147	12	40599398	1.103e-09	-0.1864	0.0306	0.9764	0.0236	56306	1417791	0.0381969436203995	T	C	FALSE	0	5.57532352795072e-19	0	0	0	0	0	0
rs10506148	12	40632594	0.2193	0.0379	0.0308	0.0244	0.0244	56306	1417791	0.0381969436203995	A	G	FALSE	0	1.57386181290209e-26	0	0	0	0	0	3.11257e-176
rs10506150	12	40666760	0.1187	0.0244	0.0156	0.8902	0.1098	56306	1417791	0.0381969436203995	A	T	FALSE	0	1.29464542483894e-26	0	0	0	0	0	2.62708e-176
rs10506151	12	40670998	0.6019	0.0068	0.0131	0.1577	0.1577	56306	1417791	0.0381969436203995	A	C	FALSE	0	3.68913732862439e-27	0	0	0	0	0	1.90895e-175
rs10506152	12	40723475	0.0003369	-0.0564	0.0157	0.1014	0.1014	56306	1417791	0.0381969436203995	A	T	FALSE	0	2.35514187567811e-24	0	0	0	0	0	1.06489e-167
rs10506153	12	40725571	2.196e-15	-0.1009	0.0127	0.8459	0.1541	56306	1417791	0.0381969436203995	T	C	FALSE	0	1.40213503271883e-13	0	0	0	0	0	1.42137e-175
rs10735931	12	40714501	0.000175	-0.0352	0.0094	0.4526	0.4526	56306	1417791	0.0381969436203995	T	G	FALSE	0	2.5306773700581e-24	0	0	0	0	0	1.4155e-175
rs10748014	12	40615069	0.8	0.0024	0.0094	0.4686	0.4686	56306	1417791	0.0381969436203995	T	C	FALSE	0	2.39384509121594e-27	0	0	0	0	0	3.62632e-175
rs10748029	12	40711046	0.0001107	0.0362	0.0094	0.5495	0.4505	56306	1417791	0.0381969436203995	T	C	FALSE	0	3.78719425065863e-24	0	0	0	0	0	1.1588e-151
rs10748030	12	40714188	0.0001368	0.0357	0.0094	0.5498	0.4502	56306	1417791	0.0381969436203995	A	G	FALSE	0	3.09146371440337e-24	0	0	0	0	0	4.52689e-152
rs10748034	12	40714618	0.0001347	0.0358	0.0094	0.5498	0.4502	56306	1417791	0.0381969436203995	T	C	FALSE	0	3.21882046959721e-24	0	0	0	0	0	5.88093e-152
rs10784428	12	40604608	0.846	0.0018	0.0094	0.4653	0.4653	56306	1417791	0.0381969436203995	A	C	FALSE	0	2.36002563775359e-27	0	0	0	0	0	3.51757e-175
rs10784444	12	40633488	1.804e-07	0.0509	0.0098	0.6277	0.3723	56306	1417791	0.0381969436203995	A	G	FALSE	0	1.68593383912833e-21	0	0	0	0	0	4.94962e-160
rs10784451	12	40649888	0.02544	-0.0269	0.012	0.1872	0.1872	56306	1417791	0.0381969436203995	A	G	FALSE	0	3.6140145921965e-26	0	0	0	0	0	1.93043e-171
rs10784452	12	40649975	3.437e-06	-0.0479	0.0103	0.2925	0.2925	56306	1417791	0.0381969436203995	A	G	FALSE	0	1.22577046674662e-22	0	0	0	0	0	1.5285e-159
rs10784461	12	40657537	2.03e-09	-0.0562	0.0094	0.5134	0.4866	56306	1417791	0.0381969436203995	A	G	FALSE	0	1.28771760630889e-19	0	0	0	0	0	8.20435e-174
rs10784462	12	40657771	1.997e-09	-0.0561	0.0094	0.5138	0.4862	56306	1417791	0.0381969436203995	C	G	FALSE	0	1.2086022972523e-19	0	0	0	0	0	7.88403e-174
rs10784470	12	40663596	0.6575	0.0044	0.01	0.3209	0.3209	56306	1417791	0.0381969436203995	T	G	FALSE	0	2.71466254902782e-27	0	0	0	0	0	8.04246e-174
rs10784485	12	40670870	5.655e-07	0.0964	0.0193	0.9332	0.0668	56306	1417791	0.0381969436203995	T	C	FALSE	0	1.10489332665572e-21	0	0	0	0	0	5.12738e-173
rs10784486	12	40677029	0.001175	-0.0325	0.01	0.3238	0.3238	56306	1417791	0.0381969436203995	A	C	FALSE	0	4.78276420701252e-25	0	0	0	0	0	3.89586e-176
rs10784497	12	40689982	3.697e-07	0.0941	0.0185	0.9308	0.0692	56306	1417791	0.0381969436203995	T	C	FALSE	0	1.69079515540313e-21	0	0	0	0	0	7.53126e-173
rs10784498	12	40697434	0.003859	0.028	0.0097	0.3534	0.3534	56306	1417791	0.0381969436203995	A	G	FALSE	0	1.52653457039061e-25	0	0	0	0	0	6.10937e-141
rs10784499	12	40698490	0.002999	0.0288	0.0097	0.3527	0.3527	56306	1417791	0.0381969436203995	T	C	FALSE	0	1.94236139113426e-25	0	0	0	0	0	2.11409e-140
rs10784501	12	40703865	0.0001302	-0.0359	0.0094	0.4492	0.4492	56306	1417791	0.0381969436203995	A	G	FALSE	0	3.3518023246248e-24	0	0	0	0	0	1.18374e-175
rs10784503	12	40705700	0.0001168	-0.0361	0.0094	0.4502	0.4502	56306	1417791	0.0381969436203995	C	G	FALSE	0	3.63570645469531e-24	0	0	0	0	0	1.16786e-175
rs10784504	12	40707396	0.0001196	-0.036	0.0094	0.4502	0.4502	56306	1417791	0.0381969436203995	T	G	FALSE	0	3.49067232979974e-24	0	0	0	0	0	1.16436e-175
rs10784506	12	40711070	0.0001008	0.0365	0.0094	0.5474	0.4526	56306	1417791	0.0381969436203995	T	C	FALSE	0	4.28349382240433e-24	0	0	0	0	0	1.65685e-151
rs10784509	12	40713200	0.0001385	0.0357	0.0094	0.5497	0.4503	56306	1417791	0.0381969436203995	A	G	FALSE	0	3.09146371440337e-24	0	0	0	0	0	4.71055e-152
rs10878208	12	40588408	8.954e-07	0.0491	0.01	0.3224	0.3224	56306	1417791	0.0381969436203995	T	C	FALSE	0	4.10897502106155e-22	0	0	0	0	0	4.8801e-146
rs10878220	12	40608880	0.7982	0.0024	0.0093	0.4677	0.4677	56306	1417791	0.0381969436203995	T	C	FALSE	0	2.37010354208885e-27	0	0	0	0	0	4.18819e-175
rs10878222	12	40610718	0.7919	0.0025	0.0093	0.468	0.468	56306	1417791	0.0381969436203995	A	G	FALSE	0	2.37681231971938e-27	0	0	0	0	0	4.87548e-175
rs10878224	12	40614601	0.8653	0.0016	0.0094	0.4663	0.4663	56306	1417791	0.0381969436203995	T	C	FALSE	0	2.35098189540728e-27	0	0	0	0	0	4.55323e-175
rs10878226	12	40617692	1.073e-19	0.127	0.014	0.1219	0.1219	56306	1417791	0.0381969436203995	C	G	FALSE	0	2.0868020698226e-09	0	0	0	0	0	0
rs10878244	12	40631608	3.057e-17	0.099	0.0117	0.1926	0.1926	56306	1417791	0.0381969436203995	A	G	FALSE	0	8.99436749581798e-12	0	0	0	0	0	0.201109
rs10878245	12	40631791	1.396e-07	-0.0508	0.0096	0.3871	0.3871	56306	1417791	0.0381969436203995	T	C	FALSE	0	2.75814532640848e-21	0	0	0	0	0	4.66225e-176
rs10878246	12	40632099	1.463e-16	-0.0953	0.0115	0.8013	0.1987	56306	1417791	0.0381969436203995	T	G	FALSE	0	2.06755101153585e-12	0	0	0	0	0	3.50383e-176
rs10878247	12	40632100	6.053e-15	-0.0812	0.0104	0.2862	0.2862	56306	1417791	0.0381969436203995	T	C	FALSE	0	4.07738423063475e-14	0	0	0	0	0	7.43578e-143
rs10878249	12	40633314	0.1186	0.0147	0.0094	0.5658	0.4342	56306	1417791	0.0381969436203995	T	C	FALSE	0	7.84962245471815e-27	0	0	0	0	0	1.35649e-173
rs10878258	12	40641692	4.456e-08	0.0571	0.0104	0.7182	0.2818	56306	1417791	0.0381969436203995	A	G	FALSE	0	8.647185245481e-21	0	0	0	0	0	7.07223e-175
rs10878262	12	40644279	0.1828	0.0128	0.0096	0.6162	0.3838	56306	1417791	0.0381969436203995	T	C	FALSE	0	5.74442844009916e-27	0	0	0	0	0	3.16732e-174
rs10878278	12	40653988	0.005288	-0.0351	0.0126	0.1871	0.1871	56306	1417791	0.0381969436203995	T	C	FALSE	0	1.48005796275797e-25	0	0	0	0	0	7.62634e-171
rs10878284	12	40658205	0.00259	-0.0367	0.0122	0.1834	0.1834	56306	1417791	0.0381969436203995	A	G	FALSE	0	2.72653388579333e-25	0	0	0	0	0	2.6125e-170
rs10878299	12	40666875	2.328e-07	0.0961	0.0186	0.931	0.069	56306	1417791	0.0381969436203995	C	G	FALSE	0	2.55203094769513e-21	0	0	0	0	0	1.09329e-172
rs10878302	12	40669826	0.0005764	-0.0778	0.0226	0.071	0.071	42598	1322509	0.0312048799105125	A	T	FALSE	0	1.92561102956698e-24	0	0	0	0	0	8.28012e-170
rs10878307	12	40671989	0.5295	0.0115	0.0183	0.9245	0.0755	56306	1417791	0.0381969436203995	A	G	FALSE	0	5.47021682548092e-27	0	0	0	0	0	3.59342e-176
rs10878336	12	40693225	6.292e-07	0.0918	0.0184	0.9302	0.0698	56306	1417791	0.0381969436203995	A	C	FALSE	0	1.03526059790593e-21	0	0	0	0	0	5.26347e-173
rs10878340	12	40695095	2.187e-07	-0.0489	0.0094	0.5851	0.4149	56306	1417791	0.0381969436203995	A	G	FALSE	0	1.6923364643058e-21	0	0	0	0	0	6.27738e-149
rs10878341	12	40697477	0.003871	0.0288	0.01	0.353	0.353	56306	1417791	0.0381969436203995	T	C	FALSE	0	1.54310515413877e-25	0	0	0	0	0	3.025e-141
rs10878343	12	40700584	0.1619	-0.016	0.0115	0.2134	0.2134	56306	1417791	0.0381969436203995	T	C	FALSE	0	7.43459030179631e-27	0	0	0	0	0	1.27957e-173
rs10878356	12	40709957	0.1908	-0.0149	0.0114	0.2153	0.2153	56306	1417791	0.0381969436203995	A	G	FALSE	0	6.58072669230764e-27	0	0	0	0	0	9.22071e-174
rs10878358	12	40711091	0.0001021	0.0365	0.0094	0.5476	0.4524	56306	1417791	0.0381969436203995	A	G	FALSE	0	4.28349382240433e-24	0	0	0	0	0	1.68221e-151
rs10878371	12	40716260	0.0001345	-0.0358	0.0094	0.4502	0.4502	56306	1417791	0.0381969436203995	T	C	FALSE	0	3.21882046959721e-24	0	0	0	0	0	1.25374e-175
rs10878372	12	40716694	0.1972	0.0146	0.0114	0.7848	0.2152	56306	1417791	0.0381969436203995	A	G	FALSE	0	6.36113300806562e-27	0	0	0	0	0	2.98523e-176
rs10878377	12	40720004	0.09349	-0.0165	0.0099	0.3478	0.3478	56306	1417791	0.0381969436203995	T	C	FALSE	0	9.75302614382938e-27	0	0	0	0	0	1.59327e-174
rs10878386	12	40725928	8.321e-08	0.0962	0.0179	0.9269	0.0731000000000001	56306	1417791	0.0381969436203995	A	G	FALSE	0	7.33656978816603e-21	0	0	0	0	0	1.30821e-166
rs111341533	12	40660738	7.483e-06	0.0858	0.0192	0.8914	0.1086	47382	544338	0.0800750354897587	A	G	FALSE	0	9.34123534037788e-23	0	0	0	0	0	9.768e-175
rs111585307	12	40684454	0.1072	0.0602	0.0374	0.9811	0.0189	56306	1417791	0.0381969436203995	A	C	FALSE	0	3.17196020609619e-26	0	0	0	0	0	4.66411e-176
rs11175540	12	40586295	8.132e-05	0.0895	0.0227	0.0677	0.0677	42598	1322509	0.0312048799105125	A	T	FALSE	0	1.197345794843e-23	0	0	0	0	0	1.33159e-140
rs11175546	12	40587815	8.185e-06	-0.1085	0.0243	0.9544	0.0456	56306	1417791	0.0381969436203995	T	C	FALSE	0	1.09876636728696e-22	0	0	0	0	0	1.53919e-173
rs11175593	12	40601940	1.048e-09	0.1864	0.0306	0.0236	0.0236	56306	1417791	0.0381969436203995	T	C	FALSE	0	5.57532352795072e-19	0	0	0	0	0	0
rs11175620	12	40610864	3.413e-20	0.1307	0.0142	0.12	0.12	56306	1417791	0.0381969436203995	C	G	FALSE	0	7.03846828240418e-09	3	1	3	1	0	0
rs11175645	12	40621892	2.006e-19	-0.1263	0.014	0.8782	0.1218	56306	1417791	0.0381969436203995	A	G	FALSE	0	1.33044959062655e-09	0	0	0	0	0	0
rs11175655	12	40623727	3.377e-19	0.1249	0.0139	0.1224	0.1224	56306	1417791	0.0381969436203995	A	G	FALSE	0	9.6104370857913e-10	0	0	0	0	0	0
rs11175656	12	40623755	0.8168	0.0022	0.0094	0.4661	0.4661	56306	1417791	0.0381969436203995	A	G	FALSE	0	2.38144250125068e-27	0	0	0	0	0	1.07639e-174
rs11175658	12	40624310	3.068e-19	-0.1252	0.014	0.8775	0.1225	56306	1417791	0.0381969436203995	A	G	FALSE	0	6.59164859286243e-10	0	0	0	0	0	0
rs11175666	12	40628433	2.923e-19	0.1256	0.014	0.1231	0.1231	56306	1417791	0.0381969436203995	T	C	FALSE	0	8.50346702008537e-10	0	0	0	0	0	0
rs11175729	12	40644367	0.001553	-0.0384	0.0121	0.1851	0.1851	56306	1417791	0.0381969436203995	T	C	FALSE	0	4.501171535723e-25	0	0	0	0	0	3.80153e-168
rs11175766	12	40655016	7.137e-05	0.0617	0.0155	0.8946	0.1054	56306	1417791	0.0381969436203995	T	C	FALSE	0	1.00375085741699e-23	0	0	0	0	0	2.73423e-175
rs11175769	12	40656179	1.717e-09	-0.0564	0.0094	0.5137	0.4863	56306	1417791	0.0381969436203995	A	G	FALSE	0	1.46231924898887e-19	0	0	0	0	0	9.11752e-174
rs11175775	12	40658255	0.9609	-5e-04	0.01	0.6686	0.3314	56306	1417791	0.0381969436203995	T	C	FALSE	0	2.46787124183998e-27	0	0	0	0	0	6.92234e-173
rs11175780	12	40659096	5.756e-05	-0.063	0.0157	0.1043	0.1043	56306	1417791	0.0381969436203995	T	C	FALSE	0	1.15344022097277e-23	0	0	0	0	0	1.39511e-166
rs11175784	12	40659534	8.094e-10	0.0576	0.0094	0.4738	0.4738	56306	1417791	0.0381969436203995	T	C	FALSE	0	3.16585576014061e-19	0	0	0	0	0	1.24286e-150
rs11175793	12	40662039	2.895e-07	-0.0954	0.0186	0.0688	0.0688	56306	1417791	0.0381969436203995	A	G	FALSE	0	2.10605068200108e-21	0	0	0	0	0	1.34553e-164
rs11175814	12	40665454	0.4195	0.0248	0.0307	0.9698	0.0302	56306	1417791	0.0381969436203995	A	G	FALSE	0	1.03002089935749e-26	0	0	0	0	0	2.95164e-176
rs11175836	12	40670676	0.7342	0.0034	0.0101	0.3186	0.3186	56306	1417791	0.0381969436203995	T	C	FALSE	0	2.63412563394702e-27	0	0	0	0	0	1.19583e-173
rs11175843	12	40674039	0.001297	-0.0382	0.0119	0.1941	0.1941	56306	1417791	0.0381969436203995	C	G	FALSE	0	4.97545693482463e-25	0	0	0	0	0	7.38958e-170
rs11175845	12	40675052	1.094e-09	-0.0573	0.0094	0.5278	0.4722	56306	1417791	0.0381969436203995	A	G	FALSE	0	2.60595445994726e-19	0	0	0	0	0	1.23841e-173
rs11175847	12	40676200	5.344e-10	0.0579	0.0093	0.476	0.476	56306	1417791	0.0381969436203995	T	G	FALSE	0	5.74048884665989e-19	0	0	0	0	0	2.55061e-150
rs11175852	12	40677008	8.693e-07	-0.0912	0.0185	0.069	0.069	56306	1417791	0.0381969436203995	A	G	FALSE	0	7.76315925707675e-22	0	0	0	0	0	2.66758e-165
rs11175862	12	40679269	0.6738	0.0042	0.01	0.3234	0.3234	56306	1417791	0.0381969436203995	A	T	FALSE	0	2.69147427393728e-27	0	0	0	0	0	9.59258e-174
rs11175902	12	40684880	2.291e-07	0.0966	0.0187	0.9322	0.0678	56306	1417791	0.0381969436203995	A	C	FALSE	0	2.55082638685035e-21	0	0	0	0	0	1.04252e-172
rs11175911	12	40686731	5.276e-10	-0.058	0.0093	0.5241	0.4759	56306	1417791	0.0381969436203995	A	G	FALSE	0	6.13740352928119e-19	0	0	0	0	0	2.32586e-173
rs11175913	12	40687035	5.438e-07	-0.093	0.0186	0.0686	0.0686	56306	1417791	0.0381969436203995	T	C	FALSE	0	1.10178551779984e-21	0	0	0	0	0	4.86316e-165
rs11175922	12	40689588	4.623e-10	0.0581	0.0093	0.4761	0.4761	56306	1417791	0.0381969436203995	T	C	FALSE	0	6.56251916780121e-19	0	0	0	0	0	2.60907e-150
rs11175934	12	40693801	0.002773	0.0361	0.0121	0.8064	0.1936	55137	1416823	0.0374582189733417	C	G	FALSE	0	2.5125545637734e-25	0	0	0	0	0	7.48331e-176
rs11175935	12	40693806	0.002899	-0.0359	0.0121	0.1936	0.1936	55137	1416823	0.0374582189733417	T	G	FALSE	0	2.39241272438959e-25	0	0	0	0	0	1.62145e-170
rs11175941	12	40694399	2.455e-07	-0.0937	0.0182	0.0752	0.0752	56306	1417791	0.0381969436203995	A	G	FALSE	0	2.28525485013742e-21	0	0	0	0	0	6.7949e-171
rs11175943	12	40695776	0.1958	-0.0126	0.0098	0.3996	0.3996	56306	1417791	0.0381969436203995	C	G	FALSE	0	5.50968023624522e-27	0	0	0	0	0	9.29491e-170
rs11175958	12	40701388	0.1809	-0.0153	0.0114	0.2137	0.2137	56306	1417791	0.0381969436203995	A	G	FALSE	0	6.89275256384188e-27	0	0	0	0	0	1.05178e-173
rs11175963	12	40702771	1.321e-07	-0.098	0.0186	0.0683	0.0683	56306	1417791	0.0381969436203995	T	C	FALSE	0	4.32890355813806e-21	0	0	0	0	0	8.19509e-171
rs11175964	12	40702987	1.338e-07	-0.0979	0.0186	0.0683	0.0683	56306	1417791	0.0381969436203995	A	G	FALSE	0	4.20908188221537e-21	0	0	0	0	0	9.35887e-171
rs11175966	12	40703152	0.1827	-0.0151	0.0114	0.2153	0.2153	56306	1417791	0.0381969436203995	A	C	FALSE	0	6.73389984462103e-27	0	0	0	0	0	9.8281e-174
rs11175985	12	40707278	0.03521	-0.0293	0.0139	0.1402	0.1402	56306	1417791	0.0381969436203995	T	C	FALSE	0	3.1225104577184e-26	0	0	0	0	0	6.24263e-172
rs11176013	12	40713873	0.0001632	-0.0354	0.0094	0.4497	0.4497	56306	1417791	0.0381969436203995	A	G	FALSE	0	2.74069434411753e-24	0	0	0	0	0	1.34177e-175
rs11176022	12	40716474	1.855e-07	0.0969	0.0186	0.9318	0.0682	56306	1417791	0.0381969436203995	T	C	FALSE	0	3.18395210773461e-21	0	0	0	0	0	6.88906e-167
rs11176030	12	40718453	0.1605	0.0143	0.0102	0.6943	0.3057	56306	1417791	0.0381969436203995	A	T	FALSE	0	6.6996737636203e-27	0	0	0	0	0	2.94234e-175
rs11176052	12	40723900	1.061e-08	0.0605	0.0106	0.2524	0.2524	56306	1417791	0.0381969436203995	T	C	FALSE	0	2.95811014638059e-20	0	0	0	0	0	6.48072e-80
rs11176053	12	40724030	1.089e-08	0.0605	0.0106	0.2524	0.2524	56306	1417791	0.0381969436203995	T	C	FALSE	0	2.95811014638059e-20	0	0	0	0	0	7.66675e-80
rs113275382	12	40693824	0.02259	-0.069	0.0303	0.9724	0.0276	56306	1417791	0.0381969436203995	C	G	FALSE	0	9.32495799643561e-26	0	0	0	0	0	6.71894e-166
rs113553365	12	40588898	0.09144	-0.0681	0.0404	0.0156	0.0156	56306	1417791	0.0381969436203995	A	C	FALSE	0	3.82676581159755e-26	0	0	0	0	0	4.74014e-175
rs113772607	12	40701831	0.000157	-0.0584	0.0154	0.1059	0.1059	56306	1417791	0.0381969436203995	T	C	FALSE	0	4.81852626428627e-24	0	0	0	0	0	5.02817e-167
rs11564107	12	40609750	4.236e-09	-0.1799	0.0306	0.9761	0.0239	55137	1416823	0.0374582189733417	A	G	FALSE	0	1.60969618685715e-19	0	0	0	0	0	0
rs11564113	12	40657868	0.04219	-0.066	0.0325	0.9785	0.0215	56306	1417791	0.0381969436203995	A	C	FALSE	0	5.90239526995956e-26	0	0	0	0	0	2.5562e-175
rs11564115	12	40630639	0.1623	-0.0425	0.0304	0.9748	0.0252	56306	1417791	0.0381969436203995	T	G	FALSE	0	1.92780080022576e-26	0	0	0	0	0	2.92166e-175
rs11564128	12	40705835	2.606e-10	0.0995	0.0157	0.153	0.153	42598	1322509	0.0312048799105125	T	C	FALSE	0	1.79958865036748e-18	0	0	0	0	0	1.72587e-70
rs11564129	12	40669939	0.0001265	0.0594	0.0155	0.8944	0.1056	56306	1417791	0.0381969436203995	T	C	FALSE	0	5.64134638800665e-24	0	0	0	0	0	1.84819e-175
rs11564148	12	40713901	0.146	-0.0148	0.0102	0.302	0.302	56306	1417791	0.0381969436203995	A	T	FALSE	0	7.18361299310917e-27	0	0	0	0	0	9.51837e-170
rs11564149	12	40702164	0.0001366	-0.0585	0.0153	0.1063	0.1063	56306	1417791	0.0381969436203995	T	C	FALSE	0	5.39305329912329e-24	0	0	0	0	0	6.06131e-167
rs11564150	12	40680917	5.579e-05	0.0617	0.0153	0.8922	0.1078	56306	1417791	0.0381969436203995	T	C	FALSE	0	1.22056142318132e-23	0	0	0	0	0	3.0344e-175
rs11564152	12	40654873	1.407e-10	-0.188	0.0293	0.974	0.026	56306	1417791	0.0381969436203995	A	G	FALSE	0	4.04280955780243e-18	0	0	0	0	0	0
rs11564153	12	40634991	8.129e-10	0.1797	0.0292	0.0257	0.0257	56306	1417791	0.0381969436203995	T	C	FALSE	0	8.04475484427677e-19	0	0	0	0	0	0
rs11564175	12	40721042	1.694e-15	0.1008	0.0127	0.1553	0.1553	56306	1417791	0.0381969436203995	A	G	FALSE	0	1.31747903121728e-13	0	0	0	0	0	2.26942e-46
rs11564177	12	40714332	1.138e-15	-0.1018	0.0127	0.8461	0.1539	56306	1417791	0.0381969436203995	T	C	FALSE	0	2.46270173242856e-13	0	0	0	0	0	1.50695e-175
rs11564180	12	40701271	0.0001088	-0.0596	0.0154	0.106	0.106	56306	1417791	0.0381969436203995	T	G	FALSE	0	6.48337491942844e-24	0	0	0	0	0	8.76455e-167
rs11564181	12	40673539	0.02911	0.0724	0.0332	0.0215	0.0215	56306	1417791	0.0381969436203995	A	T	FALSE	0	8.17562255699555e-26	0	0	0	0	0	6.0511e-175
rs11564182	12	40672514	0.0344	-0.0932	0.044	0.017	0.017	56306	1417791	0.0381969436203995	T	G	FALSE	0	9.01172058239415e-26	0	0	0	0	0	1.31413e-173
rs11564183	12	40655707	0.0001762	-0.0856	0.0228	0.069	0.069	42598	1322509	0.0312048799105125	T	C	FALSE	0	5.8744448500648e-24	0	0	0	0	0	6.56129e-169
rs11564185	12	40650717	3.822e-08	0.1532	0.0279	0.0305	0.0305	56306	1417791	0.0381969436203995	T	C	FALSE	0	1.80334990703434e-20	0	0	0	0	0	0
rs11564187	12	40634203	6.804e-10	-0.1805	0.0293	0.9743	0.0256999999999999	56306	1417791	0.0381969436203995	A	G	FALSE	0	8.36192215806718e-19	0	0	0	0	0	1
rs11564203	12	40724581	1.958e-15	0.1005	0.0126	0.1548	0.1548	56306	1417791	0.0381969436203995	A	G	FALSE	0	1.7866647018859e-13	0	0	0	0	0	3.90021e-46
rs11564204	12	40715377	9.486e-16	0.1017	0.0127	0.1543	0.1543	56306	1417791	0.0381969436203995	A	G	FALSE	0	2.31272675023366e-13	0	0	0	0	0	1.92041e-42
rs11564205	12	40714009	8.999e-16	-0.1018	0.0127	0.8457	0.1543	56306	1417791	0.0381969436203995	A	G	FALSE	0	2.46270173242856e-13	0	0	0	0	0	1.35276e-175
rs11564207	12	40664643	1.82e-16	0.1054	0.0128	0.1522	0.1522	56306	1417791	0.0381969436203995	A	T	FALSE	0	1.45290521126383e-12	0	0	0	0	0	1.20866e-06
rs11564209	12	40650875	1.511e-10	-0.1868	0.0292	0.9742	0.0258	56306	1417791	0.0381969436203995	A	T	FALSE	0	3.58416058600896e-18	0	0	0	0	0	0
rs11564210	12	40634819	7.812e-10	0.1798	0.0292	0.0257	0.0257	56306	1417791	0.0381969436203995	T	C	FALSE	0	8.21253703008841e-19	0	0	0	0	0	0
rs11564212	12	40591612	6.841e-10	0.1886	0.0306	0.0237	0.0237	56306	1417791	0.0381969436203995	T	G	FALSE	0	8.57464353990726e-19	0	0	0	0	0	0
rs11564267	12	40722724	2.002e-15	0.1015	0.0128	0.1526	0.1526	56306	1417791	0.0381969436203995	T	C	FALSE	0	1.25069772068402e-13	0	0	0	0	0	2.08817e-46
rs11564269	12	40698422	0.002334	0.0936	0.0308	0.0258	0.0258	56306	1417791	0.0381969436203995	T	C	FALSE	0	6.83505451874277e-25	0	0	0	0	0	9.265e-174
rs11564270	12	40681486	0.0002555	0.0565	0.0155	0.8925	0.1075	56306	1417791	0.0381969436203995	A	G	FALSE	0	2.81453913093066e-24	0	0	0	0	0	1.57457e-174
rs11564271	12	40673524	5.252e-11	-0.1931	0.0294	0.9745	0.0255	56306	1417791	0.0381969436203995	A	G	FALSE	0	1.06022498077755e-17	0	0	0	0	0	0
rs11564273	12	40598152	1.238e-15	-0.1412	0.0177	0.9279	0.0721000000000001	56306	1417791	0.0381969436203995	T	G	FALSE	0	2.2398928490278e-13	0	0	0	0	0	4.74057e-176
rs11564274	12	40590620	1.408e-12	0.1146	0.0162	0.088	0.088	56306	1417791	0.0381969436203995	T	C	FALSE	0	2.48990709224995e-16	0	0	0	0	0	5.10935e-90
rs11613206	12	40609581	2.483e-08	-0.1191	0.0214	0.0528	0.0528	56306	1417791	0.0381969436203995	A	G	FALSE	0	2.34439089028133e-20	0	0	0	0	0	2.49754e-164
rs116859512	12	40615376	0.7508	-0.0159	0.0501	0.0198	0.0198	49053	1411006	0.0335965875351613	T	G	FALSE	0	1.25754960996854e-26	0	0	0	0	0	3.57538e-176
rs116911375	12	40679388	0.5956	0.0244	0.046	0.9887	0.0113	37688	981372	0.0369831020744608	T	C	FALSE	0	1.26448762697009e-26	0	0	0	0	0	2.7866e-176
rs117165831	12	40679411	0.312	-0.0674	0.0666	0.0108	0.0108	36519	980404	0.0359112735182506	A	G	FALSE	0	2.47262285719401e-26	0	0	0	0	0	1.20419e-175
rs117203131	12	40645737	7.002e-10	0.1905	0.0309	0.0239	0.0239	56306	1417791	0.0381969436203995	A	G	FALSE	0	8.67037768024214e-19	0	0	0	0	0	0
rs117256087	12	40591385	0.1296	-0.0654	0.0431	0.9847	0.0153	56306	1417791	0.0381969436203995	T	C	FALSE	0	3.12418961577457e-26	0	0	0	0	0	4.92037e-175
rs117297508	12	40629747	5.11e-10	0.1868	0.03	0.0245	0.0245	56306	1417791	0.0381969436203995	T	C	FALSE	0	1.2544378901807e-18	0	0	0	0	0	0
rs117408408	12	40611670	1.866e-09	-0.1983	0.033	0.978	0.022	56306	1417791	0.0381969436203995	A	G	FALSE	0	3.45301157831505e-19	0	0	0	0	0	0
rs117502843	12	40644555	9.54e-10	0.189	0.0309	0.0239	0.0239	56306	1417791	0.0381969436203995	A	G	FALSE	0	6.48029561192422e-19	0	0	0	0	0	0
rs117528165	12	40614062	1.05e-09	0.1924	0.0315	0.0231	0.0231	56306	1417791	0.0381969436203995	T	C	FALSE	0	6.17031667166096e-19	0	0	0	0	0	0
rs117544909	12	40627456	1.061e-09	-0.193	0.0316	0.9772	0.0228	56306	1417791	0.0381969436203995	A	T	FALSE	0	6.15956361025089e-19	0	0	0	0	0	0
rs117549742	12	40584971	1.57e-06	-0.0653	0.0136	0.1435	0.1435	56306	1417791	0.0381969436203995	T	G	FALSE	0	3.22074971910746e-22	0	0	0	0	0	1.04051e-165
rs117627419	12	40706597	0.07081	0.0955	0.0529	0.9817	0.0183	30798	974752	0.0306280145194172	T	C	FALSE	0	5.78791647513321e-26	0	0	0	0	0	5.21943e-176
rs117762348	12	40597612	9.981e-16	-0.1416	0.0176	0.9279	0.0721000000000001	56306	1417791	0.0381969436203995	A	G	FALSE	0	3.83659906651434e-13	0	0	0	0	0	5.08131e-176
rs117862713	12	40585056	2.373e-06	-0.065	0.0138	0.1437	0.1437	55137	1416823	0.0374582189733417	T	C	FALSE	0	2.11765859509107e-22	0	0	0	0	0	5.09011e-166
rs117997005	12	40701959	0.02385	-0.0674	0.0298	0.9718	0.0282	56306	1417791	0.0381969436203995	A	T	FALSE	0	8.88096804036532e-26	0	0	0	0	0	8.78575e-166
rs118075840	12	40603676	0.2925	-0.0264	0.0251	0.04	0.04	56306	1417791	0.0381969436203995	T	G	FALSE	0	1.05950155438405e-26	0	0	0	0	0	3.23673e-175
rs118076169	12	40653993	0.1809	0.0654	0.0489	0.9852	0.0148	56306	1417791	0.0381969436203995	T	C	FALSE	0	2.72600129019702e-26	0	0	0	0	0	3.23468e-176
rs118140854	12	40682722	0.2239	0.072	0.0592	0.0111	0.0111	36519	980404	0.0359112735182506	T	C	FALSE	0	2.76523567089444e-26	0	0	0	0	0	2.60849e-176
rs11829088	12	40727779	1.474e-15	-0.1009	0.0126	0.845	0.155	56306	1417791	0.0381969436203995	T	G	FALSE	0	2.30035594358351e-13	0	0	0	0	0	1.75878e-175
rs11834950	12	40727598	1.5e-15	0.1009	0.0126	0.155	0.155	56306	1417791	0.0381969436203995	T	C	FALSE	0	2.30035594358351e-13	0	0	0	0	0	3.87898e-46
rs12146857	12	40663918	0.6543	-0.0045	0.01	0.679	0.321	56306	1417791	0.0381969436203995	C	G	FALSE	0	2.72673945634176e-27	0	0	0	0	0	4.15065e-172
rs12230685	12	40622790	0.003702	-0.0395	0.0136	0.1426	0.1426	56306	1417791	0.0381969436203995	T	C	FALSE	0	2.22945202252148e-25	0	0	0	0	0	1.24136e-169
rs12314692	12	40688921	5.851e-07	0.0925	0.0185	0.93	0.07	56306	1417791	0.0381969436203995	A	G	FALSE	0	1.09716203175019e-21	0	0	0	0	0	5.23385e-173
rs12367542	12	40726647	0.1559	0.0145	0.0102	0.6986	0.3014	56306	1417791	0.0381969436203995	A	T	FALSE	0	6.88722799334763e-27	0	0	0	0	0	2.60781e-175
rs12369882	12	40686845	5.452e-10	-0.0579	0.0093	0.524	0.476	56306	1417791	0.0381969436203995	A	G	FALSE	0	5.74048884665989e-19	0	0	0	0	0	2.16521e-173
rs12370996	12	40723171	0.4757	-0.018	0.0253	0.0396	0.0396	56306	1417791	0.0381969436203995	T	C	FALSE	0	7.94658446631153e-27	0	0	0	0	0	5.77768e-176
rs12371502	12	40644305	8.625e-08	-0.0508	0.0095	0.417	0.417	56306	1417791	0.0381969436203995	T	C	FALSE	0	3.67082311098298e-21	0	0	0	0	0	2.6126e-174
rs12422796	12	40646534	3.875e-10	0.1846	0.0295	0.0254	0.0254	56306	1417791	0.0381969436203995	A	G	FALSE	0	1.51163142544692e-18	0	0	0	0	0	0
rs12426891	12	40661281	0.000523	0.0786	0.0227	0.9302	0.0698	42598	1322509	0.0312048799105125	T	C	FALSE	0	2.06965829583361e-24	0	0	0	0	0	2.93585e-175
rs12427245	12	40707113	9.901e-10	0.18	0.0295	0.0259	0.0259	55137	1416823	0.0374582189733417	A	C	FALSE	0	5.88663495371926e-19	0	0	0	0	0	0
rs12820920	12	40688081	4.082e-10	-0.0583	0.0093	0.5239	0.4761	56306	1417791	0.0381969436203995	A	G	FALSE	0	7.50572609957748e-19	0	0	0	0	0	2.57474e-173
rs12827541	12	40609979	0.8107	0.0022	0.0094	0.4645	0.4645	56306	1417791	0.0381969436203995	T	C	FALSE	0	2.38144250125068e-27	0	0	0	0	0	4.76552e-175
rs1352877	12	40626378	0.4623	0.0212	0.0288	0.9691	0.0309	56306	1417791	0.0381969436203995	A	T	FALSE	0	9.17343428698379e-27	0	0	0	0	0	3.29541e-176
rs138053637	12	40597279	4.288e-09	-0.1893	0.0322	0.9774	0.0226	56306	1417791	0.0381969436203995	T	C	FALSE	0	1.62137699212856e-19	0	0	0	0	0	0
rs138250350	12	40683344	0.007935	-0.0938	0.0353	0.9728	0.0272	42598	1322509	0.0312048799105125	A	C	FALSE	0	2.63243171745346e-25	0	0	0	0	0	9.28414e-174
rs1388593	12	40607566	0.001104	0.0492	0.0151	0.107	0.107	56306	1417791	0.0381969436203995	A	G	FALSE	0	7.28310047651425e-25	0	0	0	0	0	2.80629e-155
rs1388594	12	40607647	0.02439	0.0213	0.0095	0.5758	0.4242	56306	1417791	0.0381969436203995	T	C	FALSE	0	2.87545780047169e-26	0	0	0	0	0	2.2272e-173
rs1388596	12	40640626	0.5541	-0.0122	0.0206	0.9439	0.0561	56306	1417791	0.0381969436203995	A	G	FALSE	0	6.01535829010115e-27	0	0	0	0	0	8.85281e-175
rs1388597	12	40618097	1.424e-10	-0.1989	0.031	0.9765	0.0235	56306	1417791	0.0381969436203995	A	G	FALSE	0	4.05546777174513e-18	0	0	0	0	0	1
rs1388598	12	40616166	2.129e-08	-0.12	0.0214	0.0528	0.0528	56306	1417791	0.0381969436203995	A	G	FALSE	0	2.95739937487456e-20	0	0	0	0	0	3.93933e-164
rs1388599	12	40640160	5.321e-05	0.0657	0.0163	0.9021	0.0979	56306	1417791	0.0381969436203995	T	C	FALSE	0	1.28127637610623e-23	0	0	0	0	0	4.05244e-175
rs139485922	12	40621958	0.2447	-0.075	0.0645	0.012	0.012	36235	1316361	0.0267892260512378	T	C	FALSE	0	2.79472113654032e-26	0	0	0	0	0	2.02409e-175
rs139549144	12	40618714	7.419e-10	-0.1868	0.0303	0.976	0.024	56306	1417791	0.0381969436203995	C	G	FALSE	0	8.64702936252863e-19	0	0	0	0	0	0
rs140053619	12	40597536	0.00392	-0.1482	0.0514	0.0108	0.0108	56306	1417791	0.0381969436203995	T	C	FALSE	0	6.06387154444457e-25	0	0	0	0	0	9.11948e-174
rs140745175	12	40593012	0.006749	-0.0941	0.0347	0.9767	0.0233	56306	1417791	0.0381969436203995	T	C	FALSE	0	2.99526906556061e-25	0	0	0	0	0	5.66347e-173
rs140812745	12	40725258	1.413e-11	-0.2118	0.0314	0.9772	0.0228	56306	1417791	0.0381969436203995	T	C	FALSE	0	3.35791144878413e-17	0	0	0	0	0	0
rs141409298	12	40670594	1.057e-10	-0.1882	0.0291	0.9742	0.0258	56306	1417791	0.0381969436203995	A	C	FALSE	0	5.57081733207982e-18	0	0	0	0	0	0
rs141560291	12	40617759	0.2379	0.0762	0.0645	0.988	0.012	36235	1316361	0.0267892260512378	T	C	FALSE	0	2.85047137403881e-26	0	0	0	0	0	3.05579e-176
rs141979335	12	40653696	0.05598	0.0974	0.0509	0.9882	0.0118	36519	980404	0.0359112735182506	A	G	FALSE	0	6.79473466161965e-26	0	0	0	0	0	9.91578e-176
rs142152465	12	40648250	0.2908	0.0529	0.0501	0.0143	0.0143	56306	1417791	0.0381969436203995	A	T	FALSE	0	2.0265067610608e-26	0	0	0	0	0	1.01532e-174
rs1427263	12	40713834	0.1245	0.0151	0.0098	0.6551	0.3449	56306	1417791	0.0381969436203995	A	C	FALSE	0	7.89452830851093e-27	0	0	0	0	0	4.42766e-167
rs1427264	12	40712193	0.0002285	0.0349	0.0095	0.5498	0.4502	55137	1416823	0.0374582189733417	A	G	FALSE	0	1.96593714854929e-24	0	0	0	0	0	9.49497e-153
rs1427265	12	40711998	0.0001386	0.0357	0.0094	0.5499	0.4501	56306	1417791	0.0381969436203995	A	C	FALSE	0	3.09146371440337e-24	0	0	0	0	0	4.44761e-152
rs1427266	12	40708922	0.0001091	0.0362	0.0094	0.5502	0.4498	56306	1417791	0.0381969436203995	T	C	FALSE	0	3.78719425065863e-24	0	0	0	0	0	9.15016e-152
rs1427267	12	40708892	0.1269	-0.015	0.0098	0.3449	0.3449	56306	1417791	0.0381969436203995	T	C	FALSE	0	7.77207266662291e-27	0	0	0	0	0	2.61279e-174
rs144202154	12	40662691	7.323e-11	-0.201	0.0309	0.9762	0.0238	56306	1417791	0.0381969436203995	A	G	FALSE	0	7.09786655221194e-18	0	0	0	0	0	0
rs144326430	12	40644433	0.723	-0.0154	0.0434	0.0142	0.0142	56306	1417791	0.0381969436203995	T	G	FALSE	0	1.11155935301551e-26	0	0	0	0	0	5.47636e-176
rs144463374	12	40660880	0.00133	-0.084	0.0262	0.9642	0.0358000000000001	56306	1417791	0.0381969436203995	A	T	FALSE	0	1.00312238280204e-24	0	0	0	0	0	1.69814e-172
rs144547328	12	40605202	0.1344	0.117	0.0781	0.986	0.014	35345	1315724	0.0261607660304544	C	G	FALSE	0	4.75341731634629e-26	0	0	0	0	0	3.20728e-176
rs1463717	12	40647645	8.553e-10	0.1797	0.0293	0.0257	0.0257	56306	1417791	0.0381969436203995	T	G	FALSE	0	7.09496288870903e-19	0	0	0	0	0	0
rs146794882	12	40658053	0.5632	0.0145	0.025	0.9616	0.0384	56306	1417791	0.0381969436203995	T	C	FALSE	0	7.22471969880991e-27	0	0	0	0	0	3.55787e-176
rs146906071	12	40700956	2.058e-10	0.1853	0.0291	0.0259	0.0259	56306	1417791	0.0381969436203995	A	G	FALSE	0	2.97800384305815e-18	0	0	0	0	0	0
rs147015277	12	40678088	7.766e-11	-0.1917	0.0295	0.9745	0.0255	56306	1417791	0.0381969436203995	T	C	FALSE	0	6.79060391994358e-18	0	0	0	0	0	0
rs1472115	12	40617621	0.9569	-0.0029	0.0545	0.0107	0.0107	55137	1416823	0.0374582189733417	T	G	FALSE	0	1.29938564647042e-26	0	0	0	0	0	3.98226e-176
rs1472117	12	40616217	0.8607	0.0044	0.025	0.0579	0.0579	42598	1322509	0.0312048799105125	T	C	FALSE	0	6.2161195942101e-27	0	0	0	0	0	3.7488e-176
rs147831725	12	40650105	2.03e-10	0.1854	0.0292	0.0258	0.0258	56306	1417791	0.0381969436203995	A	G	FALSE	0	2.65736032089497e-18	0	0	0	0	0	0
rs147922178	12	40590585	0.07542	0.0738	0.0415	0.0163	0.0163	56306	1417791	0.0381969436203995	A	G	FALSE	0	4.56643120914656e-26	0	0	0	0	0	5.27429e-176
rs148217035	12	40625798	0.6995	0.0199	0.0514	0.0154	0.0154	23980	886090	0.0263496214576901	T	G	FALSE	0	1.31804378056223e-26	0	0	0	0	0	2.79412e-176
rs148547517	12	40640339	1.027e-09	-0.1885	0.0309	0.9761	0.0239	56306	1417791	0.0381969436203995	A	G	FALSE	0	5.88395316637502e-19	0	0	0	0	0	3.00206e-210
rs149124411	12	40610744	0.5548	0.029	0.0491	0.0155	0.0155	42598	1322509	0.0312048799105125	T	C	FALSE	0	1.38720676661698e-26	0	0	0	0	0	2.55425e-175
rs149161135	12	40663048	0.1898	-0.0935	0.0713	0.0122	0.0122	15558	878337	0.0174047287433088	A	G	FALSE	0	3.55423698155075e-26	0	0	0	0	0	7.79327e-175
rs1491922	12	40591173	1.203e-05	-0.044	0.0101	0.681	0.319	56306	1417791	0.0381969436203995	T	C	FALSE	0	3.21176703961559e-23	0	0	0	0	0	3.7217e-176
rs1491923	12	40591117	1.146e-06	-0.0485	0.01	0.6775	0.3225	56306	1417791	0.0381969436203995	A	G	FALSE	0	3.06823901222128e-22	0	0	0	0	0	7.14766e-176
rs1491924	12	40587930	2.506e-05	-0.0776	0.0184	0.9317	0.0683	56306	1417791	0.0381969436203995	T	C	FALSE	0	3.0560491735906e-23	0	0	0	0	0	6.40877e-175
rs1491932	12	40602224	1.291e-17	-0.0864	0.0101	0.3306	0.3306	56306	1417791	0.0381969436203995	T	G	FALSE	0	1.76288589730322e-11	0	0	0	0	0	5.01168e-168
rs1491934	12	40596166	6.312e-11	0.131	0.02	0.096	0.096	42598	1322509	0.0312048799105125	A	T	FALSE	0	8.22456210121699e-18	0	0	0	0	0	3.59347e-176
rs1491935	12	40596167	2.756e-07	0.0666	0.013	0.7157	0.2843	42598	1322509	0.0312048799105125	A	T	FALSE	0	1.51565925314794e-21	0	0	0	0	0	4.10849e-175
rs1491936	12	40650449	5.799e-16	-0.1049	0.013	0.851	0.149	56306	1417791	0.0381969436203995	T	C	FALSE	0	3.84469234870207e-13	0	0	0	0	0	6.21736e-176
rs1491938	12	40645630	1.083e-07	0.0503	0.0095	0.5816	0.4184	56306	1417791	0.0381969436203995	A	G	FALSE	0	2.77594427534606e-21	0	0	0	0	0	1.70868e-157
rs1491939	12	40645596	0.6597	-0.0089	0.0203	0.9431	0.0569	56306	1417791	0.0381969436203995	A	G	FALSE	0	5.48159507189236e-27	0	0	0	0	0	5.89351e-175
rs1491941	12	40620815	1.531e-12	0.0871	0.0123	0.6716	0.3284	42598	1322509	0.0312048799105125	A	G	FALSE	0	2.13397380272674e-16	0	0	0	0	0	1.6387e-143
rs1491942	12	40620808	1.254e-13	-0.1049	0.0142	0.7964	0.2036	42598	1322509	0.0312048799105125	C	G	FALSE	0	2.159542491786e-15	0	0	0	0	0	4.37308e-176
rs1491943	12	40620416	1.582e-08	0.121	0.0214	0.9472	0.0528	56306	1417791	0.0381969436203995	A	T	FALSE	0	3.83609648488621e-20	0	0	0	0	0	5.92734e-171
rs149331112	12	40674634	0.03149	0.0708	0.0329	0.0223	0.0223	56306	1417791	0.0381969436203995	T	C	FALSE	0	7.63545251459866e-26	0	0	0	0	0	6.53885e-175
rs149406366	12	40621156	6.271e-10	0.1874	0.0303	0.024	0.024	56306	1417791	0.0381969436203995	A	G	FALSE	0	9.74493730848216e-19	0	0	0	0	0	0
rs150082974	12	40628232	1.02e-11	0.175	0.0257	0.0402	0.0402	56306	1417791	0.0381969436203995	A	G	FALSE	0	5.05397580926935e-17	0	0	0	0	0	1.71777e-83
rs150540643	12	40622468	6.608e-10	0.1872	0.0303	0.024	0.024	56306	1417791	0.0381969436203995	A	C	FALSE	0	9.36389453949733e-19	0	0	0	0	0	0
rs150645252	12	40647956	5.568e-10	0.1971	0.0318	0.0237	0.0237	56306	1417791	0.0381969436203995	T	G	FALSE	0	1.06094699797408e-18	0	0	0	0	0	0
rs1602577	12	40585233	0.6049	0.0095	0.0184	0.076	0.076	55137	1416823	0.0374582189733417	A	G	FALSE	0	5.16071587357805e-27	0	0	0	0	0	3.90002e-176
rs1602578	12	40613997	0.7906	-0.0025	0.0094	0.5302	0.4698	56306	1417791	0.0381969436203995	T	G	FALSE	0	2.40047716009269e-27	0	0	0	0	0	8.51655e-176
rs17443178	12	40586065	8.305e-10	-0.1936	0.0315	0.9772	0.0228	56306	1417791	0.0381969436203995	A	T	FALSE	0	7.74857714018475e-19	0	0	0	0	0	0
rs17443185	12	40586107	4.307e-10	0.2093	0.0335	0.022	0.022	56306	1417791	0.0381969436203995	A	G	FALSE	0	1.4330996813159e-18	0	0	0	0	0	0
rs17443199	12	40586433	0.1157	-0.0182	0.0116	0.2113	0.2113	56306	1417791	0.0381969436203995	C	G	FALSE	0	9.74542649904625e-27	0	0	0	0	0	4.25936e-176
rs17443206	12	40587014	8.607e-10	0.1936	0.0316	0.0228	0.0228	56306	1417791	0.0381969436203995	T	C	FALSE	0	6.89864009669621e-19	0	0	0	0	0	0
rs17443234	12	40589829	0.5903	-0.0191	0.0355	0.022	0.022	56306	1417791	0.0381969436203995	T	G	FALSE	0	9.92554118500044e-27	0	0	0	0	0	3.92366e-176
rs17443304	12	40605204	0.8668	-0.0068	0.0404	0.9778	0.0222	30435	974587	0.0302829191798786	A	G	FALSE	0	9.90674041243573e-27	0	0	0	0	0	4.12861e-176
rs17443407	12	40644503	1.914e-07	-0.1091	0.021	0.0545	0.0545	56306	1417791	0.0381969436203995	T	C	FALSE	0	3.22969827718308e-21	0	0	0	0	0	5.11457e-167
rs17443414	12	40644752	2.004e-07	0.1089	0.0209	0.9455	0.0545	56306	1417791	0.0381969436203995	A	G	FALSE	0	3.48244252530487e-21	0	0	0	0	0	5.89259e-171
rs17443552	12	40656677	2.993e-16	0.1054	0.0129	0.1502	0.1502	56306	1417791	0.0381969436203995	A	C	FALSE	0	8.67397267752071e-13	0	0	0	0	0	1.87683e-07
rs17443600	12	40658867	1.025e-10	-0.1883	0.0291	0.9742	0.0258	56306	1417791	0.0381969436203995	A	T	FALSE	0	5.69342159191873e-18	0	0	0	0	0	0
rs17443607	12	40658964	0.1683	-0.0298	0.0216	0.0528	0.0528	56306	1417791	0.0381969436203995	T	G	FALSE	0	1.35770912236174e-26	0	0	0	0	0	1.67043e-174
rs17443656	12	40666737	3.357e-11	0.1967	0.0297	0.0254	0.0254	56306	1417791	0.0381969436203995	A	G	FALSE	0	1.51185056940897e-17	0	0	0	0	0	0
rs17443670	12	40669869	0.1816	-0.039	0.0292	0.0301	0.0301	56306	1417791	0.0381969436203995	A	T	FALSE	0	1.70767016610211e-26	0	0	0	0	0	5.52337e-175
rs17443815	12	40690061	5.008e-10	-0.058	0.0093	0.5238	0.4762	56306	1417791	0.0381969436203995	A	G	FALSE	0	6.13740352928119e-19	0	0	0	0	0	2.28553e-173
rs17443854	12	40703878	0.08926	-0.0433	0.0255	0.0388	0.0388	56306	1417791	0.0381969436203995	T	C	FALSE	0	2.57902222454901e-26	0	0	0	0	0	9.68685e-174
rs17443909	12	40707410	9.579e-07	-0.1816	0.0371	0.975	0.025	55137	1416823	0.0374582189733417	T	C	FALSE	0	9.64026002518348e-22	0	0	0	0	0	0
rs17443958	12	40711889	0.6219	-0.0246	0.0498	0.0116	0.0116	55137	1416823	0.0374582189733417	T	C	FALSE	0	1.33777539150614e-26	0	0	0	0	0	5.73388e-176
rs17444028	12	40715083	2.206e-10	0.185	0.0292	0.0259	0.0259	56306	1417791	0.0381969436203995	A	G	FALSE	0	2.44064786792185e-18	0	0	0	0	0	0
rs17444054	12	40716434	2.194e-10	-0.185	0.0292	0.9741	0.0259	56306	1417791	0.0381969436203995	A	G	FALSE	0	2.44064786792185e-18	0	0	0	0	0	0
rs17444068	12	40718775	0.04701	-0.0648	0.0326	0.9767	0.0233	56306	1417791	0.0381969436203995	T	C	FALSE	0	5.44008325774894e-26	0	0	0	0	0	2.19192e-175
rs17444075	12	40719339	0.07869	-0.0856	0.0487	0.0127	0.0127	56306	1417791	0.0381969436203995	T	G	FALSE	0	5.01962667636849e-26	0	0	0	0	0	1.24613e-175
rs17444089	12	40719806	0.0001586	-0.058	0.0154	0.1062	0.1062	56306	1417791	0.0381969436203995	C	G	FALSE	0	4.37053364840667e-24	0	0	0	0	0	4.11919e-167
rs17444103	12	40721159	2.53e-11	-0.2097	0.0314	0.9772	0.0228	56306	1417791	0.0381969436203995	T	C	FALSE	0	2.16677559504759e-17	0	0	0	0	0	0
rs17444124	12	40724494	1.644e-05	-0.0403	0.0093	0.5453	0.4547	56306	1417791	0.0381969436203995	A	C	FALSE	0	2.68585210071455e-23	0	0	0	0	0	8.98429e-175
rs17444145	12	40725880	0.527	0.0083	0.0131	0.1599	0.1599	56306	1417791	0.0381969436203995	T	C	FALSE	0	3.93969530553173e-27	0	0	0	0	0	1.61208e-175
rs17461575	12	40609580	8.076e-10	0.1863	0.0303	0.0238	0.0238	56306	1417791	0.0381969436203995	T	C	FALSE	0	7.82949957266941e-19	0	0	0	0	0	0
rs17461664	12	40651972	1.587e-10	0.1866	0.0292	0.0258	0.0258	56306	1417791	0.0381969436203995	T	G	FALSE	0	3.43372240728581e-18	0	0	0	0	0	0
rs17461720	12	40660487	0.1686	0.0298	0.0216	0.9472	0.0528	56306	1417791	0.0381969436203995	A	G	FALSE	0	1.35770912236174e-26	0	0	0	0	0	2.64482e-176
rs17465519	12	40583821	1.08e-06	-0.0661	0.0136	0.1454	0.1454	56306	1417791	0.0381969436203995	T	C	FALSE	0	4.27368205068424e-22	0	0	0	0	0	1.57423e-165
rs17465540	12	40587700	1.61e-06	0.0652	0.0136	0.8565	0.1435	56306	1417791	0.0381969436203995	A	G	FALSE	0	3.10961411816996e-22	0	0	0	0	0	2.68409e-173
rs17465610	12	40593919	5.062e-10	0.1903	0.0306	0.0238	0.0238	56306	1417791	0.0381969436203995	T	C	FALSE	0	1.19998747848174e-18	0	0	0	0	0	0
rs17465681	12	40606992	6.893e-09	0.1269	0.0219	0.0727	0.0727	42598	1322509	0.0312048799105125	A	G	FALSE	0	8.6065880576618e-20	0	0	0	0	0	3.99313e-63
rs17465737	12	40619757	0.446	0.0269	0.0353	0.9683	0.0317	42598	1322509	0.0312048799105125	T	C	FALSE	0	1.1369078850723e-26	0	0	0	0	0	3.20865e-176
rs17465751	12	40620881	1.341e-10	0.2103	0.0327	0.0334	0.0334	56306	1417791	0.0381969436203995	T	C	FALSE	0	4.45210916929738e-18	0	0	0	0	0	4.22032e-169
rs17465870	12	40653713	0.69	-0.0051	0.0127	0.1722	0.1722	56306	1417791	0.0381969436203995	T	C	FALSE	0	3.38945676505222e-27	0	0	0	0	0	8.88819e-175
rs17465877	12	40653971	0.9351	-0.0045	0.0547	0.0173	0.0173	35345	1315724	0.0261607660304544	A	G	FALSE	0	1.30621165676329e-26	0	0	0	0	0	2.65066e-176
rs17465898	12	40656164	0.09439	0.0519	0.031	0.9694	0.0306	56306	1417791	0.0381969436203995	A	G	FALSE	0	2.97096221739317e-26	0	0	0	0	0	3.73965e-176
rs17465912	12	40656395	2.062e-16	0.1045	0.0127	0.1531	0.1531	56306	1417791	0.0381969436203995	T	C	FALSE	0	1.37502747161548e-12	0	0	0	0	0	3.2325e-06
rs17465946	12	40658155	8.729e-11	0.1993	0.0307	0.0241	0.0241	56306	1417791	0.0381969436203995	A	G	FALSE	0	6.53485184383517e-18	0	0	0	0	0	0
rs17466016	12	40667663	9.199e-11	0.1888	0.0291	0.0258	0.0258	56306	1417791	0.0381969436203995	A	G	FALSE	0	6.34922631902359e-18	0	0	0	0	0	0
rs17466044	12	40675346	2.883e-05	-0.09	0.0215	0.9479	0.0521	56306	1417791	0.0381969436203995	A	G	FALSE	0	3.04694475757716e-23	0	0	0	0	0	3.55146e-171
rs17466150	12	40679254	4.29e-16	0.1033	0.0127	0.1534	0.1534	56306	1417791	0.0381969436203995	A	G	FALSE	0	6.36711039297317e-13	0	0	0	0	0	2.41529e-08
rs17466178	12	40682590	5.796e-05	-0.0617	0.0153	0.1074	0.1074	56306	1417791	0.0381969436203995	T	G	FALSE	0	1.22056142318132e-23	0	0	0	0	0	3.5288e-166
rs17466185	12	40684622	0.0002042	0.0588	0.0158	0.8969	0.1031	56306	1417791	0.0381969436203995	T	G	FALSE	0	3.78792393040877e-24	0	0	0	0	0	1.40515e-175
rs17466339	12	40712359	1.143e-12	0.0875	0.0123	0.1702	0.1702	56306	1417791	0.0381969436203995	T	C	FALSE	0	2.68567248673052e-16	0	0	0	0	0	2.02478e-75
rs17466360	12	40713219	0.4055	-0.0217	0.0261	0.0372	0.0372	56306	1417791	0.0381969436203995	T	C	FALSE	0	8.97196175178052e-27	0	0	0	0	0	4.01419e-175
rs17466430	12	40718000	4.693e-16	0.1029	0.0127	0.1541	0.1541	56306	1417791	0.0381969436203995	A	G	FALSE	0	4.93564857253489e-13	0	0	0	0	0	4.90958e-41
rs17466486	12	40722549	0.0003633	-0.0561	0.0157	0.1018	0.1018	56306	1417791	0.0381969436203995	A	C	FALSE	0	2.20022376409734e-24	0	0	0	0	0	1.00743e-167
rs17466521	12	40726567	3.34e-05	-0.0442	0.0107	0.7449	0.2551	56306	1417791	0.0381969436203995	C	G	FALSE	0	1.30580547194333e-23	0	0	0	0	0	3.08991e-176
rs17484003	12	40587521	4.96e-10	-0.1901	0.0306	0.9762	0.0238	56306	1417791	0.0381969436203995	T	C	FALSE	0	1.15328566532586e-18	0	0	0	0	0	0
rs17484286	12	40698686	0.7017	0.0061	0.0159	0.9015	0.0985	56306	1417791	0.0381969436203995	A	G	FALSE	0	4.20835544047231e-27	0	0	0	0	0	7.58533e-176
rs17484342	12	40717143	1.288e-10	0.186	0.0289	0.0263	0.0263	56306	1417791	0.0381969436203995	A	G	FALSE	0	4.56477594916698e-18	0	0	0	0	0	0
rs17490817	12	40656962	1.169e-07	-0.0988	0.0186	0.0685	0.0685	56306	1417791	0.0381969436203995	A	T	FALSE	0	5.4243817052771e-21	0	0	0	0	0	6.80238e-164
rs17491061	12	40694018	5.882e-16	-0.1028	0.0127	0.8464	0.1536	56306	1417791	0.0381969436203995	T	C	FALSE	0	4.63192733293334e-13	0	0	0	0	0	1.87199e-175
rs17519419	12	40606702	3.229e-08	-0.1178	0.0213	0.0532	0.0532	56306	1417791	0.0381969436203995	T	C	FALSE	0	1.93002987992532e-20	0	0	0	0	0	1.49668e-164
rs17519573	12	40635356	1.603e-16	0.0951	0.0115	0.1986	0.1986	56306	1417791	0.0381969436203995	A	G	FALSE	0	1.79117082431076e-12	0	0	0	0	0	1.31762e-40
rs17519846	12	40678341	6.212e-10	0.0577	0.0093	0.4758	0.4758	56306	1417791	0.0381969436203995	T	C	FALSE	0	5.02374503213506e-19	0	0	0	0	0	1.86842e-150
rs17519881	12	40682197	0.0001493	0.0608	0.016	0.8983	0.1017	56306	1417791	0.0381969436203995	C	G	FALSE	0	5.13716765791506e-24	0	0	0	0	0	1.70246e-175
rs17520251	12	40725204	3.627e-15	0.0998	0.0127	0.1545	0.1545	56306	1417791	0.0381969436203995	A	T	FALSE	0	7.09181544388589e-14	0	0	0	0	0	1.63453e-48
rs17520278	12	40726748	1.711e-15	-0.1008	0.0127	0.8453	0.1547	56306	1417791	0.0381969436203995	T	G	FALSE	0	1.31747903121728e-13	0	0	0	0	0	1.44113e-175
rs1817817	12	40627004	0.6766	0.0085	0.0204	0.0566	0.0566	56306	1417791	0.0381969436203995	A	G	FALSE	0	5.4577897672661e-27	0	0	0	0	0	4.80946e-176
rs184286273	12	40597426	0.06628	-0.0949	0.0517	0.9864	0.0135999999999999	42598	1322509	0.0312048799105125	T	C	FALSE	0	5.9922941232838e-26	0	0	0	0	0	5.09074e-175
rs1844921	12	40587702	0.5837	0.0052	0.0095	0.536	0.464	56306	1417791	0.0381969436203995	T	C	FALSE	0	2.71938621170194e-27	0	0	0	0	0	2.17854e-175
rs1844922	12	40583099	0.4048	0.0078	0.0094	0.5321	0.4679	56306	1417791	0.0381969436203995	T	G	FALSE	0	3.26706950896202e-27	0	0	0	0	0	1.18628e-175
rs186675266	12	40659658	0.4157	0.0259	0.0319	0.0343	0.0343	42598	1322509	0.0312048799105125	A	C	FALSE	0	1.07213922896795e-26	0	0	0	0	0	2.6614e-176
rs187455350	12	40639962	4.06e-06	-0.1701	0.0369	0.9749	0.0251	42598	1322509	0.0312048799105125	A	G	FALSE	0	2.59731538807661e-22	0	0	0	0	0	1.47636e-301
rs1896254	12	40713560	0.0001421	-0.0356	0.0094	0.4503	0.4503	56306	1417791	0.0381969436203995	T	G	FALSE	0	2.96948129894678e-24	0	0	0	0	0	1.28873e-175
rs1907630	12	40606552	0.00118	0.0489	0.0151	0.1069	0.1069	56306	1417791	0.0381969436203995	A	G	FALSE	0	6.83041756049782e-25	0	0	0	0	0	1.7538e-155
rs1907631	12	40606663	0.001364	-0.0486	0.0152	0.8939	0.1061	56306	1417791	0.0381969436203995	T	C	FALSE	0	6.02697612113e-25	0	0	0	0	0	2.6819e-175
rs1907632	12	40650502	2.447e-16	0.1044	0.0127	0.1529	0.1529	56306	1417791	0.0381969436203995	A	G	FALSE	0	1.2891391332842e-12	0	0	0	0	0	0.613332
rs1907633	12	40650351	2.822e-16	0.1042	0.0127	0.1529	0.1529	56306	1417791	0.0381969436203995	T	C	FALSE	0	1.13333181588358e-12	0	0	0	0	0	0.185555
rs1907634	12	40614320	0.8114	0.0048	0.0203	0.0576	0.0576	56306	1417791	0.0381969436203995	A	G	FALSE	0	5.12401600408299e-27	0	0	0	0	0	3.54425e-176
rs190894308	12	40592628	2.023e-06	-0.1802	0.0379	0.9762	0.0238	42598	1322509	0.0312048799105125	A	G	FALSE	0	5.03554304538974e-22	0	0	0	0	0	0
rs193241156	12	40584339	0.4563	-0.0407	0.0546	0.016	0.016	35345	1315724	0.0261607660304544	T	C	FALSE	0	1.68343514789278e-26	0	0	0	0	0	1.2171e-175
rs2046928	12	40652394	6.457e-05	0.062	0.0155	0.8939	0.1061	56306	1417791	0.0381969436203995	A	G	FALSE	0	1.08384487112139e-23	0	0	0	0	0	2.90782e-175
rs2046931	12	40589107	8.986e-07	0.049	0.01	0.3225	0.3225	56306	1417791	0.0381969436203995	A	G	FALSE	0	3.91277143573337e-22	0	0	0	0	0	7.5916e-146
rs2114568	12	40712620	0.0001471	0.0359	0.0095	0.5503	0.4497	56306	1417791	0.0381969436203995	A	G	FALSE	0	2.90760527143412e-24	0	0	0	0	0	3.43605e-152
rs2114569	12	40712575	0.0001449	-0.036	0.0095	0.4503	0.4503	56306	1417791	0.0381969436203995	A	C	FALSE	0	3.02549263857088e-24	0	0	0	0	0	1.26427e-175
rs2131079	12	40605127	0.003214	0.1643	0.0558	0.0252	0.0252	33674	449056	0.0697574213328362	A	T	FALSE	0	7.40170648958328e-25	0	0	0	0	0	0
rs2131080	12	40605128	0.003215	0.1643	0.0558	0.0252	0.0252	33674	449056	0.0697574213328362	T	C	FALSE	0	7.40170648958328e-25	0	0	0	0	0	0
rs2131086	12	40600942	0.0288	0.0207	0.0095	0.5752	0.4248	56306	1417791	0.0381969436203995	T	C	FALSE	0	2.50155865358046e-26	0	0	0	0	0	1.93036e-173
rs2131088	12	40629554	0.6518	-0.0102	0.0226	0.9448	0.0552	56306	1417791	0.0381969436203995	A	T	FALSE	0	6.12845295441596e-27	0	0	0	0	0	2.49533e-175
rs2162469	12	40713003	0.0001547	0.0355	0.0094	0.5513	0.4487	56306	1417791	0.0381969436203995	A	G	FALSE	0	2.8526341560312e-24	0	0	0	0	0	3.309e-152
rs2172240	12	40604821	0.001848	0.0468	0.015	0.1087	0.1087	56306	1417791	0.0381969436203995	A	C	FALSE	0	4.66843049854735e-25	0	0	0	0	0	3.00212e-156
rs2172241	12	40606001	0.001259	0.0485	0.015	0.1072	0.1072	56306	1417791	0.0381969436203995	T	C	FALSE	0	6.67808559128762e-25	0	0	0	0	0	1.46284e-155
rs2201141	12	40607098	8.015e-18	0.0858	0.01	0.6699	0.3301	56306	1417791	0.0381969436203995	A	G	FALSE	0	2.17527814796727e-11	0	0	0	0	0	1.59312e-135
rs2201144	12	40610863	0.7666	-0.0059	0.02	0.9399	0.0601	56306	1417791	0.0381969436203995	T	C	FALSE	0	5.12746399621728e-27	0	0	0	0	0	6.7617e-176
rs2263418	12	40582993	5.409e-20	0.1343	0.0147	0.1104	0.1104	56306	1417791	0.0381969436203995	A	G	FALSE	0	3.85316489952028e-09	0	0	0	0	0	4.39481e-150
rs2263419	12	40605916	1.101e-17	0.0854	0.01	0.6697	0.3303	56306	1417791	0.0381969436203995	A	G	FALSE	0	1.54590640128149e-11	0	0	0	0	0	6.02105e-136
rs2263420	12	40606007	1.049e-17	0.0855	0.01	0.67	0.33	56306	1417791	0.0381969436203995	T	C	FALSE	0	1.68345345849359e-11	0	0	0	0	0	7.115e-136
rs2279535	12	40603316	4.754e-18	-0.0864	0.01	0.3298	0.3298	56306	1417791	0.0381969436203995	T	C	FALSE	0	3.64176429695003e-11	0	0	0	0	0	8.58357e-168
rs2404580	12	40639561	1.104e-07	-0.0503	0.0095	0.4185	0.4185	56306	1417791	0.0381969436203995	A	G	FALSE	0	2.77594427534606e-21	0	0	0	0	0	2.11202e-174
rs2404581	12	40639901	2.57e-12	0.067	0.0096	0.6036	0.3964	56306	1417791	0.0381969436203995	T	C	FALSE	0	8.44803658964472e-17	0	0	0	0	0	2.9412e-139
rs2404832	12	40722452	0.003098	-0.0287	0.0097	0.647	0.353	56306	1417791	0.0381969436203995	A	G	FALSE	0	1.88404356648092e-25	0	0	0	0	0	6.77768e-170
rs2404833	12	40722457	0.8276	-0.0059	0.0269	0.9683	0.0317	56306	1417791	0.0381969436203995	A	G	FALSE	0	6.73663147592102e-27	0	0	0	0	0	6.45387e-172
rs2638230	12	40604075	1.208e-16	-0.0828	0.01	0.3334	0.3334	56306	1417791	0.0381969436203995	T	G	FALSE	0	1.74551277551001e-12	0	0	0	0	0	6.41671e-169
rs2638233	12	40594722	4.345e-17	0.0841	0.01	0.6688	0.3312	56306	1417791	0.0381969436203995	A	C	FALSE	0	5.15101099466006e-12	0	0	0	0	0	1.10852e-137
rs2638272	12	40609883	4.46e-18	0.0867	0.01	0.6694	0.3306	56306	1417791	0.0381969436203995	A	G	FALSE	0	4.71840469892486e-11	0	0	0	0	0	5.43329e-134
rs2708418	12	40592225	3.631e-16	-0.0818	0.01	0.3315	0.3315	56306	1417791	0.0381969436203995	A	G	FALSE	0	7.68050905925087e-13	0	0	0	0	0	7.76659e-169
rs2708419	12	40592388	3.205e-16	0.0815	0.01	0.663	0.337	56306	1417791	0.0381969436203995	T	C	FALSE	0	6.01554334248567e-13	0	0	0	0	0	2.66443e-139
rs2708420	12	40592501	1.024e-11	0.0839	0.0123	0.6664	0.3336	42598	1322509	0.0312048799105125	T	G	FALSE	0	3.52167892697233e-17	0	0	0	0	0	7.28663e-146
rs2708421	12	40593403	0.05525	0.0182	0.0095	0.5705	0.4295	56306	1417791	0.0381969436203995	T	C	FALSE	0	1.46132816466931e-26	0	0	0	0	0	9.00579e-174
rs2708422	12	40593676	1.234e-16	-0.0829	0.01	0.3325	0.3325	56306	1417791	0.0381969436203995	T	C	FALSE	0	1.89589639465291e-12	0	0	0	0	0	1.49013e-168
rs2708424	12	40594570	2.934e-17	0.0846	0.01	0.6692	0.3308	56306	1417791	0.0381969436203995	T	C	FALSE	0	7.84511668136694e-12	0	0	0	0	0	2.33385e-137
rs2708426	12	40598871	0.001387	0.0482	0.0151	0.1071	0.1071	56306	1417791	0.0381969436203995	T	C	FALSE	0	5.88955319813487e-25	0	0	0	0	0	2.52682e-156
rs2708435	12	40614656	1.907e-18	-0.0878	0.01	0.331	0.331	56306	1417791	0.0381969436203995	A	G	FALSE	0	1.22905093063307e-10	0	0	0	0	0	5.09095e-168
rs2708436	12	40614746	0.809	0.0049	0.0203	0.0576	0.0576	56306	1417791	0.0381969436203995	A	G	FALSE	0	5.12998858173827e-27	0	0	0	0	0	3.53332e-176
rs2708438	12	40615432	0.777	-0.0058	0.0206	0.9432	0.0568	56306	1417791	0.0381969436203995	A	G	FALSE	0	5.25934758744026e-27	0	0	0	0	0	6.59729e-176
rs2708441	12	40625167	0.6798	0.0084	0.0204	0.0567	0.0567	56306	1417791	0.0381969436203995	A	C	FALSE	0	5.44683301550392e-27	0	0	0	0	0	4.69447e-176
rs2708447	12	40649134	0.6175	0.0201	0.0403	0.02	0.02	55137	1416823	0.0374582189733417	T	C	FALSE	0	1.09874245275201e-26	0	0	0	0	0	3.30995e-176
rs2723259	12	40600696	8.482e-18	0.0857	0.01	0.6695	0.3305	56306	1417791	0.0381969436203995	A	G	FALSE	0	1.99694873058355e-11	0	0	0	0	0	3.06868e-136
rs2723260	12	40601708	0.001233	0.0486	0.015	0.107	0.107	56306	1417791	0.0381969436203995	T	G	FALSE	0	6.82292619057504e-25	0	0	0	0	0	8.99513e-156
rs2723264	12	40652520	0.01549	-0.0292	0.0121	0.1946	0.1946	55137	1416823	0.0374582189733417	T	C	FALSE	0	5.42365425654612e-26	0	0	0	0	0	3.19329e-176
rs2723268	12	40628586	0.6511	-0.0092	0.0204	0.9435	0.0565	56306	1417791	0.0381969436203995	T	G	FALSE	0	5.53879365087874e-27	0	0	0	0	0	2.36896e-175
rs2723269	12	40629787	0.5792	-0.0113	0.0204	0.9438	0.0562	56306	1417791	0.0381969436203995	A	T	FALSE	0	5.82970871237982e-27	0	0	0	0	0	3.25292e-175
rs2723270	12	40631727	0.6195	0.0135	0.0271	0.9686	0.0314	56306	1417791	0.0381969436203995	T	G	FALSE	0	7.4861256847099e-27	0	0	0	0	0	5.5641e-176
rs28365207	12	40616414	2.097e-08	0.12	0.0214	0.9472	0.0528	56306	1417791	0.0381969436203995	A	G	FALSE	0	2.95739937487456e-20	0	0	0	0	0	5.67524e-171
rs28365224	12	40690944	1.442e-07	-0.0977	0.0186	0.0686	0.0686	56306	1417791	0.0381969436203995	A	G	FALSE	0	3.97963864496516e-21	0	0	0	0	0	4.20362e-164
rs28365229	12	40727145	1.638e-11	0.2018	0.03	0.0243	0.0243	56306	1417791	0.0381969436203995	T	C	FALSE	0	2.97777580479945e-17	0	0	0	0	0	0
rs2896975	12	40706375	0.111	0.0158	0.0099	0.6612	0.3388	56306	1417791	0.0381969436203995	T	G	FALSE	0	8.69296581704042e-27	0	0	0	0	0	6.63864e-167
rs2896976	12	40727924	0.8186	0.0062	0.0269	0.0317	0.0317	56306	1417791	0.0381969436203995	A	G	FALSE	0	6.75324889888645e-27	0	0	0	0	0	7.1488e-171
rs33958906	12	40707861	0.0002578	-0.1106	0.0303	0.0303	0.0303	56306	1417791	0.0381969436203995	T	C	FALSE	0	4.97884038388648e-24	0	0	0	0	0	3.41227e-170
rs35124455	12	40695791	0.1955	0.0132	0.0102	0.698	0.302	56306	1417791	0.0381969436203995	T	G	FALSE	0	5.79536928254529e-27	0	0	0	0	0	3.35684e-175
rs35303786	12	40713899	7.33e-05	-0.1674	0.0422	0.984	0.016	56306	1417791	0.0381969436203995	T	C	FALSE	0	1.90325909126936e-23	0	0	0	0	0	1.0387e-170
rs36212067	12	40677599	1.241e-10	-0.1877	0.0292	0.9743	0.0256999999999999	56306	1417791	0.0381969436203995	A	G	FALSE	0	4.34945232008372e-18	0	0	0	0	0	0
rs36220738	12	40677655	7.671e-11	0.1917	0.0295	0.0255	0.0255	56306	1417791	0.0381969436203995	T	C	FALSE	0	6.79060391994358e-18	0	0	0	0	0	0
rs36220743	12	40691911	0.7418	0.0288	0.0874	0.99	0.01	15558	878337	0.0174047287433088	T	G	FALSE	0	2.06862673655242e-26	0	0	0	0	0	2.70085e-176
rs3747891	12	40718883	7.29e-07	0.0922	0.0186	0.9313	0.0687	56306	1417791	0.0381969436203995	T	C	FALSE	0	8.91044757603848e-22	0	0	0	0	0	1.11669e-167
rs41286474	12	40704557	0.0001356	0.0585	0.0153	0.8937	0.1063	56306	1417791	0.0381969436203995	T	C	FALSE	0	5.39305329912329e-24	0	0	0	0	0	1.82982e-175
rs4272849	12	40670801	4.8e-10	0.0584	0.0094	0.4715	0.4715	56306	1417791	0.0381969436203995	T	C	FALSE	0	5.34622363424813e-19	0	0	0	0	0	3.95275e-150
rs4291738	12	40611618	2.273e-08	-0.1196	0.0214	0.0528	0.0528	56306	1417791	0.0381969436203995	T	G	FALSE	0	2.66674005241114e-20	0	0	0	0	0	3.22076e-164
rs4293189	12	40657225	9.339e-10	0.0572	0.0094	0.4837	0.4837	56306	1417791	0.0381969436203995	A	G	FALSE	0	2.44281253076863e-19	0	0	0	0	0	3.92865e-151
rs4310676	12	40679871	0.001248	-0.0323	0.01	0.3239	0.3239	56306	1417791	0.0381969436203995	A	G	FALSE	0	4.48339360756682e-25	0	0	0	0	0	3.93053e-176
rs4318033	12	40680941	3.995e-07	0.0954	0.0188	0.9321	0.0679	56306	1417791	0.0381969436203995	A	G	FALSE	0	1.61133851031247e-21	0	0	0	0	0	7.17399e-173
rs4423250	12	40715590	0.0001402	-0.0585	0.0154	0.1065	0.1065	56306	1417791	0.0381969436203995	T	C	FALSE	0	4.93804089221682e-24	0	0	0	0	0	5.38992e-167
rs4465428	12	40728191	0.5539	0.0083	0.0141	0.8704	0.1296	56306	1417791	0.0381969436203995	A	C	FALSE	0	4.12418008214028e-27	0	0	0	0	0	3.53139e-171
rs4473003	12	40681057	0.546	0.0084	0.014	0.8698	0.1302	56306	1417791	0.0381969436203995	T	C	FALSE	0	4.12269885685924e-27	0	0	0	0	0	1.48477e-171
rs4483664	12	40687654	0.001312	-0.0322	0.01	0.3234	0.3234	56306	1417791	0.0381969436203995	A	G	FALSE	0	4.34145994888298e-25	0	0	0	0	0	3.98944e-176
rs4567538	12	40621904	6.901e-18	-0.0868	0.0101	0.3266	0.3266	56306	1417791	0.0381969436203995	T	C	FALSE	0	2.4735711964937e-11	0	0	0	0	0	1.96384e-133
rs4628750	12	40670056	9.915e-11	-0.1884	0.0291	0.9742	0.0258	56306	1417791	0.0381969436203995	A	G	FALSE	0	5.81879145330788e-18	0	0	0	0	0	0
rs4767965	12	40592340	2.926e-10	0.1929	0.0306	0.0237	0.0237	56306	1417791	0.0381969436203995	A	G	FALSE	0	2.01810628582786e-18	0	0	0	0	0	0
rs4767967	12	40597869	0.8836	-0.0014	0.0094	0.5325	0.4675	56306	1417791	0.0381969436203995	T	C	FALSE	0	2.3430309072275e-27	0	0	0	0	0	8.18517e-175
rs4767969	12	40709624	0.0001066	0.0364	0.0094	0.5492	0.4508	56306	1417791	0.0381969436203995	T	G	FALSE	0	4.11076119429636e-24	0	0	0	0	0	1.24254e-151
rs4768221	12	40597545	0.896	-0.0012	0.0094	0.5339	0.4661	56306	1417791	0.0381969436203995	T	G	FALSE	0	2.33616180520643e-27	0	0	0	0	0	7.36157e-175
rs4768224	12	40661403	0.002452	-0.0307	0.0101	0.3125	0.3125	56306	1417791	0.0381969436203995	A	T	FALSE	0	2.49604903413286e-25	0	0	0	0	0	4.64778e-176
rs4768226	12	40688497	1.829e-10	0.1873	0.0294	0.0256	0.0256	56306	1417791	0.0381969436203995	T	C	FALSE	0	3.03978898681032e-18	0	0	0	0	0	0
rs4768227	12	40709499	9.883e-05	-0.0365	0.0094	0.4505	0.4505	56306	1417791	0.0381969436203995	T	G	FALSE	0	4.28349382240433e-24	0	0	0	0	0	1.07467e-175
rs4768228	12	40711447	2.277e-10	0.1849	0.0292	0.0259	0.0259	56306	1417791	0.0381969436203995	T	G	FALSE	0	2.38935820400086e-18	0	0	0	0	0	0
rs4768229	12	40715248	0.0001345	-0.0358	0.0094	0.4502	0.4502	56306	1417791	0.0381969436203995	T	C	FALSE	0	3.21882046959721e-24	0	0	0	0	0	1.25342e-175
rs4768230	12	40715302	0.2799	-0.0136	0.0125	0.2987	0.2987	42598	1322509	0.0312048799105125	A	G	FALSE	0	5.55179177584366e-27	0	0	0	0	0	7.55059e-171
rs5006481	12	40687698	0.4423	-0.0247	0.0321	0.1722	0.1722	15056	12637	0.543675297006464	T	C	FALSE	0	1.04386905674326e-26	0	0	0	0	0	7.8178e-176
rs534186648	12	40696002	0.2239	0.1254	0.1031	0.9877	0.0123	32505	448088	0.0676351923561101	A	G	FALSE	0	4.05701971324504e-26	0	0	0	0	0	2.59658e-176
rs56325408	12	40685846	2.304e-07	-0.0965	0.0187	0.068	0.068	56306	1417791	0.0381969436203995	T	C	FALSE	0	2.48195484608568e-21	0	0	0	0	0	2.01994e-164
rs60776971	12	40728428	1.609e-15	0.101	0.0127	0.1551	0.1551	56306	1417791	0.0381969436203995	C	G	FALSE	0	1.49232284445206e-13	0	0	0	0	0	1.21646e-46
rs61007767	12	40728298	1.132e-15	-0.1014	0.0127	0.8451	0.1549	56306	1417791	0.0381969436203995	A	G	FALSE	0	1.91612023029717e-13	0	0	0	0	0	1.66967e-175
rs6581593	12	40602765	2.004e-15	0.1403	0.0177	0.0716	0.0716	56306	1417791	0.0381969436203995	T	C	FALSE	0	1.49965106770018e-13	0	0	0	0	0	3.90667e-30
rs6581622	12	40634158	1.144e-14	0.0799	0.0103	0.7084	0.2916	56306	1417791	0.0381969436203995	T	C	FALSE	0	2.73492832546993e-14	0	0	0	0	0	1.8684e-170
rs7132073	12	40711094	0.0002146	0.0574	0.0155	0.8936	0.1064	56306	1417791	0.0381969436203995	A	T	FALSE	0	3.47941812733983e-24	0	0	0	0	0	1.41889e-175
rs7132171	12	40649749	1.806e-08	0.0537	0.0095	0.5809	0.4191	56306	1417791	0.0381969436203995	C	G	FALSE	0	1.96010608344511e-20	0	0	0	0	0	5.98517e-158
rs7133914	12	40702911	3.319e-07	-0.0943	0.0185	0.0692	0.0692	56306	1417791	0.0381969436203995	A	G	FALSE	0	1.78564447440288e-21	0	0	0	0	0	3.72936e-171
rs7134379	12	40644874	4.116e-08	-0.0573	0.0104	0.2819	0.2819	56306	1417791	0.0381969436203995	T	C	FALSE	0	9.60917013436627e-21	0	0	0	0	0	7.34701e-154
rs7134572	12	40673368	0.5324	0.0087	0.014	0.8699	0.1301	56306	1417791	0.0381969436203995	A	G	FALSE	0	4.17673956425581e-27	0	0	0	0	0	1.40155e-171
rs7136502	12	40617231	0.0002607	-0.1622	0.0444	0.9865	0.0135	55537	1417596	0.0376999225460294	A	G	FALSE	0	6.18144683873384e-24	0	0	0	0	0	3.86372e-175
rs7137160	12	40706604	0.0001175	-0.0361	0.0094	0.4502	0.4502	56306	1417791	0.0381969436203995	T	C	FALSE	0	3.63570645469531e-24	0	0	0	0	0	1.18524e-175
rs7137665	12	40716015	0.1298	0.0149	0.0098	0.6547	0.3453	56306	1417791	0.0381969436203995	T	C	FALSE	0	7.65231132423592e-27	0	0	0	0	0	3.70742e-167
rs721709	12	40709413	0.1275	0.015	0.0098	0.6552	0.3448	56306	1417791	0.0381969436203995	A	T	FALSE	0	7.77207266662291e-27	0	0	0	0	0	3.84268e-167
rs721712	12	40709318	0.0001639	0.0354	0.0094	0.5493	0.4507	56306	1417791	0.0381969436203995	A	G	FALSE	0	2.74069434411753e-24	0	0	0	0	0	3.15055e-152
rs721713	12	40709185	0.0003412	-0.0344	0.0096	0.4504	0.4504	56306	1417791	0.0381969436203995	A	G	FALSE	0	1.43191174179873e-24	0	0	0	0	0	2.04633e-175
rs72546318	12	40671576	0.653	-0.025	0.0556	0.9882	0.0118	42598	1322509	0.0312048799105125	T	C	FALSE	0	1.45206275787613e-26	0	0	0	0	0	4.16645e-176
rs72547975	12	40698193	0.3192	0.0681	0.0683	0.9898	0.0102	22811	885122	0.0251241005668921	A	T	FALSE	0	2.48955343564106e-26	0	0	0	0	0	2.89598e-176
rs72547977	12	40708322	4.295e-11	0.2029	0.0308	0.0239	0.0239	56306	1417791	0.0381969436203995	A	G	FALSE	0	1.20524231715642e-17	0	0	0	0	0	0
rs7294619	12	40617202	7.745e-20	-0.1276	0.014	0.8783	0.1217	56306	1417791	0.0381969436203995	T	C	FALSE	0	3.07537385431514e-09	2	1	2	1	0	1
rs7298930	12	40719500	0.0001249	-0.0359	0.0094	0.4503	0.4503	56306	1417791	0.0381969436203995	A	C	FALSE	0	3.3518023246248e-24	0	0	0	0	0	1.19358e-175
rs7302503	12	40706531	0.1283	0.0149	0.0098	0.6549	0.3451	56306	1417791	0.0381969436203995	A	G	FALSE	0	7.65231132423592e-27	0	0	0	0	0	3.67417e-167
rs7305344	12	40702846	0.01617	-0.0292	0.0122	0.3467	0.3467	42598	1322509	0.0312048799105125	A	T	FALSE	0	5.21443903805032e-26	0	0	0	0	0	2.13085e-175
rs7307562	12	40724960	0.03297	-0.0209	0.0098	0.399	0.399	56306	1417791	0.0381969436203995	T	G	FALSE	0	2.33503790093976e-26	0	0	0	0	0	3.75932e-175
rs7308193	12	40665227	0.00132	0.0322	0.01	0.6754	0.3246	56306	1417791	0.0381969436203995	C	G	FALSE	0	4.34145994888298e-25	0	0	0	0	0	1.08723e-161
rs7308720	12	40657700	8.654e-08	0.0997	0.0186	0.9314	0.0686	56306	1417791	0.0381969436203995	C	G	FALSE	0	7.00682402011843e-21	0	0	0	0	0	2.84922e-172
rs7309197	12	40673260	5.714e-10	0.0579	0.0093	0.4759	0.4759	56306	1417791	0.0381969436203995	A	T	FALSE	0	5.74048884665989e-19	0	0	0	0	0	7.28523e-150
rs7310104	12	40588590	9.169e-07	0.0491	0.01	0.3228	0.3228	56306	1417791	0.0381969436203995	A	G	FALSE	0	4.10897502106155e-22	0	0	0	0	0	6.89792e-146
rs73102251	12	40585642	0.08625	0.0733	0.0427	0.9503	0.0497	47382	544338	0.0800750354897587	A	T	FALSE	0	4.21762114640219e-26	0	0	0	0	0	3.15761e-176
rs73102291	12	40607510	0.07545	-0.0274	0.0154	0.136	0.136	56306	1417791	0.0381969436203995	A	G	FALSE	0	1.82774537435221e-26	0	0	0	0	0	5.44155e-176
rs73102733	12	40683136	0.08712	0.0816	0.0477	0.9851	0.0149	37688	981372	0.0369831020744608	A	G	FALSE	0	4.5719413773106e-26	0	0	0	0	0	3.89052e-176
rs73102738	12	40686245	0.005635	-0.0808	0.0292	0.0547	0.0547	42598	1322509	0.0312048799105125	A	C	FALSE	0	3.02770776366387e-25	0	0	0	0	0	5.28541e-171
rs73102746	12	40689889	6.194e-05	0.0614	0.0153	0.8927	0.1073	56306	1417791	0.0381969436203995	T	C	FALSE	0	1.12850072195414e-23	0	0	0	0	0	2.74788e-175
rs73106354	12	40643071	0.01733	0.0562	0.0236	0.9361	0.0639	56306	1417791	0.0381969436203995	A	G	FALSE	0	9.4783453156569e-26	0	0	0	0	0	3.52644e-176
rs73108329	12	40661053	1.219e-07	0.0989	0.0187	0.9321	0.0679	56306	1417791	0.0381969436203995	A	T	FALSE	0	4.8248133887372e-21	0	0	0	0	0	1.85415e-172
rs73108339	12	40665920	3.897e-07	-0.0992	0.0196	0.0631	0.0631	56306	1417791	0.0381969436203995	T	C	FALSE	0	1.55608199095215e-21	0	0	0	0	0	8.75054e-165
rs73108368	12	40677584	2.295e-07	-0.0966	0.0187	0.0678	0.0678	56306	1417791	0.0381969436203995	T	G	FALSE	0	2.55082638685035e-21	0	0	0	0	0	2.05419e-164
rs7312696	12	40695851	0.8455	0.0052	0.0267	0.0336	0.0336	56306	1417791	0.0381969436203995	C	G	FALSE	0	6.65412053170865e-27	0	0	0	0	0	5.50546e-171
rs7313276	12	40659649	0.0005785	-0.0515	0.015	0.1136	0.1136	56306	1417791	0.0381969436203995	T	G	FALSE	0	1.29587210387366e-24	0	0	0	0	0	2.7767e-170
rs732374	12	40643468	0.191	-0.0125	0.0096	0.384	0.384	56306	1417791	0.0381969436203995	T	C	FALSE	0	5.51320811970195e-27	0	0	0	0	0	4.97202e-168
rs73275761	12	40725593	2.252e-15	-0.1009	0.0127	0.8459	0.1541	56306	1417791	0.0381969436203995	C	G	FALSE	0	1.40213503271883e-13	0	0	0	0	0	1.40094e-175
rs74324737	12	40625081	8.335e-19	0.1246	0.0141	0.1216	0.1216	56306	1417791	0.0381969436203995	A	G	FALSE	0	2.59253452162717e-10	4	1	4	1	0	0
rs7488873	12	40674594	0.001193	-0.0327	0.0101	0.3212	0.3212	56306	1417791	0.0381969436203995	T	C	FALSE	0	4.63963557177277e-25	0	0	0	0	0	3.8814e-176
rs74978589	12	40688286	0.001234	-0.1754	0.0543	0.0211	0.0211	35345	1315724	0.0261607660304544	T	C	FALSE	0	1.66682598606829e-24	0	0	0	0	0	5.78824e-172
rs75083520	12	40673513	0.001002	-0.0864	0.0263	0.9494	0.0506	42598	1322509	0.0312048799105125	A	T	FALSE	0	1.29493768088419e-24	0	0	0	0	0	2.58608e-168
rs75143074	12	40623324	1.087e-09	-0.1928	0.0316	0.9773	0.0227000000000001	56306	1417791	0.0381969436203995	A	C	FALSE	0	5.93170270518142e-19	0	0	0	0	0	0
rs75519193	12	40583140	8.1e-10	0.1937	0.0315	0.0228	0.0228	56306	1417791	0.0381969436203995	A	G	FALSE	0	7.89755388147791e-19	0	0	0	0	0	0
rs76033741	12	40685285	0.0003523	-0.0539	0.0151	0.1125	0.1125	56306	1417791	0.0381969436203995	T	C	FALSE	0	2.09500445070932e-24	0	0	0	0	0	1.53247e-170
rs76180339	12	40589206	2.143e-12	0.1139	0.0162	0.0881	0.0881	56306	1417791	0.0381969436203995	T	C	FALSE	0	1.8395029869673e-16	0	0	0	0	0	5.70507e-91
rs76339482	12	40685827	0.2317	-0.047	0.0393	0.0178	0.0178	56306	1417791	0.0381969436203995	T	C	FALSE	0	1.89459659116109e-26	0	0	0	0	0	1.67692e-175
rs76434788	12	40684692	0.2612	0.0336	0.0299	0.9699	0.0301	56306	1417791	0.0381969436203995	A	G	FALSE	0	1.35336293566526e-26	0	0	0	0	0	2.66568e-176
rs76664306	12	40604939	1.856e-09	0.1901	0.0316	0.0227	0.0227	56306	1417791	0.0381969436203995	A	G	FALSE	0	3.57962841601845e-19	0	0	0	0	0	0
rs76826991	12	40605526	7.141e-15	0.1382	0.0178	0.0713	0.0713	56306	1417791	0.0381969436203995	T	C	FALSE	0	4.24504489835392e-14	0	0	0	0	0	5.39076e-28
rs76904798	12	40614434	1.524e-28	0.1439	0.013	0.1444	0.1444	56306	1417791	0.0381969436203995	T	C	TRUE	1	0.999999979441377	1	1	1	1	0	1
rs76906269	12	40607709	1.61e-09	-0.1906	0.0316	0.9773	0.0227000000000001	56306	1417791	0.0381969436203995	A	G	FALSE	0	3.92846917564367e-19	0	0	0	0	0	0
rs77184916	12	40584452	0.2684	-0.0344	0.0311	0.0293	0.0293	56306	1417791	0.0381969436203995	A	C	FALSE	0	1.37815411343771e-26	0	0	0	0	0	1.18219e-175
rs78583245	12	40622804	0.007239	0.314	0.1169	0.011	0.011	26826	106756	0.200820469823779	T	C	FALSE	0	3.66493244612973e-25	0	0	0	0	0	6.23534e-172
rs78713787	12	40584364	0.559	0.0322	0.0551	0.9878	0.0122	36519	980404	0.0359112735182506	T	C	FALSE	0	1.53644140555033e-26	0	0	0	0	0	3.13089e-176
rs78774467	12	40711634	0.4936	0.0177	0.0259	0.0353	0.0353	56306	1417791	0.0381969436203995	T	C	FALSE	0	7.97542101131094e-27	0	0	0	0	0	2.82129e-176
rs79400217	12	40690517	6.579e-05	0.0808	0.0203	0.06	0.06	56306	1417791	0.0381969436203995	A	C	FALSE	0	1.2668439279392e-23	0	0	0	0	0	2.76087e-128
rs79410089	12	40592064	5.989e-14	-0.1305	0.0174	0.9223	0.0777	56306	1417791	0.0381969436203995	T	G	FALSE	0	5.67557729518309e-15	0	0	0	0	0	3.97994e-176
rs7953822	12	40685160	0.7721	-0.0079	0.0272	0.9671	0.0329	55137	1416823	0.0374582189733417	A	G	FALSE	0	6.93262089497856e-27	0	0	0	0	0	1.21799e-172
rs7955902	12	40645257	0.171	-0.0131	0.0096	0.3836	0.3836	56306	1417791	0.0381969436203995	A	C	FALSE	0	5.9911804587942e-27	0	0	0	0	0	7.72727e-168
rs7955967	12	40680814	0.9283	0.0024	0.0269	0.0316	0.0316	56306	1417791	0.0381969436203995	T	C	FALSE	0	6.60511087388934e-27	0	0	0	0	0	7.2884e-172
rs7957057	12	40690706	0.001075	0.0328	0.01	0.6745	0.3255	56306	1417791	0.0381969436203995	A	C	FALSE	0	5.27365885219733e-25	0	0	0	0	0	3.09227e-161
rs7957754	12	40686038	5.687e-10	0.0578	0.0093	0.476	0.476	56306	1417791	0.0381969436203995	T	G	FALSE	0	5.36986269528445e-19	0	0	0	0	0	2.3631e-150
rs7966550	12	40688695	0.000453	0.0504	0.0144	0.8778	0.1222	56306	1417791	0.0381969436203995	T	C	FALSE	0	1.56999396333869e-24	0	0	0	0	0	1.21496e-174
rs7969112	12	40583826	2.119e-06	0.055	0.0116	0.7859	0.2141	56306	1417791	0.0381969436203995	T	C	FALSE	0	2.09557087636856e-22	0	0	0	0	0	3.25258e-173
rs7969677	12	40646948	0.001579	-0.0383	0.0121	0.1847	0.1847	56306	1417791	0.0381969436203995	A	G	FALSE	0	4.38521942072111e-25	0	0	0	0	0	3.43302e-168
rs7970326	12	40607891	4.281e-18	0.0865	0.01	0.6705	0.3295	56306	1417791	0.0381969436203995	A	C	FALSE	0	3.96974823237518e-11	0	0	0	0	0	4.58144e-168
rs7971935	12	40670394	5.217e-05	-0.062	0.0153	0.1075	0.1075	56306	1417791	0.0381969436203995	A	G	FALSE	0	1.32063693302501e-23	0	0	0	0	0	3.99942e-166
rs7973058	12	40708845	0.1627	0.0143	0.0102	0.6999	0.3001	56306	1417791	0.0381969436203995	A	T	FALSE	0	6.6996737636203e-27	0	0	0	0	0	2.88022e-175
rs7973254	12	40607766	4.618e-18	0.0865	0.01	0.6705	0.3295	56306	1417791	0.0381969436203995	T	C	FALSE	0	3.96974823237518e-11	0	0	0	0	0	4.80884e-168
rs7973479	12	40686323	4.705e-10	-0.0582	0.0094	0.5247	0.4753	56306	1417791	0.0381969436203995	A	C	FALSE	0	4.68666453762631e-19	0	0	0	0	0	1.90772e-173
rs7975693	12	40588678	0.2121	-0.0173	0.0139	0.1384	0.1384	56306	1417791	0.0381969436203995	T	C	FALSE	0	7.39680934975533e-27	0	0	0	0	0	6.54006e-174
rs7979341	12	40675608	0.001164	-0.0325	0.01	0.3238	0.3238	56306	1417791	0.0381969436203995	A	G	FALSE	0	4.78276420701252e-25	0	0	0	0	0	3.82346e-176
rs954884	12	40632958	3.909e-07	0.0491	0.0097	0.6275	0.3725	56306	1417791	0.0381969436203995	T	G	FALSE	0	8.49880088388989e-22	0	0	0	0	0	2.50296e-160
rs963243	12	40725778	0.1358	0.0146	0.0098	0.6538	0.3462	56306	1417791	0.0381969436203995	A	G	FALSE	0	7.30854012012613e-27	0	0	0	0	0	3.09811e-167
