CHR	POS	RSID	A1	A2	freq	beta	se	p	N_cases	N_controls
1	155035611	rs3806256	T	C	0.477	-0.0341	0.0094	0.0002846	56306	1417791
1	155037669	rs114973352	A	C	0.0235	-0.0245	0.0325	0.4507	56306	1417791
1	155037996	rs1564124	T	C	0.4162	-0.0382	0.0118	0.001225	42598	1322509
1	155038756	rs4045192	T	C	0.5826	0.0299	0.0095	0.001696	56306	1417791
1	155040654	rs6675468	T	C	0.0998	-0.032	0.0163	0.04896	56306	1417791
1	155042886	rs35902694	T	G	0.3824	0.0616	0.0096	1.586e-10	56306	1417791
1	155043325	rs11264306	A	C	0.5167	-0.047	0.0094	5.361e-07	56306	1417791
1	155043356	rs11580824	T	C	0.1221	-0.0442	0.0153	0.003775	56306	1417791
1	155043436	rs4845712	C	G	0.5774	-0.0555	0.0095	4.604e-09	56306	1417791
1	155043812	rs12047986	A	G	0.4823	0.0469	0.0094	5.577e-07	56306	1417791
1	155044197	rs77268551	T	G	0.9718	-0.0693	0.0395	0.07922	42598	1322509
1	155045004	rs61811916	T	C	0.8995	0.0296	0.0162	0.06839	56306	1417791
1	155045132	rs72702267	A	G	0.092	-0.0331	0.0177	0.06185	56306	1417791
1	155046402	rs72702268	T	G	0.0196	-0.0616	0.0371	0.0969	56306	1417791
1	155046602	rs149876305	C	G	0.0213	-0.0201	0.0502	0.6882	42598	1322509
1	155046903	rs112559323	A	G	0.9399	0.0362	0.0202	0.07356	56306	1417791
1	155047379	rs1001848	A	C	0.5166	-0.0478	0.0094	3.518e-07	56306	1417791
1	155047719	rs11264307	T	C	0.5166	-0.0476	0.0094	3.835e-07	56306	1417791
1	155048369	rs6427137	A	G	0.939	0.0347	0.02	0.0834	56306	1417791
1	155049402	rs3766916	T	C	0.4254	0.0538	0.0094	1.225e-08	56306	1417791
1	155049414	rs72702269	T	C	0.0598	-0.035	0.0203	0.0842	56306	1417791
1	155050723	rs72702270	T	C	0.0182	0.0261	0.0409	0.5236	56306	1417791
1	155053607	rs111582237	T	G	0.0192	-0.0312	0.0498	0.5302	40150	751098
1	155053682	rs1462854	A	T	0.0675	-0.0373	0.0191	0.05133	56306	1417791
1	155053719	rs1462855	T	C	0.5597	-0.0587	0.0094	4.628e-10	56306	1417791
1	155053728	rs4845708	T	C	0.493	-0.0479	0.0094	3.537e-07	56306	1417791
1	155054632	rs140309215	C	G	0.0274	0.0813	0.0404	0.0441	42598	1322509
1	155054743	rs11264311	A	C	0.4931	-0.0468	0.0095	7.796e-07	56306	1417791
1	155055496	rs1870939	A	G	0.4408	0.058	0.0094	8.592e-10	56306	1417791
1	155055863	rs79382812	A	G	0.1235	-0.0489	0.0151	0.001187	56306	1417791
1	155057650	rs145094848	T	C	0.9842	-0.0525	0.1062	0.621	11063	9505
1	155058046	rs67333363	A	G	0.9336	0.0394	0.0192	0.03955	56306	1417791
1	155058663	rs17723260	A	G	0.1464	0.0847	0.0134	2.414e-10	56306	1417791
1	155059851	rs2306124	A	G	0.5072	0.0481	0.0094	2.766e-07	56306	1417791
1	155059869	rs11554834	T	C	0.0444	-0.0838	0.0264	0.00149	56306	1417791
1	155060317	rs150961524	C	G	0.978	-0.0166	0.0423	0.6952	56306	1417791
1	155060318	rs72702273	A	G	0.0662	-0.0375	0.0193	0.05116	56306	1417791
1	155060895	rs57157364	T	C	0.0678	-0.0371	0.0189	0.05036	56306	1417791
1	155061335	rs72702276	A	G	0.0511	-0.0446	0.0241	0.06424	56306	1417791
1	155062509	rs111508464	A	T	0.8774	0.0509	0.0152	0.0008445	56306	1417791
1	155062930	rs181793634	C	G	0.9707	-0.0396	0.0372	0.2875	42598	1322509
1	155065159	rs7534162	A	G	0.5158	-0.0541	0.0095	1.268e-08	56306	1417791
1	155065613	rs113892626	C	G	0.0133	-0.0068	0.0535	0.8985	41429	1321541
1	155065627	rs4845408	A	G	0.1593	-0.0037	0.0133	0.7782	56306	1417791
1	155065859	rs75589050	A	C	0.0203	0.0128	0.0469	0.7848	56306	1417791
1	155065981	rs4845706	T	C	0.4836	-0.0585	0.0099	3.75e-09	56306	1417791
1	155066403	rs138207102	T	C	0.0165	-0.0714	0.049	0.1451	42598	1322509
1	155066416	rs10908454	A	G	0.4544	-0.0489	0.0095	2.704e-07	56306	1417791
1	155067283	rs10908455	T	C	0.5449	0.0465	0.0095	9.883e-07	56306	1417791
1	155067533	rs58925616	A	G	0.0665	-0.0367	0.0191	0.05477	56306	1417791
1	155067608	rs12126992	A	G	0.0697	-0.0317	0.0188	0.09139	56306	1417791
1	155068550	rs116631741	T	C	0.9862	0.0373	0.0477	0.4339	56306	1417791
1	155068748	rs7365544	A	C	0.489	-0.0521	0.0094	3.264e-08	56306	1417791
1	155070290	rs139508001	T	C	0.014	0.0189	0.063	0.7648	40150	751098
1	155070862	rs56112907	A	C	0.4901	-0.0518	0.0094	3.779e-08	56306	1417791
1	155071167	rs12026113	A	T	0.8451	0.0031	0.0135	0.8163	56306	1417791
1	155071525	rs145248268	T	G	0.014	-0.0905	0.0623	0.146	42598	1322509
1	155072055	rs10796938	A	C	0.4903	-0.0517	0.0094	3.829e-08	56306	1417791
1	155073221	rs12039316	T	C	0.4234	-0.0435	0.0095	4.868e-06	56306	1417791
1	155074419	rs35066113	T	C	0.0231	-0.0729	0.0414	0.07838	42598	1322509
1	155074903	rs6427158	T	G	0.4902	-0.0516	0.0094	4.273e-08	56306	1417791
1	155075888	rs11264312	T	C	0.5097	0.0516	0.0094	4.225e-08	56306	1417791
1	155076043	rs4625273	T	C	0.4903	-0.0518	0.0094	3.611e-08	56306	1417791
1	155076079	rs4361977	T	C	0.4211	-0.0445	0.0095	2.953e-06	56306	1417791
1	155076505	rs11264313	A	G	0.5093	0.0508	0.0095	8.064e-08	56306	1417791
1	155076734	rs7366355	T	C	0.4905	-0.0512	0.0094	4.732e-08	56306	1417791
1	155078423	rs11264314	C	G	0.5096	0.0515	0.0094	4.16e-08	56306	1417791
1	155079477	rs7367207	T	C	0.4241	-0.0426	0.0096	8.267e-06	56306	1417791
1	155079718	rs72702284	A	G	0.0672	0.0114	0.0199	0.5663	56306	1417791
1	155080090	rs7368345	A	G	0.5095	0.0515	0.0094	4.031e-08	56306	1417791
1	155080579	rs72702285	T	C	0.9334	0.035	0.0191	0.06641	56306	1417791
1	155081089	rs12129724	A	G	0.0729	-0.0567	0.0198	0.004115	56306	1417791
1	155081626	rs34522020	A	T	0.1463	0.08	0.0134	2.315e-09	56306	1417791
1	155081940	rs6693477	T	C	0.5095	0.0515	0.0094	4.007e-08	56306	1417791
1	155082158	rs11581730	A	T	0.5095	0.0514	0.0094	4.215e-08	56306	1417791
1	155082298	rs7548955	T	C	0.5102	0.0535	0.0096	2.936e-08	56306	1417791
1	155082527	rs7546746	A	G	0.5139	0.052	0.0094	3.678e-08	56306	1417791
1	155083294	rs72702288	A	G	0.9327	0.0347	0.0189	0.06624	56306	1417791
1	155083360	rs11584422	A	G	0.0467	-0.0516	0.025	0.03916	56306	1417791
1	155083717	rs11264318	A	T	0.5105	0.0532	0.0116	4.595e-06	42598	1322509
1	155083834	rs115543519	A	T	0.9533	0.0518	0.025	0.03852	56306	1417791
1	155083942	rs11264319	T	C	0.5135	0.052	0.0094	3.363e-08	56306	1417791
1	155085270	rs11583762	A	G	0.5118	0.0518	0.0094	3.74e-08	56306	1417791
1	155085666	rs113932675	A	G	0.0673	-0.035	0.0189	0.06404	56306	1417791
1	155085898	rs11264321	A	C	0.4232	-0.0438	0.0095	4.176e-06	56306	1417791
1	155086148	rs10908456	A	G	0.4232	-0.044	0.0095	3.84e-06	56306	1417791
1	155086571	rs4303067	T	C	0.4232	-0.0442	0.0095	3.48e-06	56306	1417791
1	155086893	rs7517158	T	C	0.9329	0.0355	0.0189	0.06064	56306	1417791
1	155086905	rs7517162	T	G	0.9329	0.0354	0.0189	0.06086	56306	1417791
1	155086979	rs7548383	T	C	0.0663	-0.0355	0.0191	0.06277	56306	1417791
1	155087083	rs7367758	T	C	0.1541	-0.0041	0.0136	0.764	56306	1417791
1	155087188	rs7364869	A	G	0.5103	0.0521	0.0094	2.982e-08	56306	1417791
1	155087411	rs34455078	A	G	0.1209	-0.0481	0.0157	0.002147	56306	1417791
1	155087933	rs11264322	A	G	0.4194	-0.0428	0.0096	8.021e-06	56306	1417791
1	155088350	rs7366138	A	G	0.3872	-0.0412	0.0097	2e-05	56306	1417791
1	155088795	rs10796939	T	C	0.3831	-0.0417	0.0097	1.737e-05	56306	1417791
1	155089011	rs76268375	C	G	0.9854	-0.0117	0.0503	0.8162	37688	981372
1	155089338	rs76244802	A	G	0.9865	0.0473	0.0527	0.3686	54751	1416330
1	155089486	rs72702293	A	C	0.0669	-0.0365	0.019	0.05455	56306	1417791
1	155089652	rs112591935	T	C	0.0669	-0.0366	0.019	0.05395	56306	1417791
1	155089801	rs112556683	C	G	0.0278	-0.0135	0.0343	0.6929	56306	1417791
1	155089980	rs111993576	T	C	0.0668	-0.0368	0.019	0.05317	56306	1417791
1	155090212	rs11264324	T	C	0.0669	-0.0367	0.019	0.05375	56306	1417791
1	155091042	rs10908457	T	C	0.9331	0.0372	0.019	0.05082	56306	1417791
1	155091176	rs61811931	T	C	0.9778	0.025	0.0406	0.5383	53858	846380
1	155091500	rs78279413	A	G	0.9825	0.0733	0.0483	0.129	56306	1417791
1	155092807	rs11264326	A	G	0.9332	0.0372	0.019	0.05052	56306	1417791
1	155093326	rs12081692	A	G	0.9335	0.0401	0.0191	0.03587	56306	1417791
1	155093567	rs80204403	C	G	0.9749	-0.0097	0.0425	0.8201	42598	1322509
1	155094013	rs12145362	A	C	0.385	-0.0394	0.0096	4.5e-05	56306	1417791
1	155094189	rs113314132	A	G	0.9383	0.051	0.0216	0.01831	56306	1417791
1	155094213	rs113461732	T	C	0.9382	0.0504	0.0216	0.01957	56306	1417791
1	155094271	rs34815285	T	C	0.5489	0.047	0.0094	6.46e-07	56306	1417791
1	155094412	rs13375955	A	G	0.0664	-0.0401	0.0191	0.03577	56306	1417791
1	155094605	rs11807418	A	T	0.6153	0.0393	0.0096	4.7e-05	56306	1417791
1	155095107	rs11264327	A	G	0.3849	-0.0394	0.0096	4.389e-05	56306	1417791
1	155095124	rs11264328	A	G	0.4512	-0.0474	0.0094	4.881e-07	56306	1417791
1	155095158	rs11264329	A	G	0.5488	0.0474	0.0094	4.899e-07	56306	1417791
1	155095300	rs12040970	T	C	0.5488	0.0475	0.0094	4.666e-07	56306	1417791
1	155095601	rs9330263	A	G	0.5536	0.048	0.0095	4.225e-07	56306	1417791
1	155095750	rs9330264	T	C	0.3673	0.013	0.01	0.1905	56306	1417791
1	155097095	rs111742972	A	C	0.0199	-0.0793	0.0608	0.1916	42598	1322509
1	155097562	rs12119678	C	G	0.8949	0.0426	0.0168	0.01128	56306	1417791
1	155099852	rs79976845	A	G	0.1818	-0.0084	0.0138	0.5406	56306	1417791
1	155099947	rs111455542	A	G	0.9333	0.0402	0.0191	0.03559	56306	1417791
1	155099963	rs73001391	T	C	0.934	0.0436	0.0193	0.02347	56306	1417791
1	155100265	rs11264331	A	G	0.5655	0.0468	0.0096	1.068e-06	56306	1417791
1	155101171	rs66474937	T	C	0.0656	-0.043	0.0193	0.02595	56306	1417791
1	155102709	rs79752373	A	G	0.0115	-0.0182	0.0534	0.7333	56306	1417791
1	155103147	rs6665822	A	C	0.4595	-0.0481	0.0097	7.001e-07	56306	1417791
1	155103291	rs72702300	A	G	0.0143	0.6348	0.3842	0.09843	6050	4405
1	155104213	rs114746058	A	G	0.0163	-0.0011	0.0419	0.9789	56306	1417791
1	155105882	rs4971066	T	G	0.8358	0.0074	0.0134	0.5814	55137	1416823
1	155106054	rs4390169	A	G	0.4633	-0.0479	0.0094	3.102e-07	56306	1417791
1	155106227	rs4745	A	T	0.4631	-0.0478	0.0094	3.395e-07	56306	1417791
1	155106550	rs9297	A	G	0.6013	0.0395	0.0095	3.244e-05	56306	1417791
1	155106697	rs12904	A	G	0.3981	-0.0393	0.0095	3.835e-05	56306	1417791
1	155106768	rs6694256	T	C	0.9584	-0.0085	0.0257	0.7419	56306	1417791
1	155108167	rs12726330	A	G	0.0174	0.6343	0.0408	1.676e-54	56306	1417791
1	155108209	rs538706208	C	G	0.0106	-0.0016	0.1006	0.9872	15056	12637
1	155108287	rs11264333	A	G	0.3987	-0.0387	0.0095	4.958e-05	56306	1417791
1	155109973	rs144486053	T	G	0.0158	-0.0416	0.046	0.3652	56306	1417791
1	155111307	rs71628645	A	G	0.9874	0.1361	0.0541	0.01181	36519	980404
1	155111409	rs74774418	A	G	0.047	-0.0582	0.0242	0.01628	56306	1417791
1	155113074	rs12745576	A	C	0.9734	0.048	0.0328	0.1429	56306	1417791
1	155113104	rs4971073	T	G	0.3658	-0.0378	0.0098	0.000114	56306	1417791
1	155114348	rs61811933	T	G	0.0123	-0.0405	0.0843	0.6308	33674	449056
1	155114683	rs12126509	T	C	0.0319	-0.042	0.0299	0.1606	56306	1417791
1	155115260	rs4246529	T	C	0.6017	0.0397	0.0096	3.321e-05	56306	1417791
1	155116151	rs12742181	T	C	0.0151	0.6358	0.0377	8.508e-64	56306	1417791
1	155118588	rs147847496	T	C	0.0283	-0.0024	0.0368	0.9489	56306	1417791
1	155119746	rs150417359	T	C	0.0127	-0.1106	0.0553	0.04534	56306	1417791
1	155119865	rs72704103	A	G	0.9529	0.0191	0.1043	0.8544	5027	3977
1	155120012	rs10157801	A	G	0.606	0.0417	0.0096	1.502e-05	56306	1417791
1	155120530	rs113807604	T	C	0.1228	-0.0416	0.0156	0.007469	56306	1417791
1	155121143	rs35682329	A	G	0.9836	-0.6104	0.0357	1.71e-65	56306	1417791
1	155121922	rs7364524	A	G	0.6076	0.0401	0.0096	3.106e-05	56306	1417791
1	155122335	rs112835528	T	C	0.1153	0.0249	0.0183	0.1727	56306	1417791
1	155122783	rs6427184	A	G	0.8558	-0.0826	0.0133	4.86e-10	56306	1417791
1	155123617	rs67061005	T	C	0.935	0.0376	0.0198	0.0579	37688	981372
1	155123837	rs6676150	C	G	0.3985	0.0082	0.0096	0.3917	56306	1417791
1	155124772	rs4971076	A	C	0.3931	-0.0399	0.0096	3.158e-05	56306	1417791
1	155124985	rs6668815	A	G	0.6087	0.0387	0.0118	0.001064	42598	1322509
1	155125073	rs142838195	T	C	0.0153	-0.0014	0.063	0.9824	36747	1316643
1	155126018	rs4971052	T	C	0.393	-0.0401	0.0096	2.944e-05	56306	1417791
1	155126599	rs11264334	T	C	0.6085	0.0398	0.0096	3.471e-05	56306	1417791
1	155126698	rs11264335	A	G	0.6089	0.041	0.0096	1.967e-05	56306	1417791
1	155126903	rs140676308	A	T	0.9717	0.041	0.0364	0.2597	42598	1322509
1	155126948	rs10908458	T	C	0.6071	0.0401	0.0096	2.89e-05	56306	1417791
1	155127360	rs114540418	A	G	0.0146	-0.1067	0.0516	0.03854	56306	1417791
1	155127749	rs7535292	T	C	0.5427	0.0485	0.0094	2.393e-07	56306	1417791
1	155128717	rs4971077	T	C	0.5427	0.0486	0.0094	2.243e-07	56306	1417791
1	155129023	rs4971078	A	G	0.606	0.0401	0.0096	2.887e-05	56306	1417791
1	155129402	rs111587150	A	G	0.1153	0.0244	0.0183	0.1824	56306	1417791
1	155129499	rs150587259	A	G	0.9346	0.0391	0.0193	0.04234	56306	1417791
1	155129562	rs12129003	A	G	0.392	-0.0406	0.0096	2.376e-05	56306	1417791
1	155129965	rs34106167	T	C	0.0319	-0.0572	0.0314	0.06817	56306	1417791
1	155130126	rs115542391	T	C	0.0177	-0.0668	0.0486	0.1689	56306	1417791
1	155130258	rs4971054	T	G	0.6083	0.0403	0.0096	2.79e-05	56306	1417791
1	155130391	rs4971079	A	G	0.458	-0.0502	0.0116	1.418e-05	42598	1322509
1	155130852	rs189009285	T	C	0.9868	0.1399	0.0576	0.01504	42598	1322509
1	155130900	rs4644481	T	C	0.4115	-0.0377	0.0098	0.0001298	55137	1416823
1	155131394	rs34257409	T	G	0.3924	-0.0406	0.0096	2.366e-05	56306	1417791
1	155131673	rs4276913	A	G	0.6088	0.0403	0.0096	2.77e-05	56306	1417791
1	155131686	rs72704106	A	C	0.0649	-0.039	0.0194	0.04406	56306	1417791
1	155131930	rs113625558	T	C	0.9747	0.0237	0.045	0.5987	42598	1322509
1	155132836	rs12028043	A	G	0.6074	0.0408	0.0096	2.158e-05	56306	1417791
1	155133421	rs34542979	T	C	0.9691	0.0504	0.0315	0.1097	56306	1417791
1	155133491	rs12127609	C	G	0.3925	-0.0409	0.0096	2.088e-05	56306	1417791
1	155133799	rs12124306	A	G	0.6075	0.0408	0.0096	2.105e-05	56306	1417791
1	155134919	rs11582489	A	G	0.0448	-0.05	0.0238	0.03525	56306	1417791
1	155135036	rs35749011	A	G	0.0169	0.6068	0.0342	1.72e-70	56306	1417791
1	155135335	rs4460629	T	C	0.5279	0.0057	0.0095	0.5485	55137	1416823
1	155135406	rs12752585	A	G	0.4727	-0.0077	0.0094	0.4099	56306	1417791
1	155136823	rs149298626	T	C	0.9899	-0.0126	0.0663	0.8497	36519	980404
1	155137395	rs141942982	T	G	0.1081	-0.0474	0.0156	0.002302	56306	1417791
1	155138222	rs4971085	T	C	0.5289	0.0078	0.0094	0.4046	56306	1417791
1	155138450	rs11264337	T	C	0.4724	-0.0081	0.0094	0.3858	56306	1417791
1	155138557	rs11264338	A	G	0.5274	0.0088	0.0094	0.352	56306	1417791
1	155138842	rs75925257	A	G	0.1148	-0.0206	0.0178	0.2484	56306	1417791
1	155139509	rs7556304	T	C	0.5278	0.0091	0.0094	0.3348	56306	1417791
1	155140023	rs114413971	A	C	0.0436	-0.0582	0.0284	0.04024	56306	1417791
1	155140027	rs12131522	T	C	0.5222	0.0106	0.0122	0.3815	23980	886090
1	155140648	rs11264339	T	C	0.4705	-0.0089	0.0094	0.3449	56306	1417791
1	155142210	rs4421576	A	G	0.528	0.0089	0.0094	0.3457	56306	1417791
1	155142229	rs4276914	A	G	0.4719	-0.0089	0.0094	0.3454	56306	1417791
1	155142883	rs4971088	A	T	0.4719	-0.0089	0.0094	0.3445	56306	1417791
1	155142927	rs4971089	A	G	0.5295	0.007	0.0096	0.4668	55137	1416823
1	155142938	rs116086598	A	G	0.0158	0.0025	0.0619	0.9675	36747	1316643
1	155143399	rs11809549	T	C	0.0138	-0.1081	0.0532	0.04213	56306	1417791
1	155143946	rs4971092	T	C	0.8721	-0.0013	0.0144	0.9294	56306	1417791
1	155144757	rs58939130	T	C	0.935	0.0351	0.0194	0.07094	56306	1417791
1	155145392	rs41264911	A	G	0.0308	0.0341	0.0304	0.2622	56306	1417791
1	155147781	rs7528026	A	G	0.0308	0.0346	0.0304	0.2555	56306	1417791
1	155148520	rs80254867	A	G	0.0275	0.0064	0.0387	0.869	42598	1322509
1	155151493	rs11264341	T	C	0.4209	0.009	0.0095	0.3412	56306	1417791
1	155151754	rs9426886	A	T	0.5786	-0.0128	0.0096	0.1847	55137	1416823
1	155151837	rs114525519	T	G	0.0281	0.0791	0.0423	0.06152	42598	1322509
1	155152545	rs75172742	T	G	0.0231	1e-04	0.0487	0.9987	42598	1322509
1	155153537	rs111508230	T	C	0.1117	-0.0452	0.0151	0.002792	56306	1417791
1	155154157	rs533291182	T	C	0.0186	0.1115	0.0675	0.09865	33674	449056
1	155154972	rs78516530	C	G	0.9779	0.015	0.036	0.6769	56306	1417791
1	155155653	rs181713366	T	C	0.9862	0.1374	0.0561	0.01425	42598	1322509
1	155155731	rs4971100	A	G	0.4182	0.012	0.0096	0.2114	56306	1417791
1	155155775	rs145607614	A	C	0.9871	0.1416	0.0582	0.01503	42598	1322509
1	155157445	rs11465212	A	G	0.0167	-0.0738	0.0414	0.07437	56306	1417791
1	155157635	rs4971101	A	G	0.4188	0.0098	0.0095	0.3036	56306	1417791
1	155157715	rs2070803	A	G	0.5806	-0.0091	0.0095	0.335	56306	1417791
1	155157853	rs1611774	T	G	0.0668	-0.0392	0.0194	0.04285	56306	1417791
1	155158605	rs1611772	A	G	0.0289	0.0497	0.0361	0.1683	42598	1322509
1	155160556	rs11465206	A	G	0.987	-0.0099	0.0551	0.857	42598	1322509
1	155160941	rs11465205	T	C	0.0246	-0.0499	0.0333	0.1346	56306	1417791
1	155162067	rs4072037	T	C	0.5307	-0.0091	0.0094	0.3299	56306	1417791
1	155164480	rs12411216	A	C	0.4682	0.008	0.0094	0.3925	56306	1417791
1	155165941	rs72704114	A	G	0.0107	0.0112	0.0633	0.8596	41429	1321541
1	155166193	rs74890861	A	G	0.0438	-0.0462	0.0238	0.05251	55137	1416823
1	155167786	rs41264915	A	G	0.8876	0.0453	0.015	0.002568	56306	1417791
1	155168849	rs2974937	T	C	0.5299	-0.0094	0.0094	0.3162	56306	1417791
1	155168930	rs7366775	A	G	0.418	0.0135	0.0097	0.1632	55137	1416823
1	155169252	rs115010010	A	G	0.0286	0.0465	0.0366	0.204	42598	1322509
1	155169355	rs423144	T	G	0.4177	0.0097	0.0095	0.3072	56306	1417791
1	155171811	rs41264917	A	G	0.028	0.0436	0.0373	0.2427	42598	1322509
1	155172025	rs41264919	T	G	0.9847	0.0659	0.0552	0.2321	42598	1322509
1	155172379	rs2066981	A	G	0.5247	-0.0103	0.0094	0.2704	56306	1417791
1	155172725	rs35154152	T	C	0.8924	0.0481	0.0154	0.001797	56306	1417791
1	155173374	rs185081382	A	G	0.0124	0.0067	0.0562	0.9049	42598	1322509
1	155173527	rs67579710	A	G	0.1061	-0.0505	0.0156	0.0012	56306	1417791
1	155174106	rs2075571	T	C	0.4186	0.0094	0.0095	0.3256	56306	1417791
1	155175089	rs72704117	T	C	0.0191	-0.0311	0.0399	0.4355	56306	1417791
1	155175390	rs370545	A	G	0.4773	0.0101	0.0094	0.2855	56306	1417791
1	155175892	rs914615	A	G	0.4758	0.0103	0.0094	0.273	56306	1417791
1	155177047	rs76545395	T	C	0.0128	-0.0044	0.0486	0.9281	55137	1416823
1	155178782	rs760077	A	T	0.4231	0.0128	0.0097	0.1854	56306	1417791
1	155179766	rs113787706	A	C	0.9746	0.0379	0.0455	0.4051	42598	1322509
1	155181232	rs41264921	A	G	0.0167	-0.0259	0.0414	0.5321	55137	1416823
1	155181843	rs2974935	T	G	0.5034	-0.0058	0.0095	0.5382	55137	1416823
1	155181989	rs61738875	A	G	0.0444	-0.0464	0.0238	0.05098	55137	1416823
1	155182164	rs2075570	T	C	0.5027	-0.0057	0.0095	0.548	55137	1416823
1	155184627	rs186369638	A	C	0.0106	-0.1321	0.0766	0.08461	22811	885122
1	155184975	rs140081212	A	G	0.409	0.0098	0.0121	0.4188	41429	1321541
1	155186729	rs28445596	T	C	0.505	0.0059	0.0095	0.5377	55137	1416823
1	155188761	rs114324536	T	C	0.9871	0.0829	0.0517	0.1092	55137	1416823
1	155188811	rs115207152	A	C	0.9871	0.0833	0.0517	0.107	55137	1416823
1	155190254	rs2990220	A	T	0.4992	-0.0069	0.0095	0.4677	55137	1416823
1	155190282	rs113690547	T	G	0.9129	0.0528	0.0195	0.006831	55137	1416823
1	155193532	rs497829	C	G	0.4997	0.0058	0.0094	0.5359	55137	1416823
1	155193535	rs143478056	A	T	0.9851	0.0689	0.0605	0.255	41043	1321048
1	155194015	rs78973538	T	C	0.013	-0.086	0.0728	0.2379	22811	885122
1	155194679	rs16836748	A	G	0.9823	0.0258	0.0407	0.5249	55137	1416823
1	155194980	rs2049805	T	C	0.5	0.0058	0.0094	0.5414	55137	1416823
1	155196717	rs2974930	A	G	0.5007	0.0063	0.0094	0.5037	55137	1416823
1	155197268	rs2974929	T	C	0.502	0.0057	0.0095	0.5454	55137	1416823
1	155197462	rs2990245	T	C	0.498	-0.0057	0.0094	0.5436	55137	1416823
1	155197827	rs2990247	T	C	0.0442	0.0185	0.0274	0.4994	36519	980404
1	155198222	rs11580040	A	G	0.9156	0.049	0.0178	0.005925	55137	1416823
1	155198771	rs112270735	A	G	0.8674	-0.0384	0.0152	0.01135	55137	1416823
1	155198822	rs184392878	A	G	0.0127	0.023	0.0633	0.7159	41429	1321541
1	155199315	rs12407919	C	G	0.7137	0.0083	0.0106	0.4331	55137	1416823
1	155199666	rs11264343	T	C	0.7044	0.0076	0.0104	0.4663	55137	1416823
1	155200324	rs12723761	T	G	0.296	-0.0083	0.0104	0.4252	55137	1416823
1	155201064	rs3768566	T	C	0.2959	-0.0082	0.0104	0.4314	55137	1416823
1	155201190	rs4043	A	G	0.2955	-0.0068	0.0103	0.5112	55137	1416823
1	155201235	rs1045253	A	G	0.2957	-0.0067	0.0103	0.5136	55137	1416823
1	155201993	rs28595322	A	G	0.7234	0.0082	0.0109	0.4536	55137	1416823
1	155202689	rs10796940	A	C	0.7048	0.0075	0.0103	0.4679	55137	1416823
1	155203060	rs56310840	A	G	0.2993	-0.0081	0.0103	0.4348	55137	1416823
1	155205331	rs28373017	T	C	0.7284	0.0094	0.0112	0.4011	55137	1416823
1	155205378	rs12752133	T	C	0.0161	0.6506	0.0446	3.722e-48	41429	1321541
1	155205634	rs76763715	T	C	0.9953	-0.7467	0.0765	1.592e-22	21913	884347
1	155206037	rs75548401	A	G	0.0109	0.3619	0.0688	1.42e-07	34071	408993
1	155206167	rs2230288	T	C	0.0162	0.6357	0.0438	9.125e-48	42598	1322509
1	155206341	rs9628662	T	G	0.7036	0.0102	0.0107	0.3398	55137	1416823
1	155207030	rs72704130	A	G	0.0269	-0.0413	0.0355	0.2446	55137	1416823
1	155207549	rs762488	T	C	0.7038	0.0074	0.0103	0.4724	55137	1416823
1	155207626	rs2009578	A	G	0.2925	-0.0054	0.0104	0.6029	55137	1416823
1	155207733	rs28678003	T	C	0.0452	-0.0549	0.0239	0.02148	55137	1416823
1	155209360	rs2075569	T	C	0.2935	-0.0057	0.0104	0.5828	55137	1416823
1	155211106	rs188978150	T	C	0.979	-0.0037	0.0494	0.9399	41429	1321541
1	155212100	rs1800442	A	G	0.7045	0.008	0.0103	0.4417	55137	1416823
1	155212211	rs3754485	A	G	0.7043	0.0083	0.0103	0.4237	55137	1416823
1	155212288	rs1800438	T	C	0.2957	-0.0079	0.0103	0.4469	55137	1416823
1	155213124	rs11264345	A	T	0.2953	-0.0083	0.0104	0.4237	55137	1416823
1	155214007	rs149732676	A	G	0.0227	0.0213	0.0446	0.6331	41429	1321541
1	155214066	rs10908459	T	C	0.2887	-0.0067	0.0105	0.5239	55137	1416823
1	155214473	rs12034326	A	G	0.7085	0.0077	0.0105	0.4598	55137	1416823
1	155215262	rs12406363	T	C	0.98	0.0487	0.0436	0.264	55137	1416823
1	155216421	rs56124445	A	C	0.0266	-0.0297	0.0433	0.4928	41429	1321541
1	155216782	rs186221424	T	C	0.0128	-0.0766	0.073	0.2945	22811	885122
1	155218168	rs2075568	T	C	0.7549	-0.0041	0.0111	0.7101	55137	1416823
1	155218301	rs41264931	C	G	0.0208	-0.0214	0.048	0.6548	41429	1321541
1	155218365	rs734073	T	C	0.756	-0.006	0.0111	0.5882	55137	1416823
1	155218446	rs734074	A	G	0.7549	-0.004	0.0111	0.7155	55137	1416823
1	155218678	rs1807042	C	G	0.759	-0.0054	0.0112	0.6277	55137	1416823
1	155219207	rs1546818	A	T	0.7549	-0.0042	0.0111	0.7063	55137	1416823
1	155219452	rs147869881	T	C	0.0253	-0.0359	0.0389	0.3567	55137	1416823
1	155219625	rs2361536	A	C	0.2439	0.0016	0.011	0.8836	56306	1417791
1	155219868	rs741756	A	C	0.2451	3e-04	0.0109	0.9764	56306	1417791
1	155221837	rs2072647	A	C	0.2451	5e-04	0.0109	0.9621	56306	1417791
1	155222177	rs12748155	T	C	0.2452	4e-04	0.0109	0.9733	56306	1417791
1	155222729	rs61092432	T	C	0.7678	-0.0012	0.0115	0.915	56306	1417791
1	155222730	rs59352002	A	G	0.2323	0.0012	0.0115	0.918	56306	1417791
1	155223007	rs11264346	A	T	0.244	-4e-04	0.011	0.9701	56306	1417791
1	155224091	rs2075566	A	C	0.2452	3e-04	0.0109	0.9776	56306	1417791
1	155224301	rs2242577	A	C	0.2452	4e-04	0.0109	0.9688	56306	1417791
1	155224985	rs878436	T	C	0.9748	0.0491	0.0406	0.2265	42598	1322509
1	155225025	rs909108	C	G	0.0176	-0.0805	0.0679	0.2356	39764	750605
1	155225072	rs200274443	A	G	0.0113	0.0042	0.099	0.9663	32505	448088
1	155225335	rs144551771	T	C	0.9787	0.0159	0.076	0.8341	33674	449056
1	155227707	rs148722887	T	C	0.0173	-0.0496	0.0496	0.3171	42598	1322509
1	155229222	rs9729564	A	G	0.2513	-0.001	0.0108	0.9249	56306	1417791
1	155229310	rs116334187	A	G	0.028	-0.0064	0.0402	0.873	42598	1322509
1	155229915	rs11264348	T	G	0.2505	-0.0066	0.0133	0.6206	42598	1322509
1	155230131	rs1142287	T	C	0.2521	-6e-04	0.0108	0.9553	56306	1417791
1	155230308	rs148827222	T	C	0.0102	-0.0703	0.239	0.7686	12755	11309
1	155231545	rs2242576	T	G	0.7478	0.0019	0.0109	0.8622	56306	1417791
1	155231927	rs141316726	T	C	0.0132	0.0506	0.0621	0.4159	41429	1321541
1	155232074	rs1046188	T	C	0.2518	-9e-04	0.0108	0.936	56306	1417791
1	155234821	rs1076556	A	G	0.7472	0.0013	0.0108	0.9012	56306	1417791
