CHR	POS	SNP	P	Effect	StdErr	Freq	MAF	N_cases	N_controls	proportion_cases	A1	A2	leadSNP
2	95504928	rs62146919	0.01302	-0.0384	0.0154	0.2365	0.2365	41429	1321541	0.0303961202374227	A	G	FALSE
2	95505064	rs7588397	0.009068	-0.0362	0.0139	0.3625	0.3625	40554	1321094	0.0297830276253481	A	G	FALSE
2	95506694	rs62146920	0.8478	-0.0067	0.0348	0.1164	0.1164	32505	448088	0.0676351923561101	A	C	FALSE
2	95507374	rs1809635	0.4442	0.0375	0.049	0.0307	0.0307	31728	743345	0.0409354989788059	T	C	FALSE
2	95508286	rs10204751	0.8026	0.0052	0.0207	0.8804	0.1196	34176	1314756	0.0253355988292961	T	G	FALSE
2	95515018	rs142895926	0.6482	-0.029	0.0635	0.0455	0.0455	25252	441303	0.0541243797623003	A	C	FALSE
2	95521095	rs1979583	0.03762	-0.0273	0.0131	0.3532	0.3532	41429	1321541	0.0303961202374227	A	G	FALSE
2	95521174	rs1979584	0.0376	0.0273	0.0131	0.6468	0.3532	41429	1321541	0.0303961202374227	A	G	FALSE
2	95521616	rs1976770	0.03986	-0.027	0.0131	0.3532	0.3532	41429	1321541	0.0303961202374227	A	T	FALSE
2	95521701	rs1976771	0.0382	-0.0272	0.0131	0.3529	0.3529	41429	1321541	0.0303961202374227	A	T	FALSE
2	95522279	rs7422601	0.01547	-0.0341	0.0141	0.2836	0.2836	41429	1321541	0.0303961202374227	A	T	FALSE
2	95522747	rs10874467	0.03607	0.0275	0.0131	0.6459	0.3541	41429	1321541	0.0303961202374227	C	G	FALSE
2	95523255	rs2077443	0.03545	-0.0275	0.0131	0.3541	0.3541	41429	1321541	0.0303961202374227	A	G	FALSE
2	95523754	rs749308	0.02808	-0.0289	0.0131	0.3523	0.3523	41429	1321541	0.0303961202374227	A	G	FALSE
2	95523822	rs149146307	0.9969	-7e-04	0.1862	0.0117	0.0117	7524	5521	0.576772709850518	A	G	FALSE
2	95524354	rs6736042	0.0472	0.0261	0.0131	0.6401	0.3599	41429	1321541	0.0303961202374227	A	C	FALSE
2	95525397	rs4854231	0.0076	-0.0347	0.013	0.3592	0.3592	41429	1321541	0.0303961202374227	T	C	FALSE
2	95525624	rs13414018	0.03611	0.0272	0.013	0.6455	0.3545	41429	1321541	0.0303961202374227	A	C	FALSE
2	95526169	rs62146933	0.03619	-0.0272	0.013	0.3549	0.3549	41429	1321541	0.0303961202374227	C	G	FALSE
2	95526511	rs113998009	0.2859	-0.0586	0.0549	0.017	0.017	35051	1315203	0.0259588195998679	C	G	FALSE
2	95526706	rs115186573	0.711	-0.0208	0.0562	0.0156	0.0156	35051	1315203	0.0259588195998679	C	G	FALSE
2	95526792	rs138193392	0.7547	-0.0176	0.0562	0.0156	0.0156	35051	1315203	0.0259588195998679	C	G	FALSE
2	95526907	rs34087291	0.04347	-0.0263	0.013	0.3526	0.3526	41429	1321541	0.0303961202374227	C	G	FALSE
2	95527678	rs12612789	0.03415	0.0275	0.013	0.6443	0.3557	41429	1321541	0.0303961202374227	T	C	FALSE
2	95528035	rs12465202	0.4292	-0.0464	0.0588	0.8774	0.1226	6634	4884	0.575968050008682	T	C	FALSE
2	95528170	rs28680439	0.03275	0.0277	0.013	0.6444	0.3556	41429	1321541	0.0303961202374227	T	C	FALSE
2	95528861	rs11883879	0.03317	0.0276	0.0129	0.6449	0.3551	41429	1321541	0.0303961202374227	C	G	FALSE
2	95528878	rs142101401	0.3676	0.1267	0.1407	0.0176	0.0176	20682	438578	0.045033314462396	T	C	FALSE
2	95529704	rs4854232	0.01334	0.0308	0.0125	0.6399	0.3601	55137	1416823	0.0374582189733417	A	G	FALSE
2	95532214	rs113954537	0.3426	-0.2311	0.2436	0.0139	0.0139	4524	3551	0.560247678018576	A	G	FALSE
2	95533808	rs4854233	0.001961	-0.0324	0.0105	0.3654	0.3654	55137	1416823	0.0374582189733417	T	C	FALSE
2	95535220	rs144290615	0.8013	-0.0327	0.1299	0.9848	0.0152	21851	439546	0.0473583486671998	C	G	FALSE
2	95535519	rs186776134	0.7419	0.0939	0.2852	0.011	0.011	4138	3058	0.575041689827682	C	G	FALSE
2	95535544	rs11164111	0.002443	-0.0315	0.0104	0.3659	0.3659	55137	1416823	0.0374582189733417	A	G	FALSE
2	95536191	rs145936003	0.02956	-0.0779	0.0358	0.04	0.04	41429	1321541	0.0303961202374227	T	G	FALSE
2	95536785	rs7340222	0.4893	-0.0134	0.0194	0.8826	0.1174	41723	1322062	0.0305935319716818	C	G	FALSE
2	95536889	rs62146942	7.96e-05	-0.0476	0.0121	0.2561	0.2561	55137	1416823	0.0374582189733417	T	C	FALSE
2	95537000	rs10165220	0.002096	-0.0323	0.0105	0.3624	0.3624	55137	1416823	0.0374582189733417	A	G	FALSE
2	95537041	rs10174668	0.02161	-0.031	0.0135	0.3319	0.3319	41429	1321541	0.0303961202374227	T	C	FALSE
2	95537245	rs4854234	0.002085	0.0325	0.0106	0.637	0.363	55137	1416823	0.0374582189733417	C	G	FALSE
2	95537501	rs11889464	0.4062	0.0289	0.0348	0.0355	0.0355	41723	1322062	0.0305935319716818	T	C	FALSE
2	95537568	rs80243548	0.8168	-0.0168	0.0723	0.0132	0.0132	17617	879942	0.0196276790717936	T	C	FALSE
2	95537572	rs4854235	0.5082	-0.0093	0.0141	0.2923	0.2923	40554	1321094	0.0297830276253481	T	C	FALSE
2	95537622	rs11164112	0.002494	0.0329	0.0109	0.6484	0.3516	55137	1416823	0.0374582189733417	A	G	FALSE
2	95538078	rs111701937	0.962	-0.0012	0.0255	0.0737	0.0737	34703	1315228	0.0257072398515183	T	C	FALSE
2	95538336	rs10180591	0.1075	-0.0194	0.0121	0.2989	0.2989	54262	1416376	0.0368969114085179	T	C	FALSE
2	95538361	rs112306420	0.9582	-0.0013	0.0255	0.0737	0.0737	34703	1315228	0.0257072398515183	T	G	FALSE
2	95539487	rs77715120	0.5558	-0.0312	0.0529	0.0184	0.0184	35345	1315724	0.0261607660304544	T	C	FALSE
2	95539833	rs111469930	0.9734	0.0015	0.0459	0.0216	0.0216	34176	1314756	0.0253355988292961	T	C	FALSE
2	95540099	rs77573516	0.003634	0.4096	0.1408	0.9796	0.0204	6634	4884	0.575968050008682	A	G	FALSE
2	95540188	rs11893788	0.6368	-0.0263	0.0556	0.8943	0.1057	6634	4884	0.575968050008682	C	G	FALSE
2	95541842	rs10191151	0.001189	0.0348	0.0108	0.6377	0.3623	55137	1416823	0.0374582189733417	C	G	FALSE
2	95542112	rs10191464	0.006698	-0.0294	0.0108	0.346	0.346	55137	1416823	0.0374582189733417	T	C	FALSE
2	95542433	rs17120062	0.1367	-0.0532	0.0357	0.9649	0.0351	41196	1321590	0.0302292509608992	C	G	FALSE
2	95542788	rs10185133	0.005898	-0.0297	0.0108	0.368	0.368	55137	1416823	0.0374582189733417	C	G	FALSE
2	95543424	rs71425502	0.8031	-0.006	0.0242	0.082	0.082	34703	1315228	0.0257072398515183	A	G	FALSE
2	95543911	rs140085280	0.3118	-0.046	0.0455	0.0342	0.0342	34176	1314756	0.0253355988292961	T	C	FALSE
2	95543914	rs7583545	0.594	0.0097	0.0181	0.1211	0.1211	54262	1416376	0.0368969114085179	A	G	FALSE
2	95544594	rs150942085	0.2289	0.0453	0.0377	0.0318	0.0318	40554	1321094	0.0297830276253481	T	C	FALSE
2	95544865	rs116512416	0.8844	0.0113	0.0779	0.083	0.083	6634	4884	0.575968050008682	T	C	FALSE
2	95546118	rs56220602	0.1516	0.0481	0.0336	0.044	0.044	40554	1321094	0.0297830276253481	C	G	FALSE
2	95546290	rs62147455	0.04253	0.2234	0.1101	0.0154	0.0154	25252	441303	0.0541243797623003	A	G	FALSE
2	95548965	rs149854356	0.8607	-0.0264	0.1504	0.9662	0.0338000000000001	4524	3551	0.560247678018576	A	C	FALSE
2	95549825	rs4854236	0.001763	0.0327	0.0105	0.651	0.349	55137	1416823	0.0374582189733417	T	G	FALSE
2	95550958	rs7605623	0.001663	0.0328	0.0104	0.6514	0.3486	55137	1416823	0.0374582189733417	A	G	FALSE
2	95551786	rs13432811	0.00134	0.034	0.0106	0.6559	0.3441	55137	1416823	0.0374582189733417	A	G	FALSE
2	95552015	rs115014642	0.5939	-0.0373	0.07	0.0123	0.0123	29266	973619	0.0291818104767745	A	G	FALSE
2	95552187	rs116824031	0.7579	-0.0117	0.0379	0.9673	0.0327	36156	980239	0.0355727842029919	A	G	FALSE
2	95552783	rs12717784	0.002758	-0.0319	0.0107	0.3514	0.3514	55137	1416823	0.0374582189733417	T	C	FALSE
2	95553030	rs114884754	1.993e-05	0.0525	0.0123	0.7691	0.2309	55137	1416823	0.0374582189733417	A	T	FALSE
2	95553036	rs13421580	0.002194	-0.0328	0.0107	0.3554	0.3554	55137	1416823	0.0374582189733417	A	G	FALSE
2	95553194	rs13383433	0.001922	0.0329	0.0106	0.6515	0.3485	55137	1416823	0.0374582189733417	C	G	FALSE
2	95553305	rs11901209	0.002103	-0.0328	0.0107	0.3545	0.3545	55137	1416823	0.0374582189733417	A	G	FALSE
2	95553668	rs7563558	0.5143	-0.0113	0.0173	0.8815	0.1185	54262	1416376	0.0368969114085179	A	G	FALSE
2	95553925	rs141506949	0.4423	0.063	0.082	0.0363	0.0363	25252	441303	0.0541243797623003	A	G	FALSE
2	95555581	rs60806696	7.153e-08	0.0892	0.0166	0.8686	0.1314	55137	1416823	0.0374582189733417	T	C	FALSE
2	95555962	rs66873445	0.7858	0.0154	0.0568	0.5111	0.4889	4524	3551	0.560247678018576	A	C	FALSE
2	95556107	rs13396622	0.001735	0.0336	0.0107	0.6441	0.3559	55137	1416823	0.0374582189733417	A	T	FALSE
2	95556720	rs72817686	5.254e-07	-0.0614	0.0122	0.2451	0.2451	55137	1416823	0.0374582189733417	A	C	FALSE
2	95557045	rs115367708	0.1727	0.3104	0.2276	0.9758	0.0242	3089	2814	0.523293240725055	T	C	FALSE
2	95557156	rs116805175	0.001193	-0.1034	0.0319	0.0459	0.0459	54774	1416658	0.0372249618059142	T	C	FALSE
2	95558515	rs5006796	0.0002692	-0.0391	0.0107	0.3539	0.3539	55137	1416823	0.0374582189733417	A	G	FALSE
2	95562307	rs112773843	0.9973	-2e-04	0.0458	0.9786	0.0214	34703	1315228	0.0257072398515183	T	C	FALSE
2	95562883	rs12996830	0.435	0.0198	0.0254	0.1104	0.1104	15558	878337	0.0174047287433088	A	G	FALSE
2	95564400	rs62147969	0.4261	-0.0145	0.0183	0.8861	0.1139	55137	1416823	0.0374582189733417	C	G	FALSE
2	95564409	rs191849697	0.8022	-0.058	0.2316	0.9875	0.0125	6158	4422	0.582041587901701	T	G	FALSE
2	95564485	rs187629031	0.4132	0.0355	0.0434	0.9648	0.0352	34176	1314756	0.0253355988292961	A	G	FALSE
2	95564489	rs192118688	0.2349	0.0968	0.0815	0.0108	0.0108	15558	878337	0.0174047287433088	T	C	FALSE
2	95564586	rs184415311	0.2232	0.0456	0.0375	0.0322	0.0322	40554	1321094	0.0297830276253481	T	C	FALSE
2	95564591	rs181294948	0.6073	0.0363	0.0706	0.0101	0.0101	34176	1314756	0.0253355988292961	A	G	FALSE
2	95564714	rs112748749	0.07214	0.0912	0.0507	0.9789	0.0211	41066	1321376	0.030141466572522	T	C	FALSE
2	95566824	rs6725878	0.0006397	0.036	0.0105	0.5383	0.4617	55137	1416823	0.0374582189733417	T	C	FALSE
2	95567475	rs191743919	0.0379	0.3769	0.1816	0.987	0.013	6634	4884	0.575968050008682	T	C	FALSE
2	95567954	rs140019311	0.8344	-0.0429	0.205	0.0109	0.0109	6634	4884	0.575968050008682	T	G	FALSE
2	95568062	rs115122032	3.561e-05	0.1203	0.0291	0.9537	0.0463	55137	1416823	0.0374582189733417	A	G	FALSE
2	95568102	rs60574455	1.149e-05	0.0519	0.0118	0.7674	0.2326	55137	1416823	0.0374582189733417	T	C	FALSE
2	95568675	rs75996365	0.1738	-0.309	0.2272	0.0239	0.0239	3089	2814	0.523293240725055	A	G	FALSE
2	95569032	rs145327201	0.9277	-0.0042	0.0467	0.023	0.023	33790	1314263	0.0250657800546418	T	C	FALSE
2	95569598	rs11682939	0.1311	0.1011	0.0669	0.9875	0.0125	29793	974091	0.0296777316901156	T	C	FALSE
2	95570460	rs76473796	0.9444	-0.0118	0.1698	0.011	0.011	22756	439477	0.0492305828445827	A	G	FALSE
2	95571321	rs13021588	0.7237	0.0432	0.1222	0.0243	0.0243	21707	439233	0.0470928971232698	A	G	FALSE
2	95571823	rs114943497	0.7276	0.0066	0.0189	0.9149	0.0850999999999999	55137	1416823	0.0374582189733417	A	C	FALSE
2	95574666	rs13013517	0.686	0.0089	0.022	0.0785	0.0785	48411	1410510	0.0331827425885295	T	C	FALSE
2	95574923	rs115685643	0.7672	-0.0343	0.1159	0.0165	0.0165	25252	441303	0.0541243797623003	A	G	FALSE
2	95574998	rs7587312	0.00114	-0.0339	0.0104	0.4629	0.4629	55137	1416823	0.0374582189733417	A	G	FALSE
2	95575078	rs34017018	0.9152	0.0026	0.0249	0.9264	0.0736	48411	1410510	0.0331827425885295	A	G	FALSE
2	95575534	rs147926614	0.3601	0.0316	0.0346	0.9686	0.0314	36519	980404	0.0359112735182506	T	G	FALSE
2	95576150	rs116209169	0.6348	0.0335	0.0706	0.0101	0.0101	34176	1314756	0.0253355988292961	T	C	FALSE
2	95580865	rs10210891	0.04662	0.0244	0.0123	0.5474	0.4526	41429	1321541	0.0303961202374227	T	G	FALSE
2	95583232	rs138067299	0.6418	0.025	0.0538	0.9817	0.0183	34176	1314756	0.0253355988292961	T	C	FALSE
2	95585292	rs11164116	0.001065	0.0339	0.0104	0.5377	0.4623	55137	1416823	0.0374582189733417	C	G	FALSE
2	95586249	rs4854239	6.432e-06	0.0522	0.0116	0.7669	0.2331	55137	1416823	0.0374582189733417	T	G	FALSE
2	95588607	rs112165035	7.099e-06	-0.052	0.0116	0.2334	0.2334	55137	1416823	0.0374582189733417	A	G	FALSE
2	95593278	rs12465893	0.07071	0.1391	0.077	0.0126	0.0126	15921	878502	0.017800302541415	A	G	FALSE
2	95594267	rs149780587	0.4347	-0.0339	0.0434	0.0349	0.0349	34176	1314756	0.0253355988292961	A	G	FALSE
2	95594473	rs79594972	1.773e-06	0.0555	0.0116	0.7692	0.2308	55137	1416823	0.0374582189733417	T	C	FALSE
2	95595941	rs12474195	2.527e-06	0.0558	0.0119	0.7779	0.2221	55137	1416823	0.0374582189733417	T	C	FALSE
2	95596159	rs34774407	0.6184	0.0115	0.0232	0.0665	0.0665	48411	1410510	0.0331827425885295	T	C	FALSE
2	95596454	rs115171588	0.04171	-0.0736	0.0361	0.0382	0.0382	41429	1321541	0.0303961202374227	T	C	FALSE
2	95596754	rs150095490	0.7015	0.0085	0.0223	0.0545	0.0545	55137	1416823	0.0374582189733417	A	G	FALSE
2	95597163	rs10179234	0.001787	0.0316	0.0101	0.5347	0.4653	55137	1416823	0.0374582189733417	A	G	FALSE
2	95599452	rs114368992	0.7035	0.0606	0.1591	0.0291	0.0291	4524	3551	0.560247678018576	A	G	FALSE
2	95599481	rs7586909	7.465e-06	-0.0516	0.0115	0.2331	0.2331	55137	1416823	0.0374582189733417	A	T	FALSE
2	95599624	rs184148277	0.673	0.1153	0.2732	0.0115	0.0115	4138	3058	0.575041689827682	T	C	FALSE
2	95599930	rs4854240	0.001705	0.0318	0.0101	0.5345	0.4655	55137	1416823	0.0374582189733417	A	G	FALSE
2	95599978	rs139474731	0.6537	0.0241	0.0538	0.9817	0.0183	34176	1314756	0.0253355988292961	T	C	FALSE
2	95601403	rs189761472	0.6793	0.1433	0.3467	0.9898	0.0102	3858	3009	0.561817387505461	T	C	FALSE
2	95601436	rs77444100	0.6289	-0.0157	0.0325	0.9422	0.0578	16085	878809	0.0179741958265448	A	T	FALSE
2	95602766	rs114199376	0.6067	-0.0367	0.0713	0.99	0.01	34176	1314756	0.0253355988292961	T	G	FALSE
2	95603184	rs146961182	0.3127	-0.1191	0.118	0.9874	0.0125999999999999	26654	442222	0.0568465863042681	T	C	FALSE
2	95604114	rs7599246	7.997e-06	0.0514	0.0115	0.767	0.233	55137	1416823	0.0374582189733417	A	G	FALSE
2	95604325	rs150152179	0.6926	0.0143	0.0361	0.9685	0.0315	36519	980404	0.0359112735182506	T	C	FALSE
2	95604943	rs10200969	0.4943	-0.0202	0.0296	0.9625	0.0375	54262	1416376	0.0368969114085179	C	G	FALSE
2	95606387	rs140092412	0.7322	-0.0934	0.2729	0.01	0.01	4887	3716	0.568057654306637	A	C	FALSE
2	95612131	rs72819415	0.6822	-0.0091	0.0221	0.9452	0.0548	55137	1416823	0.0374582189733417	A	C	FALSE
2	95613173	rs113917003	0.03858	0.0977	0.0473	0.9756	0.0244	55137	1416823	0.0374582189733417	A	G	FALSE
2	95613354	rs114630000	0.05284	0.0784	0.0405	0.9593	0.0407	22811	885122	0.0251241005668921	A	G	FALSE
2	95613578	rs149699336	0.8553	-0.046	0.252	0.0141	0.0141	2591	2631	0.496170049789353	T	C	FALSE
2	95613609	rs145495366	0.4948	-0.0295	0.0432	0.0348	0.0348	34176	1314756	0.0253355988292961	A	G	FALSE
2	95614051	rs148466674	0.4021	-0.076	0.0907	0.019	0.019	32505	448088	0.0676351923561101	T	C	FALSE
2	95615034	rs76155741	0.9446	-0.0031	0.0452	0.9783	0.0217000000000001	34703	1315228	0.0257072398515183	T	G	FALSE
2	95615157	rs1914687	0.6743	0.0092	0.022	0.0548	0.0548	55137	1416823	0.0374582189733417	A	G	FALSE
2	95615211	rs115861658	0.9137	-0.0117	0.1082	0.0176	0.0176	25252	441303	0.0541243797623003	A	G	FALSE
2	95615759	rs71427005	0.8698	-0.021	0.1284	0.019	0.019	22476	439428	0.0486594617063286	A	T	FALSE
2	95617156	rs143385087	0.3544	0.0849	0.0917	0.9812	0.0188	32505	448088	0.0676351923561101	T	C	FALSE
2	95620230	rs77022233	0.08121	0.0698	0.04	0.0197	0.0197	49053	1411006	0.0335965875351613	A	T	FALSE
2	95620564	rs4443026	0.002243	0.0301	0.0098	0.5329	0.4671	56306	1417791	0.0381969436203995	A	G	FALSE
2	95620709	rs138667069	0.9073	0.0213	0.1829	0.014	0.014	4002	3322	0.546422719825232	C	G	FALSE
2	95622853	rs78191953	0.7333	0.0353	0.1037	0.0137	0.0137	27823	443190	0.0590705564389943	T	C	FALSE
2	95625665	rs9324212	5.154e-06	0.0518	0.0114	0.768	0.232	56306	1417791	0.0381969436203995	C	G	FALSE
2	95626191	rs116004508	0.84	-0.0283	0.1401	0.0206	0.0206	5027	3977	0.558307418924922	T	C	FALSE
2	95626616	rs114597090	0.4999	0.1288	0.1909	0.0147	0.0147	4445	3072	0.591326326992151	A	G	FALSE
2	95627160	rs62147976	0.2417	0.0495	0.0423	0.0225	0.0225	49580	1411478	0.0339343133537478	T	C	FALSE
2	95627407	rs6709052	0.002164	-0.0299	0.0098	0.4711	0.4711	56306	1417791	0.0381969436203995	T	C	FALSE
2	95628045	rs4564804	1.673e-06	-0.0543	0.0113	0.2329	0.2329	56306	1417791	0.0381969436203995	A	G	FALSE
2	95629032	rs189742756	0.8253	-0.0352	0.1594	0.0127	0.0127	22756	439477	0.0492305828445827	C	G	FALSE
2	95629038	rs10172167	3.46e-06	-0.053	0.0114	0.2303	0.2303	56306	1417791	0.0381969436203995	T	G	FALSE
2	95630221	rs6721123	0.05783	-0.0226	0.0119	0.4614	0.4614	42598	1322509	0.0312048799105125	T	C	FALSE
2	95630299	rs116623473	0.6421	0.0332	0.0715	0.0103	0.0103	29629	973784	0.0295282201845103	T	C	FALSE
2	95630994	rs150418472	0.6497	-0.0868	0.1911	0.0112	0.0112	6634	4884	0.575968050008682	T	C	FALSE
2	95631419	rs10181516	5.712e-06	-0.0515	0.0113	0.2335	0.2335	56306	1417791	0.0381969436203995	T	C	FALSE
2	95631823	rs78689419	0.7821	-0.0102	0.0369	0.0301	0.0301	41723	1322062	0.0305935319716818	A	C	FALSE
2	95631986	rs181814480	0.2463	0.1764	0.1522	0.9888	0.0112	8330	6324	0.568445475638051	A	G	FALSE
2	95632205	rs6708474	5.733e-06	0.0514	0.0113	0.7649	0.2351	56306	1417791	0.0381969436203995	A	G	FALSE
2	95633647	rs34282806	0.8136	0.0259	0.1097	0.019	0.019	23645	440396	0.0509545492747408	A	G	FALSE
2	95639504	rs4555374	1.262e-06	0.0539	0.0111	0.7528	0.2472	56306	1417791	0.0381969436203995	A	G	FALSE
2	95640027	rs62147977	0.5056	0.0106	0.016	0.115	0.115	56306	1417791	0.0381969436203995	A	G	FALSE
2	95640358	rs115878902	0.3901	-0.0856	0.0996	0.017	0.017	26421	442271	0.056371775067635	A	G	FALSE
2	95640968	rs72819427	0.03575	-0.1011	0.0482	0.0242	0.0242	37688	981372	0.0369831020744608	T	C	FALSE
2	95640973	rs147423997	0.6553	-0.1178	0.264	0.0102	0.0102	4887	3716	0.568057654306637	T	C	FALSE
2	95643233	rs140648556	0.4388	-0.0536	0.0693	0.0156	0.0156	15558	878337	0.0174047287433088	T	G	FALSE
2	95647049	rs7589578	3.662e-06	-0.0516	0.0111	0.2472	0.2472	56306	1417791	0.0381969436203995	A	C	FALSE
2	95647444	rs74479388	0.895	-0.0034	0.0258	0.0477	0.0477	55794	1417509	0.0378700104459164	T	C	FALSE
2	95648470	rs114515749	0.9478	0.0037	0.0571	0.9894	0.0106000000000001	30435	974587	0.0302829191798786	C	G	FALSE
2	95648585	rs78846739	0.9533	0.0015	0.0258	0.0484	0.0484	55794	1417509	0.0378700104459164	A	G	FALSE
2	95649492	rs146280953	0.2312	-0.0866	0.0724	0.0108	0.0108	42086	1322227	0.0308477600081506	T	G	FALSE
2	95649637	rs114028954	0.8358	0.0149	0.0718	0.9896	0.0104	16727	879305	0.0186678600764258	A	G	FALSE
2	95651960	rs6577006	4.355e-06	0.0514	0.0112	0.7505	0.2495	56306	1417791	0.0381969436203995	C	G	FALSE
2	95652933	rs145888778	0.9161	-0.0157	0.1492	0.9835	0.0165	7803	5852	0.571439033321128	A	G	FALSE
2	95654449	rs189903597	0.6397	0.0485	0.1035	0.0136	0.0136	27823	443190	0.0590705564389943	A	G	FALSE
2	95656371	rs145848388	0.225	-0.278	0.2291	0.0226	0.0226	3089	2814	0.523293240725055	A	G	FALSE
2	95659249	rs4854241	4.315e-06	-0.0516	0.0112	0.2467	0.2467	56306	1417791	0.0381969436203995	A	G	FALSE
2	95659291	rs67014278	0.002851	-0.0284	0.0095	0.4741	0.4741	56306	1417791	0.0381969436203995	T	C	FALSE
2	95661403	rs145616922	0.484	0.0302	0.0432	0.9676	0.0324	35345	1315724	0.0261607660304544	A	G	FALSE
2	95663135	rs140417272	0.6891	0.0286	0.0715	0.0103	0.0103	29266	973619	0.0291818104767745	A	G	FALSE
2	95665733	rs7582368	2.168e-06	-0.0538	0.0114	0.2451	0.2451	56306	1417791	0.0381969436203995	C	G	FALSE
2	95666090	rs115152327	0.4462	-0.0755	0.0992	0.017	0.017	26421	442271	0.056371775067635	A	G	FALSE
2	95667621	rs17802697	0.003555	0.0275	0.0094	0.5204	0.4796	56306	1417791	0.0381969436203995	A	C	FALSE
2	95669593	rs115536480	0.3968	-0.0841	0.0992	0.017	0.017	26421	442271	0.056371775067635	A	G	FALSE
2	95670706	rs145580918	0.03835	-0.0838	0.0405	0.0383	0.0383	22811	885122	0.0251241005668921	T	C	FALSE
2	95670912	rs116806205	0.6937	0.0282	0.0715	0.0103	0.0103	29266	973619	0.0291818104767745	T	C	FALSE
2	95671425	rs76985207	0.8584	-0.0158	0.0887	0.0284	0.0284	26421	442271	0.056371775067635	A	T	FALSE
2	95671747	rs10197534	0.08864	-0.0451	0.0265	0.9673	0.0327	55431	1417344	0.0376371136120589	T	C	FALSE
2	95671751	rs12615758	0.5473	0.0127	0.021	0.0623	0.0623	56306	1417791	0.0381969436203995	A	G	FALSE
2	95674494	rs115107175	0.0009902	0.1468	0.0446	0.976	0.024	49053	1411006	0.0335965875351613	C	G	FALSE
2	95675477	rs7604922	0.6534	-0.0077	0.0171	0.0885	0.0885	56306	1417791	0.0381969436203995	A	G	FALSE
2	95676075	rs77579157	0.7424	0.0152	0.0462	0.032	0.032	16727	879305	0.0186678600764258	T	C	FALSE
2	95676438	rs10445976	0.5641	0.0087	0.0151	0.1185	0.1185	56306	1417791	0.0381969436203995	T	C	FALSE
2	95677094	rs6723444	0.03216	0.0249	0.0116	0.5285	0.4715	42598	1322509	0.0312048799105125	A	G	FALSE
2	95677667	rs145572036	0.2604	-0.0806	0.0716	0.0109	0.0109	42086	1322227	0.0308477600081506	A	G	FALSE
2	95679016	rs114044329	6.095e-06	0.1094	0.0242	0.947	0.053	56306	1417791	0.0381969436203995	A	G	FALSE
2	95680267	rs11164117	0.001116	0.0306	0.0094	0.5204	0.4796	56306	1417791	0.0381969436203995	A	G	FALSE
2	95680803	rs115868006	0.7181	-0.0257	0.0712	0.9896	0.0104	29629	973784	0.0295282201845103	C	G	FALSE
2	95681173	rs186598629	0.7801	0.0652	0.2334	0.0144	0.0144	6634	4884	0.575968050008682	A	G	FALSE
2	95681288	rs112935704	0.975	-0.0012	0.0389	0.0193	0.0193	55431	1417344	0.0376371136120589	T	C	FALSE
2	95681746	rs148656433	0.6396	0.0495	0.1057	0.0131	0.0131	27823	443190	0.0590705564389943	A	G	FALSE
2	95682916	rs145392098	0.6167	0.0279	0.0557	0.016	0.016	42598	1322509	0.0312048799105125	A	G	FALSE
2	95683120	rs6747563	0.001431	0.03	0.0094	0.5201	0.4799	56306	1417791	0.0381969436203995	A	G	FALSE
2	95683479	rs75769401	5.903e-06	-0.1096	0.0242	0.053	0.053	56306	1417791	0.0381969436203995	A	G	FALSE
2	95684297	rs79355114	0.1037	0.2937	0.1805	0.0216	0.0216	10406	874707	0.0117566909535845	C	G	FALSE
2	95684417	rs7565772	1.816e-06	-0.0533	0.0112	0.2486	0.2486	56306	1417791	0.0381969436203995	A	G	FALSE
2	95684744	rs114969196	0.8858	0.0035	0.0247	0.951	0.049	56306	1417791	0.0381969436203995	A	T	FALSE
2	95686505	rs139505771	0.7104	-0.0191	0.0515	0.0184	0.0184	35345	1315724	0.0261607660304544	C	G	FALSE
2	95687104	rs4241315	1.653e-06	-0.0535	0.0112	0.249	0.249	56306	1417791	0.0381969436203995	A	G	FALSE
2	95687576	rs72819437	0.4776	0.0346	0.0487	0.0202	0.0202	42598	1322509	0.0312048799105125	A	G	FALSE
2	95687653	rs77374723	0.05915	0.0522	0.0276	0.03	0.03	55431	1417344	0.0376371136120589	A	G	FALSE
2	95690258	rs2279785	0.8428	0.0043	0.0219	0.0559	0.0559	56306	1417791	0.0381969436203995	C	G	FALSE
2	95690355	rs79845078	0.591	0.0609	0.1133	0.0179	0.0179	23645	440396	0.0509545492747408	T	G	FALSE
2	95691042	rs118021304	0.127	0.2838	0.186	0.0223	0.0223	10406	874707	0.0117566909535845	T	C	FALSE
2	95691596	rs145146615	0.294	0.0646	0.0616	0.014	0.014	22811	885122	0.0251241005668921	T	C	FALSE
2	95692327	rs374848643	0.3658	0.0844	0.0933	0.0136	0.0136	33674	449056	0.0697574213328362	T	C	FALSE
2	95692774	rs7560571	0.0003192	0.0356	0.0099	0.6385	0.3615	56306	1417791	0.0381969436203995	A	G	FALSE
2	95695296	rs111935771	0.8429	0.0037	0.0188	0.0684	0.0684	55943	1417626	0.0379642894224838	A	T	FALSE
2	95696345	rs116702219	0.7087	0.0173	0.0462	0.0319	0.0319	16727	879305	0.0186678600764258	T	C	FALSE
2	95698210	rs3105098	1.054e-07	0.0608	0.0114	0.7586	0.2414	56306	1417791	0.0381969436203995	C	G	FALSE
2	95698546	rs2874283	0.1236	0.071	0.0461	0.9854	0.0145999999999999	55943	1417626	0.0379642894224838	T	C	FALSE
2	95698646	rs1316873	0.6521	-0.0069	0.0153	0.8834	0.1166	56306	1417791	0.0381969436203995	C	G	FALSE
2	95699801	rs75040964	0.1035	0.0475	0.0292	0.0784	0.0784	30435	974587	0.0302829191798786	T	C	FALSE
2	95700437	rs114873791	0.8868	0.0039	0.0274	0.0357	0.0357	56306	1417791	0.0381969436203995	T	C	FALSE
2	95700730	rs3113002	6.469e-06	0.0462	0.0103	0.6792	0.3208	56306	1417791	0.0381969436203995	A	G	FALSE
2	95700751	rs62148039	0.7824	-0.0122	0.044	0.9774	0.0226	41723	1322062	0.0305935319716818	T	C	FALSE
2	95700986	rs116778080	4.967e-06	0.1102	0.0241	0.947	0.053	56306	1417791	0.0381969436203995	T	C	FALSE
2	95701516	rs113758064	0.8398	0.0049	0.0241	0.0703	0.0703	42598	1322509	0.0312048799105125	A	G	FALSE
2	95702089	rs4854242	0.207	-0.0757	0.06	0.9866	0.0134	29629	973784	0.0295282201845103	A	G	FALSE
2	95703862	rs144581168	0.6818	-0.0166	0.0404	0.0354	0.0354	35345	1315724	0.0261607660304544	A	T	FALSE
2	95705097	rs62637956	0.0004624	-0.0449	0.0128	0.3178	0.3178	42598	1322509	0.0312048799105125	C	G	FALSE
2	95707519	rs3105099	4.523e-06	-0.0471	0.0103	0.3195	0.3195	56306	1417791	0.0381969436203995	A	G	FALSE
2	95710096	rs34738006	0.04203	-0.0621	0.0306	0.9747	0.0253	55431	1417344	0.0376371136120589	T	C	FALSE
2	95711143	rs139096597	1.82e-05	0.1153	0.0269	0.9541	0.0459000000000001	56306	1417791	0.0381969436203995	A	G	FALSE
2	95713639	rs192893161	0.7582	-0.0477	0.1551	0.0108	0.0108	8315	6134	0.575472351027753	T	C	FALSE
2	95715867	rs3112982	5.615e-07	-0.0554	0.0111	0.2539	0.2539	56306	1417791	0.0381969436203995	T	C	FALSE
2	95716644	rs3112983	8.102e-07	0.0551	0.0112	0.7486	0.2514	56306	1417791	0.0381969436203995	C	G	FALSE
2	95718195	rs79641586	0.9286	-0.0021	0.0239	0.0458	0.0458	56306	1417791	0.0381969436203995	T	C	FALSE
2	95719703	rs41310787	0.6568	0.0166	0.0373	0.024	0.024	53858	846380	0.0598264014627243	A	C	FALSE
2	95720630	rs2291991	2.977e-07	0.0568	0.0111	0.746	0.254	56306	1417791	0.0381969436203995	A	C	FALSE
2	95721459	rs17119064	0.5598	0.0091	0.0156	0.1125	0.1125	56306	1417791	0.0381969436203995	T	C	FALSE
2	95722177	rs35803313	0.04088	0.0623	0.0305	0.0259	0.0259	55431	1417344	0.0376371136120589	T	C	FALSE
2	95722609	rs17746486	0.09022	0.0622	0.0367	0.0331	0.0331	35345	1315724	0.0261607660304544	T	C	FALSE
2	95722909	rs872580	6.742e-07	0.0553	0.0111	0.7479	0.2521	56306	1417791	0.0381969436203995	A	C	FALSE
2	95723165	rs72819442	0.03392	-0.0942	0.0444	0.0265	0.0265	56306	1417791	0.0381969436203995	T	C	FALSE
2	95727932	rs3105106	0.1382	0.1048	0.0707	0.99	0.01	34365	409514	0.0774197472734687	A	G	FALSE
2	95728363	rs3112984	3.445e-06	0.0518	0.0112	0.7472	0.2528	56306	1417791	0.0381969436203995	C	G	FALSE
2	95729053	rs3112985	1.224e-06	-0.0538	0.0111	0.2521	0.2521	56306	1417791	0.0381969436203995	T	G	FALSE
2	95729338	rs3112986	1.189e-06	-0.0538	0.0111	0.2521	0.2521	56306	1417791	0.0381969436203995	A	G	FALSE
2	95729638	rs71427013	0.7958	0.0044	0.0171	0.0986	0.0986	56306	1417791	0.0381969436203995	A	G	FALSE
2	95730620	rs145340876	0.6345	-0.0357	0.0751	0.0115	0.0115	36519	980404	0.0359112735182506	T	C	FALSE
2	95731101	rs3112987	1.002e-06	-0.0546	0.0112	0.2497	0.2497	56306	1417791	0.0381969436203995	C	G	FALSE
2	95731727	rs2874315	0.5311	-0.0143	0.0228	0.9451	0.0549	56306	1417791	0.0381969436203995	T	G	FALSE
2	95732003	rs75047240	0.8877	0.0035	0.0246	0.9512	0.0488	56306	1417791	0.0381969436203995	A	G	FALSE
2	95732150	rs74334627	0.04585	0.0617	0.0309	0.0255	0.0255	55431	1417344	0.0376371136120589	A	G	FALSE
2	95733717	rs6723333	1.128e-06	0.0541	0.0111	0.748	0.252	56306	1417791	0.0381969436203995	T	C	FALSE
2	95733847	rs4854243	5.962e-05	-0.0553	0.0138	0.2377	0.2377	42598	1322509	0.0312048799105125	T	C	FALSE
2	95734218	rs3105103	6.065e-05	0.0458	0.0114	0.6795	0.3205	37688	981372	0.0369831020744608	T	C	FALSE
2	95734474	rs13005775	0.8612	0.003	0.0169	0.099	0.099	56306	1417791	0.0381969436203995	A	G	FALSE
2	95734623	rs2320619	1.377e-06	-0.054	0.0112	0.2509	0.2509	56306	1417791	0.0381969436203995	A	G	FALSE
2	95735140	rs2320620	1.041e-06	0.0543	0.0111	0.7482	0.2518	56306	1417791	0.0381969436203995	T	C	FALSE
2	95735947	rs145782573	0.4262	0.0499	0.0628	0.0148	0.0148	31800	1313654	0.0236351447169506	A	G	FALSE
2	95735979	rs149302308	0.0005054	-0.0751	0.0216	0.0714	0.0714	56306	1417791	0.0381969436203995	A	G	FALSE
2	95737678	rs11892003	0.1498	-0.0401	0.0278	0.9691	0.0309	55431	1417344	0.0376371136120589	T	C	FALSE
2	95737679	rs4854244	2.625e-06	-0.0535	0.0114	0.2409	0.2409	56306	1417791	0.0381969436203995	A	C	FALSE
2	95738891	rs116276840	0.8775	0.0038	0.0247	0.9515	0.0485	56306	1417791	0.0381969436203995	A	G	FALSE
2	95740100	rs7585473	1.134e-06	-0.0539	0.0111	0.2519	0.2519	56306	1417791	0.0381969436203995	T	G	FALSE
2	95741067	rs114579387	0.000138	-0.1557	0.0409	0.0243	0.0243	49053	1411006	0.0335965875351613	A	G	FALSE
2	95742453	rs3105100	1.311e-06	-0.0537	0.0111	0.2513	0.2513	56306	1417791	0.0381969436203995	A	C	FALSE
2	95742678	rs3105101	1.061e-06	0.0541	0.0111	0.7477	0.2523	56306	1417791	0.0381969436203995	A	C	FALSE
2	95745120	rs3112989	0.0002968	0.0344	0.0095	0.5488	0.4512	56306	1417791	0.0381969436203995	A	G	FALSE
2	95745944	rs139805216	0.1318	0.0983	0.0652	0.9863	0.0137	42086	1322227	0.0308477600081506	T	C	FALSE
2	95745974	rs150824519	0.8631	-0.0119	0.069	0.01	0.01	23105	885643	0.0254250903440778	T	C	FALSE
2	95747660	rs113155966	0.7898	-0.0227	0.0851	0.9763	0.0237000000000001	26421	442271	0.056371775067635	T	C	FALSE
2	95749782	rs189322618	0.1029	0.3935	0.2413	0.0131	0.0131	3858	3009	0.561817387505461	T	C	FALSE
2	95749999	rs80183796	0.8945	0.0033	0.0252	0.9526	0.0474	56306	1417791	0.0381969436203995	T	C	FALSE
2	95750419	rs3112990	2.994e-07	-0.0572	0.0112	0.2665	0.2665	56306	1417791	0.0381969436203995	T	C	FALSE
2	95752276	rs184530004	0.5694	-0.1476	0.2595	0.0153	0.0153	4524	3551	0.560247678018576	T	C	FALSE
2	95754205	rs556303030	0.1345	-0.5187	0.3466	0.0125	0.0125	5576	3517	0.613218959639283	A	C	FALSE
2	95754669	rs146020341	0.1383	-0.0965	0.0651	0.0137	0.0137	42086	1322227	0.0308477600081506	A	G	FALSE
2	95755475	rs77910653	0.922	-0.0025	0.0251	0.0483	0.0483	56306	1417791	0.0381969436203995	A	G	FALSE
2	95762277	rs62148044	0.865	0.0065	0.0382	0.9713	0.0287	53858	846380	0.0598264014627243	A	G	FALSE
2	95763060	rs151036480	0.1093	0.0889	0.0555	0.9823	0.0177000000000001	42598	1322509	0.0312048799105125	T	C	FALSE
2	95763345	rs77976443	0.5578	-0.0082	0.0141	0.8613	0.1387	55137	1416823	0.0374582189733417	A	G	FALSE
2	95764604	rs116675189	0.224	0.0302	0.0248	0.9436	0.0564	37688	981372	0.0369831020744608	A	G	FALSE
2	95766599	rs115258802	0.057	-0.0616	0.0324	0.0372	0.0372	56306	1417791	0.0381969436203995	T	C	FALSE
2	95766622	rs113198616	0.4944	0.116	0.1698	0.9871	0.0129	21707	439233	0.0470928971232698	A	G	FALSE
2	95771096	rs3112231	1.54e-06	-0.0532	0.0111	0.2517	0.2517	56306	1417791	0.0381969436203995	T	C	FALSE
2	95771324	rs72819453	0.03391	0.0952	0.0449	0.9752	0.0248	56306	1417791	0.0381969436203995	T	C	FALSE
2	95775761	rs113259652	0.6064	0.0121	0.0234	0.0481	0.0481	56306	1417791	0.0381969436203995	A	G	FALSE
2	95776127	rs190633189	0.5797	0.1647	0.2974	0.0118	0.0118	3872	3108	0.554727793696275	T	C	FALSE
2	95776956	rs114615085	3.319e-05	-0.1011	0.0244	0.0525	0.0525	56306	1417791	0.0381969436203995	A	G	FALSE
2	95777084	rs115616626	0.9805	0.002	0.0799	0.0127	0.0127	15558	878337	0.0174047287433088	A	G	FALSE
2	95778365	rs10184772	0.49	0.0095	0.0138	0.1385	0.1385	56306	1417791	0.0381969436203995	A	G	FALSE
2	95780383	rs142479720	0.5128	0.0372	0.0569	0.0155	0.0155	42598	1322509	0.0312048799105125	A	G	FALSE
2	95781896	rs183661092	0.8382	-0.014	0.0688	0.01	0.01	23980	886090	0.0263496214576901	C	G	FALSE
2	95782310	rs113891823	0.7559	-0.0267	0.0858	0.9772	0.0228	26421	442271	0.056371775067635	T	C	FALSE
2	95782742	rs3112222	1.584e-06	-0.0533	0.0111	0.2513	0.2513	56306	1417791	0.0381969436203995	T	C	FALSE
2	95783370	rs145304719	0.2247	0.2574	0.212	0.9766	0.0234	3858	3009	0.561817387505461	T	C	FALSE
2	95784975	rs3112992	0.0001032	-0.0378	0.0097	0.3914	0.3914	56306	1417791	0.0381969436203995	T	C	FALSE
2	95785763	rs150773658	0.7598	-0.0492	0.1609	0.0179	0.0179	6634	4884	0.575968050008682	C	G	FALSE
2	95786254	rs116676054	0.5708	0.0292	0.0515	0.9816	0.0184	35345	1315724	0.0261607660304544	T	C	FALSE
2	95786624	rs3112993	0.2478	0.0961	0.0831	0.9896	0.0104	38618	749965	0.0489713828474618	T	C	FALSE
2	95790331	rs3112226	9.682e-05	0.038	0.0098	0.6072	0.3928	56306	1417791	0.0381969436203995	T	C	FALSE
2	95791142	rs575229545	0.6277	-0.0705	0.1454	0.9854	0.0145999999999999	7803	5852	0.571439033321128	T	C	FALSE
2	95791211	rs143482101	0.04758	-0.062	0.0313	0.9744	0.0256	54262	1416376	0.0368969114085179	T	C	FALSE
2	95791263	rs148001062	0.3445	0.0308	0.0326	0.0215	0.0215	56306	1417791	0.0381969436203995	A	G	FALSE
2	95791528	rs3112225	1.548e-06	0.0532	0.0111	0.7487	0.2513	56306	1417791	0.0381969436203995	T	C	FALSE
2	95796775	rs148869124	0.09962	-0.0923	0.0561	0.0173	0.0173	42598	1322509	0.0312048799105125	A	T	FALSE
2	95801174	rs77179697	0.6353	0.0225	0.0474	0.9774	0.0226	17254	879777	0.0192345637999133	T	C	FALSE
2	95805009	rs3112994	7.862e-05	-0.0385	0.0097	0.3925	0.3925	56306	1417791	0.0381969436203995	A	G	FALSE
2	95805050	rs3112995	1.635e-06	0.0529	0.011	0.748	0.252	56306	1417791	0.0381969436203995	T	C	FALSE
2	95805876	rs3112223	1.614e-06	-0.053	0.011	0.2517	0.2517	56306	1417791	0.0381969436203995	T	G	FALSE
2	95806167	rs3105102	1.171e-06	-0.0539	0.0111	0.2556	0.2556	56306	1417791	0.0381969436203995	C	G	FALSE
2	95806363	rs147792184	0.9108	0.0159	0.1421	0.9807	0.0193	5027	3977	0.558307418924922	A	T	FALSE
2	95806969	rs12471385	0.8231	0.0036	0.0162	0.0985	0.0985	56306	1417791	0.0381969436203995	T	C	FALSE
2	95808020	rs75145358	0.4772	-0.0315	0.0443	0.0234	0.0234	42598	1322509	0.0312048799105125	A	G	FALSE
2	95808221	rs71427017	0.7565	0.0047	0.0152	0.1274	0.1274	56306	1417791	0.0381969436203995	A	C	FALSE
2	95809238	rs2001254	1.764e-06	-0.0529	0.0111	0.2523	0.2523	56306	1417791	0.0381969436203995	T	C	FALSE
2	95809604	rs2874316	3.613e-05	-0.1003	0.0243	0.0507	0.0507	56306	1417791	0.0381969436203995	T	C	FALSE
2	95812372	rs3112996	1.657e-06	0.0529	0.011	0.748	0.252	56306	1417791	0.0381969436203995	A	G	FALSE
2	95815306	rs36045840	0.09273	0.0464	0.0276	0.0309	0.0309	55431	1417344	0.0376371136120589	T	C	FALSE
2	95816137	rs62148049	0.7516	-0.0112	0.0355	0.0289	0.0289	56306	1417791	0.0381969436203995	A	G	FALSE
2	95816365	rs3105104	1.708e-06	0.0529	0.0111	0.7476	0.2524	56306	1417791	0.0381969436203995	A	G	FALSE
2	95816563	rs3112221	1.729e-06	0.0528	0.011	0.7483	0.2517	56306	1417791	0.0381969436203995	A	T	FALSE
2	95818151	rs3112997	1.683e-06	0.0531	0.0111	0.7502	0.2498	56306	1417791	0.0381969436203995	A	G	FALSE
2	95818809	rs79435252	0.896	-0.0032	0.0246	0.0486	0.0486	56306	1417791	0.0381969436203995	A	C	FALSE
2	95820666	rs62149216	0.3029	-0.0267	0.0259	0.9485	0.0515	56306	1417791	0.0381969436203995	A	G	FALSE
2	95820819	rs138542432	0.4974	0.0453	0.0667	0.0129	0.0129	31800	1313654	0.0236351447169506	T	C	FALSE
2	95821006	rs76254358	0.9888	4e-04	0.0297	0.0464	0.0464	42598	1322509	0.0312048799105125	T	C	FALSE
2	95822447	rs3112998	0.0001788	-0.0352	0.0094	0.4474	0.4474	56306	1417791	0.0381969436203995	A	G	FALSE
2	95824624	rs77501534	0.3183	0.036	0.0361	0.0379	0.0379	35345	1315724	0.0261607660304544	T	G	FALSE
2	95824950	rs147090558	0.7849	0.0477	0.1749	0.0119	0.0119	6634	4884	0.575968050008682	A	G	FALSE
2	95825313	rs147332807	0.2162	-0.0812	0.0657	0.0328	0.0328	15056	12637	0.543675297006464	C	G	FALSE
2	95826700	rs143869805	0.9109	-0.009	0.0807	0.0305	0.0305	26421	442271	0.056371775067635	A	G	FALSE
2	95827798	rs12185694	0.819	-0.0112	0.0491	0.018	0.018	42071	1322037	0.0308413996545728	T	G	FALSE
2	95830652	rs6719142	0.003229	-0.0289	0.0098	0.4961	0.4961	56306	1417791	0.0381969436203995	T	C	FALSE
2	95831094	rs72819463	0.004502	-0.1175	0.0414	0.0289	0.0289	56306	1417791	0.0381969436203995	A	G	FALSE
2	95831976	rs142571177	0.5396	0.0362	0.059	0.0137	0.0137	36519	980404	0.0359112735182506	T	C	FALSE
2	95833187	rs13015670	0.5492	-0.021	0.0351	0.9679	0.0321	55431	1417344	0.0376371136120589	C	G	FALSE
2	95833320	rs146224706	0.4994	-0.0741	0.1097	0.018	0.018	23645	440396	0.0509545492747408	T	C	FALSE
2	95833362	rs139190755	0.3978	-0.0252	0.0298	0.0318	0.0318	56306	1417791	0.0381969436203995	A	G	FALSE
2	95833541	rs113543957	0.06238	-0.0848	0.0455	0.0237	0.0237	56306	1417791	0.0381969436203995	A	G	FALSE
2	95834560	rs72819465	0.06081	-0.0844	0.045	0.0246	0.0246	56306	1417791	0.0381969436203995	T	C	FALSE
2	95834866	rs142200361	0.1037	0.0631	0.0388	0.9786	0.0214	56306	1417791	0.0381969436203995	A	T	FALSE
2	95835614	rs3112228	1.853e-06	0.0526	0.011	0.7482	0.2518	56306	1417791	0.0381969436203995	T	C	FALSE
2	95836117	rs115799061	3.366e-05	-0.1023	0.0247	0.0498	0.0498	56306	1417791	0.0381969436203995	A	C	FALSE
2	95837254	rs145796636	0.6439	-0.0233	0.0503	0.9733	0.0266999999999999	16727	879305	0.0186678600764258	A	G	FALSE
2	95837378	rs188676724	0.5066	0.1372	0.2066	0.0104	0.0104	6248	4391	0.587273239966162	A	G	FALSE
2	95837416	rs116306113	0.2601	-0.1107	0.0983	0.0165	0.0165	26421	442271	0.056371775067635	A	G	FALSE
2	95837419	rs4854246	0.3896	-0.0123	0.0143	0.8646	0.1354	56306	1417791	0.0381969436203995	C	G	FALSE
2	95838111	rs79584949	0.09395	0.064	0.0382	0.9781	0.0219	56306	1417791	0.0381969436203995	T	C	FALSE
2	95838674	rs3112229	1.291e-06	-0.0534	0.011	0.2512	0.2512	56306	1417791	0.0381969436203995	A	G	FALSE
2	95843013	rs72819466	0.06396	-0.0834	0.045	0.0246	0.0246	56306	1417791	0.0381969436203995	T	C	FALSE
2	95846158	rs3112230	1.851e-06	-0.0526	0.011	0.2514	0.2514	56306	1417791	0.0381969436203995	T	C	FALSE
2	95848018	rs3105105	1.957e-06	-0.0525	0.011	0.2517	0.2517	56306	1417791	0.0381969436203995	T	C	FALSE
2	95848354	rs1875402	2.004e-06	0.0525	0.0111	0.7488	0.2512	56306	1417791	0.0381969436203995	A	G	FALSE
2	95849529	rs3112999	2.037e-06	0.0526	0.0111	0.7482	0.2518	56306	1417791	0.0381969436203995	T	C	FALSE
2	95849653	rs3113000	1.942e-06	-0.0525	0.011	0.2514	0.2514	56306	1417791	0.0381969436203995	T	C	FALSE
2	95850849	rs111645402	0.5284	0.0299	0.0474	0.9795	0.0205	23105	885643	0.0254250903440778	A	G	FALSE
2	95851474	rs116703942	0.5073	0.0481	0.0725	0.9883	0.0117	36519	980404	0.0359112735182506	T	C	FALSE
2	95853894	rs77514308	0.7183	0.0597	0.1654	0.0109	0.0109	7417	5359	0.58054164057608	A	G	FALSE
2	95855555	rs3113001	1.814e-06	0.0527	0.011	0.7484	0.2516	56306	1417791	0.0381969436203995	T	C	FALSE
2	95855836	rs115314532	0.4354	-0.0515	0.0661	0.9894	0.0106000000000001	35345	1315724	0.0261607660304544	T	G	FALSE
2	95856611	rs2320624	2.379e-06	-0.052	0.011	0.2513	0.2513	56306	1417791	0.0381969436203995	A	G	FALSE
2	95857962	rs144502793	0.8258	-0.0054	0.0247	0.0487	0.0487	56306	1417791	0.0381969436203995	T	C	FALSE
2	95857975	rs142017699	0.925	0.0028	0.03	0.0401	0.0401	56306	1417791	0.0381969436203995	C	G	FALSE
2	95858319	rs35391246	0.08709	-0.0559	0.0327	0.9754	0.0246	55431	1417344	0.0376371136120589	A	G	FALSE
2	95860845	rs74583470	0.09677	0.0482	0.029	0.0312	0.0312	55431	1417344	0.0376371136120589	T	C	FALSE
2	95861488	rs190046736	0.3256	0.0731	0.0744	0.0563	0.0563	7803	5852	0.571439033321128	A	C	FALSE
2	95861495	rs182633407	0.3694	0.0667	0.0743	0.0562	0.0562	7803	5852	0.571439033321128	A	G	FALSE
2	95862098	rs111650907	2.514e-06	0.0524	0.0111	0.7515	0.2485	56306	1417791	0.0381969436203995	C	G	FALSE
2	95862736	rs2320625	1.738e-05	-0.0424	0.0099	0.3709	0.3709	56306	1417791	0.0381969436203995	T	C	FALSE
2	95864032	rs17119140	1.999e-06	-0.0525	0.011	0.2508	0.2508	56306	1417791	0.0381969436203995	T	C	FALSE
2	95866479	rs3112232	0.02534	0.1331	0.0595	0.9875	0.0125	42598	1322509	0.0312048799105125	C	G	FALSE
2	95867109	rs13397825	0.9032	-0.0018	0.0151	0.8818	0.1182	56306	1417791	0.0381969436203995	T	C	FALSE
2	95868247	rs13385838	0.9306	0.0013	0.0151	0.1188	0.1188	56306	1417791	0.0381969436203995	A	G	FALSE
2	95869608	rs72819473	0.1832	0.0706	0.0531	0.0643	0.0643	26421	442271	0.056371775067635	T	C	FALSE
2	95870635	rs114726027	0.8597	-0.0061	0.0343	0.9655	0.0345	42598	1322509	0.0312048799105125	T	G	FALSE
2	95870948	rs76966113	0.7725	-0.0185	0.064	0.018	0.018	15558	878337	0.0174047287433088	A	G	FALSE
2	95871100	rs148431660	0.5438	-0.041	0.0675	0.9852	0.0148	13182	877235	0.0148042995585215	A	G	FALSE
2	95871839	rs62149219	0.3906	0.0207	0.0242	0.0508	0.0508	56306	1417791	0.0381969436203995	A	G	FALSE
2	95872896	rs77155089	0.4162	0.0235	0.0289	0.049	0.049	42598	1322509	0.0312048799105125	A	G	FALSE
2	95873379	rs115875829	0.409	-0.0251	0.0304	0.0315	0.0315	56306	1417791	0.0381969436203995	T	G	FALSE
2	95874133	rs17803470	0.7315	-0.0065	0.019	0.0818	0.0818	56306	1417791	0.0381969436203995	T	G	FALSE
2	95875339	rs75768934	4.276e-05	-0.1019	0.0249	0.0508	0.0508	55137	1416823	0.0374582189733417	T	C	FALSE
2	95876112	rs116776150	0.2758	0.1073	0.0985	0.9835	0.0165	26421	442271	0.056371775067635	A	G	FALSE
2	95879262	rs13033750	0.1181	0.0455	0.0291	0.0306	0.0306	55431	1417344	0.0376371136120589	A	G	FALSE
2	95880005	rs17119148	2.021e-06	0.0525	0.0111	0.7467	0.2533	56306	1417791	0.0381969436203995	T	C	FALSE
2	95881790	rs111594658	0.3802	0.0249	0.0284	0.0506	0.0506	42598	1322509	0.0312048799105125	A	G	FALSE
2	95881934	rs72819474	0.4677	-0.0325	0.0448	0.9771	0.0229	42598	1322509	0.0312048799105125	T	C	FALSE
2	95883100	rs147710575	0.002754	-0.1368	0.0457	0.0243	0.0243	49053	1411006	0.0335965875351613	T	C	FALSE
2	95883978	rs140744045	0.05151	-0.2908	0.1493	0.0154	0.0154	7137	5310	0.573391178597252	T	C	FALSE
2	95884816	rs6577010	0.01558	-0.1343	0.0555	0.0139	0.0139	42598	1322509	0.0312048799105125	A	G	FALSE
2	95885744	rs13007001	0.1236	-0.0448	0.0291	0.9692	0.0308000000000001	55431	1417344	0.0376371136120589	A	G	FALSE
2	95888434	rs13387294	0.9077	-0.0017	0.0151	0.8817	0.1183	56306	1417791	0.0381969436203995	T	G	FALSE
2	95893690	rs142853398	0.7216	0.0443	0.1242	0.0144	0.0144	24311	440938	0.0522537393954635	T	C	FALSE
2	95896036	rs6719098	1.547e-06	0.0531	0.0111	0.7484	0.2516	56306	1417791	0.0381969436203995	A	G	FALSE
2	95896471	rs140258187	0.4784	-0.1265	0.1784	0.0116	0.0116	6634	4884	0.575968050008682	A	G	FALSE
2	95897698	rs72819479	0.05537	0.087	0.0454	0.9757	0.0243	56306	1417791	0.0381969436203995	A	G	FALSE
2	95897767	rs6725821	1.532e-06	-0.0531	0.011	0.2513	0.2513	56306	1417791	0.0381969436203995	T	C	FALSE
2	95899519	rs140157964	0.4946	-0.0244	0.0357	0.9663	0.0337	42598	1322509	0.0312048799105125	A	G	FALSE
2	95899741	rs79504500	0.5144	-0.0168	0.0257	0.9539	0.0461	56306	1417791	0.0381969436203995	T	C	FALSE
2	95901265	rs11686534	0.0002881	-0.0354	0.0098	0.4599	0.4599	56306	1417791	0.0381969436203995	A	G	FALSE
2	95902245	rs56268488	0.6932	-0.0068	0.0173	0.0897	0.0897	56306	1417791	0.0381969436203995	A	G	FALSE
2	95903419	rs116132739	0.7941	-0.0197	0.0755	0.0336	0.0336	26421	442271	0.056371775067635	A	G	FALSE
2	95903902	rs12470428	0.8709	0.0025	0.0151	0.1184	0.1184	56306	1417791	0.0381969436203995	C	G	FALSE
2	95905658	rs4854247	1.66e-06	-0.053	0.0111	0.2516	0.2516	56306	1417791	0.0381969436203995	A	G	FALSE
2	95906485	rs143698407	0.5168	-0.1134	0.1748	0.0118	0.0118	6634	4884	0.575968050008682	C	G	FALSE
2	95906988	rs184940335	0.6933	-0.0972	0.2464	0.0155	0.0155	4524	3551	0.560247678018576	T	C	FALSE
2	95908235	rs150862895	0.002411	0.1602	0.0528	0.9808	0.0192	35345	1315724	0.0261607660304544	A	G	FALSE
2	95910770	rs190563490	0.7012	-0.0267	0.0697	0.9887	0.0113	22811	885122	0.0251241005668921	T	C	FALSE
2	95911816	rs113996403	0.3496	0.0456	0.0487	0.02	0.02	35345	1315724	0.0261607660304544	C	G	FALSE
2	95914095	rs6748967	1.336e-06	0.0536	0.0111	0.749	0.251	56306	1417791	0.0381969436203995	A	G	FALSE
2	95914718	rs184481283	0.6106	0.1303	0.2559	0.0106	0.0106	4524	3551	0.560247678018576	T	G	FALSE
2	95915902	rs72819481	0.6034	0.0228	0.0439	0.0229	0.0229	42598	1322509	0.0312048799105125	A	G	FALSE
2	95922619	rs150915633	0.3155	-0.0546	0.0544	0.9389	0.0611000000000001	26421	442271	0.056371775067635	C	G	FALSE
2	95922759	rs192393316	0.6418	0.0575	0.1237	0.0143	0.0143	24311	440938	0.0522537393954635	T	G	FALSE
2	95923465	rs6730693	1.201e-06	-0.054	0.0111	0.2498	0.2498	56306	1417791	0.0381969436203995	T	C	FALSE
2	95923622	rs4854248	1.546e-06	0.0535	0.0111	0.7452	0.2548	56306	1417791	0.0381969436203995	A	G	FALSE
2	95923707	rs139582078	0.3607	-0.0859	0.0939	0.017	0.017	26421	442271	0.056371775067635	T	C	FALSE
2	95923947	rs149096484	0.9998	0	0.1049	0.0106	0.0106	13110	306926	0.0409641415340774	T	C	FALSE
2	95924274	rs76746416	0.9135	-0.003	0.028	0.0466	0.0466	56306	1417791	0.0381969436203995	T	C	FALSE
2	95926154	rs1966272	1.147e-06	0.054	0.0111	0.7495	0.2505	56306	1417791	0.0381969436203995	A	C	FALSE
2	95926334	rs113351690	0.7489	0.0072	0.0224	0.0499	0.0499	56306	1417791	0.0381969436203995	A	C	FALSE
2	95926363	rs76433362	0.7522	0.0071	0.0224	0.0499	0.0499	56306	1417791	0.0381969436203995	A	C	FALSE
2	95926648	rs2098768	1.526e-06	-0.0534	0.0111	0.251	0.251	56306	1417791	0.0381969436203995	A	G	FALSE
2	95927389	rs76373641	0.9153	-0.003	0.028	0.0466	0.0466	56306	1417791	0.0381969436203995	C	G	FALSE
2	95927956	rs149416391	0.7041	-0.0954	0.2513	0.0156	0.0156	4524	3551	0.560247678018576	A	G	FALSE
2	95929713	rs2010533	9.945e-07	-0.0544	0.0111	0.2512	0.2512	56306	1417791	0.0381969436203995	A	G	FALSE
2	95930160	rs147179486	0.8	-0.0085	0.0335	0.9704	0.0296	49053	1411006	0.0335965875351613	T	G	FALSE
2	95930630	rs4854249	9.486e-07	-0.0544	0.0111	0.2498	0.2498	56306	1417791	0.0381969436203995	A	G	FALSE
2	95933027	rs143977195	0.1139	-0.1109	0.0702	0.0162	0.0162	14279	307894	0.044320908331859	A	C	FALSE
2	95937892	rs115436176	0.4552	0.131	0.1755	0.9823	0.0177000000000001	6634	4884	0.575968050008682	A	G	FALSE
2	95937997	rs954078	2.291e-07	0.0731	0.0141	0.8549	0.1451	56306	1417791	0.0381969436203995	T	C	FALSE
2	95939842	rs62153462	0.3362	0.0235	0.0245	0.0527	0.0527	56306	1417791	0.0381969436203995	A	G	FALSE
2	95940651	rs35733728	0.9528	0.0059	0.1001	0.9788	0.0212	25755	441729	0.0550927946197089	A	G	FALSE
2	95942203	rs114081176	0.2894	0.0335	0.0316	0.0285	0.0285	56306	1417791	0.0381969436203995	T	G	FALSE
2	95944632	rs35034822	0.07785	-0.0484	0.0275	0.9685	0.0315	55431	1417344	0.0376371136120589	T	G	FALSE
2	95945189	rs12620892	0.7675	0.0045	0.0151	0.1235	0.1235	56306	1417791	0.0381969436203995	T	C	FALSE
2	95945568	rs7585914	1.854e-06	0.0535	0.0112	0.754	0.246	56306	1417791	0.0381969436203995	A	G	FALSE
2	95945830	rs7586229	1.177e-06	0.0545	0.0112	0.7534	0.2466	56306	1417791	0.0381969436203995	T	G	FALSE
2	95946371	rs13030506	0.948	0.0065	0.1	0.0209	0.0209	25755	441729	0.0550927946197089	T	C	FALSE
2	95947085	rs12992066	2.765e-07	-0.0581	0.0113	0.2426	0.2426	56306	1417791	0.0381969436203995	A	G	FALSE
2	95947099	rs72819488	3.096e-08	-0.0792	0.0143	0.1417	0.1417	56306	1417791	0.0381969436203995	A	G	FALSE
2	95948876	rs75233929	0.9597	0.001	0.0195	0.1032	0.1032	56306	1417791	0.0381969436203995	T	C	FALSE
2	95948987	rs1104775	5.206e-05	-0.0549	0.0136	0.239	0.239	42598	1322509	0.0312048799105125	A	G	FALSE
2	95949877	rs75030927	0.221	0.0414	0.0338	0.0218	0.0218	56306	1417791	0.0381969436203995	A	T	FALSE
2	95950045	rs2320339	3.502e-07	-0.0565	0.0111	0.2538	0.2538	56306	1417791	0.0381969436203995	A	C	FALSE
2	95950525	rs189370501	0.04817	-0.1295	0.0656	0.0136	0.0136	42086	1322227	0.0308477600081506	T	C	FALSE
2	95951647	rs6739268	0.8907	0.0048	0.0346	0.9682	0.0318000000000001	42598	1322509	0.0312048799105125	A	G	FALSE
2	95952028	rs72819491	0.7809	-0.0163	0.0585	0.0137	0.0137	41429	1321541	0.0303961202374227	T	G	FALSE
2	95952177	rs7602232	0.8907	-0.0048	0.0346	0.0318	0.0318	42598	1322509	0.0312048799105125	C	G	FALSE
2	95952641	rs1006021	0.3416	0.0139	0.0146	0.8584	0.1416	56306	1417791	0.0381969436203995	A	G	FALSE
2	95955218	rs111970007	0.1263	-0.0742	0.0485	0.0212	0.0212	42598	1322509	0.0312048799105125	T	C	FALSE
2	95955680	rs2278067	7.76e-06	0.0428	0.0096	0.5097	0.4903	56306	1417791	0.0381969436203995	T	G	FALSE
2	95956042	rs72819493	0.00873	-0.1103	0.0421	0.0281	0.0281	56306	1417791	0.0381969436203995	T	C	FALSE
2	95957777	rs10195614	1.381e-07	0.0585	0.0111	0.7489	0.2511	56306	1417791	0.0381969436203995	A	G	FALSE
2	95959812	rs889854	2.476e-06	0.0457	0.0097	0.5636	0.4364	56306	1417791	0.0381969436203995	A	G	FALSE
2	95960663	rs149580917	0.2956	-0.2503	0.2393	0.0263	0.0263	3858	3009	0.561817387505461	C	G	FALSE
2	95960691	rs72819495	0.07348	-0.0815	0.0455	0.0241	0.0241	56306	1417791	0.0381969436203995	T	C	FALSE
2	95961417	rs3755526	3.488e-07	0.0602	0.0118	0.7642	0.2358	56306	1417791	0.0381969436203995	T	G	FALSE
2	95962548	rs3755525	5.808e-08	-0.0599	0.011	0.2577	0.2577	56306	1417791	0.0381969436203995	C	G	FALSE
2	95966046	rs3772044	3.25e-08	-0.0612	0.0111	0.2556	0.2556	56306	1417791	0.0381969436203995	T	G	FALSE
2	95966107	rs75868135	0.8993	0.013	0.1028	0.0198	0.0198	24311	440938	0.0522537393954635	T	C	FALSE
2	95966565	rs111998380	0.7549	0.007	0.0225	0.0502	0.0502	56306	1417791	0.0381969436203995	T	C	FALSE
2	95966744	rs3772043	6.812e-08	-0.0595	0.011	0.2581	0.2581	56306	1417791	0.0381969436203995	A	G	FALSE
2	95967623	rs116833964	0.4975	0.0208	0.0306	0.9355	0.0645	35872	1316196	0.0265312099687294	T	C	FALSE
2	95967626	rs114904618	0.9692	0.0037	0.097	0.0116	0.0116	10988	875612	0.0123934130385743	A	G	FALSE
2	95967628	rs76554191	0.02276	0.0621	0.0273	0.0382	0.0382	49053	1411006	0.0335965875351613	A	G	FALSE
2	95967746	rs9989786	1.204e-07	-0.0593	0.0112	0.2512	0.2512	56306	1417791	0.0381969436203995	A	G	FALSE
2	95968205	rs7574862	5.576e-08	-0.06	0.011	0.2572	0.2572	56306	1417791	0.0381969436203995	A	G	FALSE
2	95969027	rs1963366	0.983	7e-04	0.0311	0.9591	0.0409000000000001	42598	1322509	0.0312048799105125	C	G	FALSE
2	95969415	rs141309923	0.6651	-0.072	0.1662	0.013	0.013	7803	5852	0.571439033321128	A	G	FALSE
2	95969787	rs115800437	0.2938	-0.096	0.0914	0.0173	0.0173	26421	442271	0.056371775067635	T	C	FALSE
2	95969879	rs1559483	6.195e-08	-0.0598	0.0111	0.2572	0.2572	56306	1417791	0.0381969436203995	C	G	FALSE
2	95970160	rs71427025	0.0478	-0.0591	0.0298	0.9719	0.0281	54904	1416872	0.037304589828887	C	G	FALSE
2	95970366	rs6715813	6.719e-08	0.0597	0.0111	0.7428	0.2572	56306	1417791	0.0381969436203995	A	G	FALSE
2	95970952	rs3772042	7.26e-08	0.0597	0.0111	0.7439	0.2561	56306	1417791	0.0381969436203995	T	C	FALSE
2	95971422	rs6577012	6.055e-08	0.0599	0.0111	0.7427	0.2573	56306	1417791	0.0381969436203995	A	C	FALSE
2	95972159	rs115528323	0.009644	0.0796	0.0307	0.0592	0.0592	35345	1315724	0.0261607660304544	T	C	FALSE
2	95972707	rs3772041	6.824e-08	0.0597	0.0111	0.7426	0.2574	56306	1417791	0.0381969436203995	A	G	FALSE
2	95973131	rs7594144	6.061e-08	-0.0599	0.0111	0.2571	0.2571	56306	1417791	0.0381969436203995	T	C	FALSE
2	95973657	rs111376985	0.7866	0.0061	0.0227	0.0498	0.0498	56306	1417791	0.0381969436203995	T	C	FALSE
2	95973857	rs2278065	1.581e-05	-0.0595	0.0138	0.2627	0.2627	42598	1322509	0.0312048799105125	T	C	FALSE
2	95974818	rs3755523	6.275e-08	-0.0598	0.0111	0.2571	0.2571	56306	1417791	0.0381969436203995	A	G	FALSE
2	95974982	rs56285541	0.6792	-0.0141	0.0341	0.0371	0.0371	42598	1322509	0.0312048799105125	T	C	FALSE
2	95976912	rs11164122	1.246e-05	0.0599	0.0137	0.7561	0.2439	42598	1322509	0.0312048799105125	T	C	FALSE
2	95977118	rs139517527	0.7844	-0.0675	0.2468	0.0158	0.0158	4524	3551	0.560247678018576	A	G	FALSE
2	95977591	rs889853	6.726e-08	-0.0597	0.0111	0.2572	0.2572	56306	1417791	0.0381969436203995	T	G	FALSE
2	95977790	rs889852	6.38e-08	-0.0598	0.0111	0.2576	0.2576	56306	1417791	0.0381969436203995	T	C	FALSE
2	95979296	rs7580685	6.441e-08	0.0598	0.0111	0.7423	0.2577	56306	1417791	0.0381969436203995	A	G	FALSE
2	95979891	rs77042385	0.3786	-0.0813	0.0923	0.0169	0.0169	26421	442271	0.056371775067635	T	C	FALSE
2	95980340	rs889851	6.768e-08	-0.0597	0.0111	0.2572	0.2572	56306	1417791	0.0381969436203995	A	G	FALSE
2	95982093	rs870393	6.138e-08	0.0599	0.0111	0.7423	0.2577	56306	1417791	0.0381969436203995	T	C	FALSE
2	95983210	rs115880417	0.8874	-0.0045	0.0316	0.0597	0.0597	35872	1316196	0.0265312099687294	A	G	FALSE
2	95983226	rs3755521	6.784e-08	-0.0597	0.0111	0.2573	0.2573	56306	1417791	0.0381969436203995	A	G	FALSE
2	95984930	rs6577013	6.798e-08	0.0597	0.0111	0.7426	0.2574	56306	1417791	0.0381969436203995	A	G	FALSE
2	95985231	rs3755520	7.092e-08	0.0597	0.0111	0.7427	0.2573	56306	1417791	0.0381969436203995	A	G	FALSE
2	95987407	rs76055190	0.04021	-0.097	0.0473	0.0144	0.0144	56306	1417791	0.0381969436203995	T	C	FALSE
2	95987575	rs72821406	0.2152	-0.0863	0.0697	0.0269	0.0269	46492	543701	0.0787742314802107	T	C	FALSE
2	95988192	rs6745473	0.8126	-0.004	0.0171	0.0944	0.0944	56306	1417791	0.0381969436203995	T	G	FALSE
2	95988386	rs114201541	8.065e-06	-0.1186	0.0266	0.0498	0.0498	55779	1417319	0.0378650979093041	T	G	FALSE
2	95988592	rs3772037	5.268e-08	0.0603	0.0111	0.7422	0.2578	56306	1417791	0.0381969436203995	T	C	FALSE
2	95988849	rs2113418	7.95e-05	0.0385	0.0098	0.5202	0.4798	56306	1417791	0.0381969436203995	A	G	FALSE
2	95989272	rs3755519	5.996e-08	-0.06	0.0111	0.2574	0.2574	56306	1417791	0.0381969436203995	A	T	FALSE
2	95989376	rs62153508	0.9261	-0.0037	0.0397	0.0292	0.0292	53858	846380	0.0598264014627243	T	C	FALSE
2	95989766	rs3772034	4.692e-08	0.0605	0.0111	0.7423	0.2577	56306	1417791	0.0381969436203995	A	G	FALSE
2	95991962	rs7563891	4.938e-05	0.052	0.0128	0.6651	0.3349	42598	1322509	0.0312048799105125	T	C	FALSE
2	95992215	rs76158645	0.3451	0.0217	0.023	0.052	0.052	49053	1411006	0.0335965875351613	A	G	FALSE
2	95992354	rs13392201	0.9356	-0.0017	0.0214	0.0899	0.0899	42598	1322509	0.0312048799105125	T	C	FALSE
2	95992629	rs192823324	0.9231	0.0215	0.2225	0.0151	0.0151	6634	4884	0.575968050008682	A	G	FALSE
2	95994706	rs13399849	0.9089	-0.002	0.0173	0.0924	0.0924	56306	1417791	0.0381969436203995	T	C	FALSE
2	95995954	rs3821341	8.532e-08	0.06	0.0112	0.7432	0.2568	56306	1417791	0.0381969436203995	T	C	FALSE
2	95999215	rs4283455	4.105e-08	0.0618	0.0113	0.7467	0.2533	56306	1417791	0.0381969436203995	C	G	FALSE
2	95999856	rs2113417	3.103e-08	0.0622	0.0112	0.7476	0.2524	56306	1417791	0.0381969436203995	A	G	FALSE
2	96000943	rs2042477	1.375e-08	-0.0657	0.0116	0.2422	0.2422	56306	1417791	0.0381969436203995	A	T	TRUE
2	96002651	rs6741001	3.497e-08	-0.062	0.0112	0.2522	0.2522	56306	1417791	0.0381969436203995	A	G	FALSE
2	96002695	rs6744596	0.6533	-0.0138	0.0308	0.0309	0.0309	56306	1417791	0.0381969436203995	T	G	FALSE
2	96003762	rs918811	4.024e-08	-0.0634	0.0116	0.25	0.25	55137	1416823	0.0374582189733417	T	G	FALSE
2	96006243	rs72821412	0.9729	0.0015	0.0439	0.9771	0.0229	56306	1417791	0.0381969436203995	T	C	FALSE
2	96006995	rs2059314	1.043e-06	0.0485	0.0099	0.5941	0.4059	56306	1417791	0.0381969436203995	A	C	FALSE
2	96007303	rs11897976	3.448e-08	-0.062	0.0112	0.2522	0.2522	56306	1417791	0.0381969436203995	T	C	FALSE
2	96009318	rs9678800	3.582e-08	0.062	0.0112	0.7473	0.2527	56306	1417791	0.0381969436203995	A	C	FALSE
2	96009340	rs76763973	0.3388	0.022	0.023	0.0518	0.0518	49053	1411006	0.0335965875351613	A	G	FALSE
2	96011838	rs6750542	3.304e-08	-0.0621	0.0112	0.2524	0.2524	56306	1417791	0.0381969436203995	C	G	FALSE
2	96012081	rs535727988	0.3933	-0.0963	0.1128	0.0188	0.0188	8330	6324	0.568445475638051	T	C	FALSE
2	96012736	rs200411648	0.9145	0.0238	0.2214	0.0151	0.0151	6634	4884	0.575968050008682	A	G	FALSE
2	96012907	rs7602807	3.386e-08	-0.0622	0.0113	0.2519	0.2519	56306	1417791	0.0381969436203995	C	G	FALSE
2	96013828	rs3772033	3.834e-08	0.062	0.0113	0.7482	0.2518	56306	1417791	0.0381969436203995	T	C	FALSE
2	96013844	rs185801119	0.8018	0.0112	0.0447	0.9768	0.0232	42598	1322509	0.0312048799105125	A	G	FALSE
2	96014132	rs3772032	3.6e-08	0.062	0.0112	0.7477	0.2523	56306	1417791	0.0381969436203995	A	G	FALSE
2	96014891	rs3772031	3.766e-08	0.0619	0.0112	0.7478	0.2522	56306	1417791	0.0381969436203995	A	G	FALSE
2	96015741	rs1862897	3.801e-08	-0.0619	0.0113	0.2521	0.2521	56306	1417791	0.0381969436203995	T	C	FALSE
2	96016402	rs113733089	0.1634	0.0326	0.0234	0.0573	0.0573	49053	1411006	0.0335965875351613	A	G	FALSE
2	96016657	rs35466766	0.08386	0.0469	0.0272	0.0328	0.0328	55431	1417344	0.0376371136120589	T	C	FALSE
2	96017141	rs79602254	0.3116	-0.0471	0.0465	0.9777	0.0223	49053	1411006	0.0335965875351613	T	C	FALSE
2	96018056	rs11164123	0.1495	0.0528	0.0366	0.9769	0.0231	56306	1417791	0.0381969436203995	C	G	FALSE
2	96018305	rs115991584	0.835	-0.0341	0.1638	0.015	0.015	6634	4884	0.575968050008682	T	C	FALSE
2	96020473	rs188210982	0.715	0.031	0.0848	0.0152	0.0152	13448	877004	0.0151024423551185	A	C	FALSE
2	96022765	rs148172231	0.09826	0.1541	0.0932	0.0125	0.0125	27595	106951	0.205097141498075	A	G	FALSE
2	96023631	rs3755518	2.466e-08	0.0772	0.0138	0.8468	0.1532	56306	1417791	0.0381969436203995	C	G	FALSE
2	96023664	rs3821340	3.712e-05	0.0404	0.0098	0.5663	0.4337	56306	1417791	0.0381969436203995	T	C	FALSE
2	96024156	rs869185	2.223e-08	-0.0774	0.0138	0.1532	0.1532	56306	1417791	0.0381969436203995	A	T	FALSE
2	96024340	rs869186	2.165e-06	-0.0472	0.01	0.4007	0.4007	56306	1417791	0.0381969436203995	A	G	FALSE
2	96024876	rs2320431	2.31e-08	0.0774	0.0138	0.8468	0.1532	56306	1417791	0.0381969436203995	A	C	FALSE
2	96025229	rs58610630	3.017e-08	0.0753	0.0136	0.841	0.159	56306	1417791	0.0381969436203995	C	G	FALSE
2	96025765	rs61649840	1.632e-08	0.0783	0.0139	0.8428	0.1572	56306	1417791	0.0381969436203995	A	G	FALSE
2	96026199	rs113994558	0.5394	-0.0204	0.0332	0.0497	0.0497	42598	1322509	0.0312048799105125	A	G	FALSE
2	96028411	rs4854211	0.5297	-0.0463	0.0736	0.0104	0.0104	22299	884840	0.0245816793236759	C	G	FALSE
2	96029159	rs950320	0.2733	0.0136	0.0124	0.8082	0.1918	56306	1417791	0.0381969436203995	C	G	FALSE
2	96032864	rs557393188	0.2241	0.2873	0.2363	0.9843	0.0157	6634	4884	0.575968050008682	T	C	FALSE
2	96033058	rs59665910	0.853	0.0031	0.0166	0.9017	0.0983000000000001	56306	1417791	0.0381969436203995	A	G	FALSE
2	96033635	rs2113419	3.149e-08	-0.0752	0.0136	0.159	0.159	56306	1417791	0.0381969436203995	A	G	FALSE
2	96034363	rs2320432	0.2716	0.0136	0.0124	0.8082	0.1918	56306	1417791	0.0381969436203995	A	G	FALSE
2	96037247	rs4854251	3.257e-08	0.0751	0.0136	0.841	0.159	56306	1417791	0.0381969436203995	T	G	FALSE
2	96038093	rs10874471	3.408e-08	0.075	0.0136	0.841	0.159	56306	1417791	0.0381969436203995	T	C	FALSE
2	96038227	rs76765628	0.2976	-0.0676	0.0649	0.9848	0.0152	16727	879305	0.0186678600764258	A	G	FALSE
2	96038810	rs12468777	2.939e-08	0.0754	0.0136	0.8406	0.1594	56306	1417791	0.0381969436203995	A	G	FALSE
2	96041607	rs75815746	0.5212	-0.033	0.0514	0.0182	0.0182	35345	1315724	0.0261607660304544	A	G	FALSE
2	96043191	rs34185860	0.06078	-0.0575	0.0307	0.9738	0.0262	55431	1417344	0.0376371136120589	C	G	FALSE
2	96044014	rs112032343	4.101e-06	-0.1263	0.0274	0.0522	0.0522	49053	1411006	0.0335965875351613	A	G	FALSE
2	96044290	rs192443593	0.6475	0.0497	0.1087	0.027	0.027	7803	5852	0.571439033321128	T	C	FALSE
2	96044527	rs34055932	0.9276	-0.0021	0.0226	0.891	0.109	37688	981372	0.0369831020744608	T	C	FALSE
2	96046963	rs139681502	0.1353	0.0914	0.0612	0.9849	0.0151	42086	1322227	0.0308477600081506	C	G	FALSE
2	96050816	rs115648949	0.06474	0.121	0.0655	0.016	0.016	34176	1314756	0.0253355988292961	A	C	FALSE
2	96051241	rs185608702	0.9143	0.0243	0.2254	0.0153	0.0153	6634	4884	0.575968050008682	T	C	FALSE
2	96052875	rs138100144	0.7948	0.0402	0.1546	0.9883	0.0117	23142	439970	0.0499706334536786	A	T	FALSE
2	96056769	rs113974174	0.3455	0.0286	0.0303	0.0501	0.0501	35345	1315724	0.0261607660304544	T	C	FALSE
2	96058129	rs71427029	0.08578	0.0489	0.0285	0.0317	0.0317	55431	1417344	0.0376371136120589	T	C	FALSE
2	96061242	rs12996789	0.09809	-0.0473	0.0286	0.9685	0.0315	55431	1417344	0.0376371136120589	C	G	FALSE
2	96062071	rs72821424	0.9969	-2e-04	0.0391	0.0233	0.0233	56306	1417791	0.0381969436203995	C	G	FALSE
2	96066637	rs113793377	0.4779	-0.0735	0.1036	0.0188	0.0188	25764	441585	0.0551279664661741	T	C	FALSE
2	96066706	rs114887607	0.7403	0.0141	0.0425	0.0212	0.0212	42598	1322509	0.0312048799105125	A	C	FALSE
2	96067275	rs116752791	0.7489	-0.0275	0.0859	0.9851	0.0149	13448	877004	0.0151024423551185	T	C	FALSE
2	96071285	rs116013309	0.4778	0.0721	0.1015	0.0304	0.0304	7803	5852	0.571439033321128	T	G	FALSE
2	96071519	rs144830327	0.4402	0.0605	0.0784	0.0107	0.0107	15558	878337	0.0174047287433088	A	G	FALSE
2	96076077	rs13010219	0.07916	-0.058	0.033	0.9742	0.0258	54904	1416872	0.037304589828887	C	G	FALSE
2	96076409	rs6577014	0.04824	0.0775	0.0393	0.978	0.022	37688	981372	0.0369831020744608	T	C	FALSE
2	96077519	rs115616831	0.1803	-0.1217	0.0908	0.0168	0.0168	26421	442271	0.056371775067635	A	G	FALSE
2	96078567	rs114259522	0.5895	-0.0407	0.0755	0.0106	0.0106	15558	878337	0.0174047287433088	T	C	FALSE
2	96080225	rs62153519	0.1592	0.0649	0.0461	0.0278	0.0278	35345	1315724	0.0261607660304544	A	T	FALSE
2	96085210	rs182363487	0.6995	0.089	0.2307	0.9883	0.0117	5582	3849	0.591877849644789	T	C	FALSE
2	96085655	rs148980086	0.2778	0.0279	0.0257	0.0493	0.0493	49053	1411006	0.0335965875351613	A	G	FALSE
2	96090491	rs146900333	0.3797	-0.0264	0.03	0.9625	0.0375	49053	1411006	0.0335965875351613	A	C	FALSE
2	96091744	rs139138371	0.6934	-0.0258	0.0655	0.0125	0.0125	29407	973598	0.0293188967153703	T	G	FALSE
2	96097401	rs72821426	0.179	0.0689	0.0512	0.0665	0.0665	26421	442271	0.056371775067635	T	C	FALSE
2	96149581	rs199861244	0.8241	0.0147	0.0662	0.0234	0.0234	33674	449056	0.0697574213328362	A	C	FALSE
2	96149943	rs62155085	0.8803	0.0028	0.0184	0.091	0.091	56306	1417791	0.0381969436203995	A	C	FALSE
2	96150959	rs10201845	0.8805	-0.0027	0.0181	0.9076	0.0924	56306	1417791	0.0381969436203995	A	G	FALSE
2	96155864	rs139954837	0.8295	0.0096	0.0444	0.9767	0.0233	56306	1417791	0.0381969436203995	A	G	FALSE
2	96156351	rs186418118	0.824	0.0348	0.1563	0.9899	0.0101	25252	441303	0.0541243797623003	T	G	FALSE
2	96157447	rs183205568	0.6373	0.0369	0.0782	0.9824	0.0176	13110	306926	0.0409641415340774	T	C	FALSE
2	96157854	rs146681899	0.9308	-0.0198	0.2285	0.9847	0.0153	6634	4884	0.575968050008682	A	C	FALSE
2	96158720	rs12624036	0.9312	-0.0018	0.0207	0.9126	0.0874	56306	1417791	0.0381969436203995	A	T	FALSE
2	96158728	rs12624038	0.9154	-0.0022	0.0207	0.9125	0.0875	56306	1417791	0.0381969436203995	A	C	FALSE
2	96159722	rs11164126	0.1194	-0.0268	0.0172	0.0936	0.0936	56306	1417791	0.0381969436203995	A	G	FALSE
2	96164681	rs10183454	0.1365	-0.0255	0.0171	0.0932	0.0932	56306	1417791	0.0381969436203995	A	G	FALSE
2	96168626	rs76514714	0.5861	0.0205	0.0377	0.0278	0.0278	42598	1322509	0.0312048799105125	T	C	FALSE
2	96168712	rs72821430	0.61	0.0504	0.0988	0.9819	0.0181	26421	442271	0.056371775067635	T	G	FALSE
2	96169554	rs77137338	0.9128	0.0051	0.0464	0.0238	0.0238	36384	1316478	0.026894095628379	C	G	FALSE
2	96170622	rs114254570	0.3812	0.0251	0.0287	0.0416	0.0416	49053	1411006	0.0335965875351613	T	C	FALSE
2	96179305	rs6744976	0.138	-0.0254	0.0171	0.0929	0.0929	56306	1417791	0.0381969436203995	A	T	FALSE
2	96182638	rs143396034	0.8189	0.0335	0.1464	0.9887	0.0113	25252	441303	0.0541243797623003	A	G	FALSE
2	96184423	rs1862896	0.131	0.0259	0.0172	0.9079	0.0921	56306	1417791	0.0381969436203995	A	C	FALSE
2	96187417	rs149499213	0.9995	1e-04	0.2119	0.9668	0.0332	3942	2646	0.598360655737705	A	C	FALSE
2	96191156	rs538993990	0.7146	0.0818	0.2236	0.0147	0.0147	6634	4884	0.575968050008682	A	G	FALSE
2	96191564	rs149015321	0.5072	-0.0454	0.0685	0.0131	0.0131	22811	885122	0.0251241005668921	A	C	FALSE
2	96191930	rs114510100	0.8895	0.0115	0.0825	0.0156	0.0156	13448	877004	0.0151024423551185	T	C	FALSE
2	96192540	rs192267254	0.8559	0.0309	0.17	0.0119	0.0119	7221	4947	0.593441814595661	C	G	FALSE
2	96192993	rs141746436	0.09329	-0.1164	0.0694	0.0372	0.0372	15056	12637	0.543675297006464	A	G	FALSE
2	96194562	rs146272764	0.8419	-0.0106	0.0529	0.9803	0.0197000000000001	35872	1316196	0.0265312099687294	T	G	FALSE
2	96195504	rs75098566	0.9443	-0.0019	0.0268	0.9517	0.0483	56306	1417791	0.0381969436203995	A	G	FALSE
2	96195632	rs1364395	0.07412	-0.0709	0.0397	0.0216	0.0216	56306	1417791	0.0381969436203995	T	C	FALSE
2	96197771	rs146276317	0.9985	4e-04	0.2128	0.9672	0.0328000000000001	3942	2646	0.598360655737705	C	G	FALSE
2	96198358	rs1424362	0.09565	0.0287	0.0172	0.9055	0.0945	56306	1417791	0.0381969436203995	T	C	FALSE
2	96199080	rs75990268	0.6667	0.0625	0.1451	0.9845	0.0155	7803	5852	0.571439033321128	A	C	FALSE
2	96200124	rs13031190	0.8559	-0.0184	0.1015	0.023	0.023	26421	442271	0.056371775067635	A	T	FALSE
2	96203891	rs186208384	0.9272	0.0361	0.3948	0.9849	0.0151	2917	1991	0.594335778321108	T	C	FALSE
2	96204958	rs78964508	0.9013	0.0093	0.0749	0.9882	0.0118	16085	878809	0.0179741958265448	A	G	FALSE
2	96206153	rs6745441	0.1366	0.0257	0.0173	0.9074	0.0926	56306	1417791	0.0381969436203995	T	C	FALSE
2	96207739	rs115940547	0.6388	-0.0176	0.0375	0.9718	0.0282	42598	1322509	0.0312048799105125	T	G	FALSE
2	96212332	rs150057089	0.7663	-0.0362	0.1218	0.0132	0.0132	26421	442271	0.056371775067635	T	C	FALSE
2	96214447	rs114469873	0.7384	0.0338	0.1011	0.0179	0.0179	26421	442271	0.056371775067635	A	G	FALSE
2	96214949	rs34448650	0.5733	-0.0119	0.0211	0.8836	0.1164	42598	1322509	0.0312048799105125	T	C	FALSE
2	96216066	rs6716516	0.1299	-0.045	0.0297	0.0389	0.0389	56306	1417791	0.0381969436203995	T	C	FALSE
2	96217277	rs144802630	0.8991	0.0169	0.1333	0.9847	0.0153	7803	5852	0.571439033321128	T	G	FALSE
2	96217892	rs112709526	0.5951	-0.0399	0.075	0.0185	0.0185	13110	306926	0.0409641415340774	A	G	FALSE
2	96227253	rs115058895	0.1055	-0.1492	0.0922	0.0169	0.0169	26421	442271	0.056371775067635	T	C	FALSE
2	96233960	rs2008501	0.7862	0.0097	0.0358	0.0319	0.0319	42598	1322509	0.0312048799105125	T	C	FALSE
2	96234374	rs141163065	0.3062	0.0697	0.0681	0.0115	0.0115	42598	1322509	0.0312048799105125	T	G	FALSE
2	96235906	rs2113412	0.2304	0.021	0.0175	0.9052	0.0948	56306	1417791	0.0381969436203995	A	G	FALSE
2	96240368	rs76333649	0.6238	0.0192	0.0392	0.0241	0.0241	56306	1417791	0.0381969436203995	A	G	FALSE
2	96240419	rs115700567	0.1679	0.1243	0.0901	0.9828	0.0172	26421	442271	0.056371775067635	A	G	FALSE
2	96241051	rs1974909	0.5859	0.0109	0.02	0.0907	0.0907	56306	1417791	0.0381969436203995	A	G	FALSE
2	96241058	rs145886511	0.03678	-0.1308	0.0627	0.0119	0.0119	53858	846380	0.0598264014627243	A	G	FALSE
2	96242676	rs112635660	0.2258	-0.0364	0.0301	0.953	0.0470000000000001	49053	1411006	0.0335965875351613	A	G	FALSE
2	96248335	rs138744155	0.7807	-0.0317	0.1137	0.0168	0.0168	23645	440396	0.0509545492747408	C	G	FALSE
2	96248482	rs12998267	0.8944	-0.0028	0.021	0.8822	0.1178	42598	1322509	0.0312048799105125	A	G	FALSE
2	96248976	rs116472230	0.0005636	0.1103	0.032	0.951	0.049	49053	1411006	0.0335965875351613	A	G	FALSE
2	96249438	rs144263621	0.7253	-0.0459	0.1307	0.0155	0.0155	7803	5852	0.571439033321128	T	C	FALSE
2	96249720	rs191149115	0.8044	0.0426	0.1721	0.0106	0.0106	7803	5852	0.571439033321128	T	C	FALSE
2	96250122	rs371784783	0.9971	-2e-04	0.0572	0.9678	0.0322	33674	449056	0.0697574213328362	A	G	FALSE
2	96251136	rs71427040	0.3444	0.0402	0.0426	0.024	0.024	41196	1321590	0.0302292509608992	A	G	FALSE
2	96251145	rs7600796	0.1124	-0.0281	0.0177	0.1104	0.1104	56306	1417791	0.0381969436203995	T	C	FALSE
2	96251344	rs180689708	0.0003418	0.1181	0.033	0.9514	0.0486	35345	1315724	0.0261607660304544	C	G	FALSE
2	96252146	rs539865608	0.4861	0.104	0.1494	0.0109	0.0109	8166	6017	0.575759712331665	T	C	FALSE
2	96256275	rs192422064	0.4196	0.0714	0.0885	0.9846	0.0154	33674	449056	0.0697574213328362	T	C	FALSE
2	96256310	rs2874186	0.8182	-0.0039	0.0169	0.2085	0.2085	23980	886090	0.0263496214576901	T	G	FALSE
2	96257031	rs62155096	0.2269	-0.0481	0.0398	0.9683	0.0317	35872	1316196	0.0265312099687294	T	C	FALSE
2	96258509	rs372378140	0.6841	0.0433	0.1064	0.9866	0.0134	14544	12355	0.540689244953344	A	T	FALSE
2	96259184	rs143274998	0.3857	-0.0272	0.0313	0.9518	0.0482	49053	1411006	0.0335965875351613	A	T	FALSE
2	96260979	rs7565318	0.1348	-0.0267	0.0178	0.1048	0.1048	56306	1417791	0.0381969436203995	T	C	FALSE
2	96261259	rs537451960	0.3812	0.172	0.1965	0.9865	0.0135	6634	4884	0.575968050008682	T	C	FALSE
2	96323719	rs141144557	0.5952	-0.0598	0.1126	0.0172	0.0172	23645	440396	0.0509545492747408	T	C	FALSE
2	96326778	rs181277928	0.164	-0.219	0.1573	0.0129	0.0129	6634	4884	0.575968050008682	T	C	FALSE
2	96328954	rs143460482	0.9896	4e-04	0.0297	0.9524	0.0476	42598	1322509	0.0312048799105125	A	G	FALSE
2	96331621	rs79726494	0.3032	-0.079	0.0767	0.0104	0.0104	22299	884840	0.0245816793236759	A	C	FALSE
2	96333311	rs112908284	0.9823	-0.0045	0.2025	0.01	0.01	6634	4884	0.575968050008682	A	G	FALSE
2	96333656	rs62155101	0.1132	0.0582	0.0368	0.037	0.037	35872	1316196	0.0265312099687294	T	C	FALSE
2	96334690	rs34010054	0.7934	0.0055	0.0211	0.1154	0.1154	42598	1322509	0.0312048799105125	T	C	FALSE
2	96336560	rs144968254	0.03896	0.1213	0.0587	0.9834	0.0165999999999999	35345	1315724	0.0261607660304544	A	C	FALSE
2	96339513	rs187818366	0.8231	-0.0329	0.147	0.0108	0.0108	25252	441303	0.0541243797623003	A	G	FALSE
2	96339610	rs146500191	0.9559	0.0121	0.2187	0.9666	0.0334	3942	2646	0.598360655737705	C	G	FALSE
2	96344462	rs116276763	0.03761	-0.1218	0.0586	0.0167	0.0167	35345	1315724	0.0261607660304544	T	C	FALSE
2	96345178	rs62155103	0.1892	0.0603	0.0459	0.024	0.024	18129	880224	0.0201802632150168	A	G	FALSE
2	96348510	rs10168251	0.8181	0.0053	0.023	0.0815	0.0815	42598	1322509	0.0312048799105125	T	C	FALSE
2	96349485	rs146611876	0.3658	0.0525	0.058	0.9827	0.0173	35345	1315724	0.0261607660304544	A	C	FALSE
2	96353844	rs112016871	0.1321	-0.258	0.1713	0.0112	0.0112	6634	4884	0.575968050008682	T	C	FALSE
2	96358603	rs116118641	0.496	0.0208	0.0305	0.0517	0.0517	35345	1315724	0.0261607660304544	T	C	FALSE
2	96363586	rs13013262	0.9561	-0.0056	0.1018	0.0209	0.0209	25755	441729	0.0550927946197089	T	C	FALSE
2	96363789	rs2315517	0.3344	-0.0172	0.0178	0.0914	0.0914	56306	1417791	0.0381969436203995	T	C	FALSE
2	96365029	rs147071170	0.1903	-0.2876	0.2196	0.9899	0.0101	5865	4689	0.555713473564525	T	C	FALSE
2	96365890	rs35711624	0.2216	-0.0454	0.0372	0.9581	0.0419000000000001	35345	1315724	0.0261607660304544	T	C	FALSE
2	96367067	rs34811744	0.5854	0.0239	0.0439	0.0243	0.0243	35345	1315724	0.0261607660304544	A	G	FALSE
2	96367495	rs142246646	0.609	0.0257	0.0503	0.9807	0.0193	35345	1315724	0.0261607660304544	A	G	FALSE
2	96367616	rs11688742	0.02959	0.0272	0.0125	0.2	0.2	49053	1411006	0.0335965875351613	T	C	FALSE
2	96367883	rs114667737	0.3968	0.0547	0.0646	0.0124	0.0124	42598	1322509	0.0312048799105125	A	G	FALSE
2	96370904	rs145368233	0.8393	0.0165	0.0813	0.01	0.01	15558	878337	0.0174047287433088	A	C	FALSE
2	96371641	rs72821452	0.5207	0.0667	0.1039	0.9814	0.0186	25252	441303	0.0541243797623003	T	C	FALSE
2	96372406	rs7583558	0.3203	0.018	0.0181	0.9133	0.0867	56306	1417791	0.0381969436203995	C	G	FALSE
2	96373634	rs138491075	0.2845	0.0241	0.0226	0.9018	0.0981999999999999	55431	1417344	0.0376371136120589	A	T	FALSE
2	96374796	rs111397326	0.02767	0.0354	0.0161	0.2012	0.2012	35345	1315724	0.0261607660304544	T	C	FALSE
2	96375069	rs548104826	0.6005	0.0707	0.135	0.0118	0.0118	9205	6771	0.576176765147722	A	G	FALSE
2	96375841	rs75758249	0.5241	0.0232	0.0364	0.0309	0.0309	37688	981372	0.0369831020744608	T	C	FALSE
2	96377326	rs79102712	0.9617	-0.0037	0.0763	0.0321	0.0321	26421	442271	0.056371775067635	T	C	FALSE
2	96380253	rs17119922	0.9044	0.0044	0.0364	0.0316	0.0316	42598	1322509	0.0312048799105125	T	C	FALSE
2	96380616	rs72821459	0.4284	-0.0551	0.0696	0.0118	0.0118	22811	885122	0.0251241005668921	T	C	FALSE
2	96381157	rs115474994	0.9527	0.0079	0.1332	0.0115	0.0115	25252	441303	0.0541243797623003	T	G	FALSE
2	96383482	rs114466607	0.1328	-0.1238	0.0824	0.0256	0.0256	14544	12355	0.540689244953344	A	T	FALSE
2	96383488	rs115029887	0.1509	-0.1175	0.0818	0.0259	0.0259	14544	12355	0.540689244953344	C	G	FALSE
2	96383508	rs114176507	0.7356	0.0441	0.1305	0.0245	0.0245	5693	4519	0.557481394437916	A	C	FALSE
2	96384577	rs4907275	0.4537	0.0382	0.051	0.9781	0.0219	23468	885808	0.025809545176602	C	G	FALSE
2	96385848	rs2193883	0.5092	-0.0115	0.0175	0.0875	0.0875	56306	1417791	0.0381969436203995	A	C	FALSE
2	96386722	rs115656191	0.8705	-0.0078	0.0479	0.0207	0.0207	42598	1322509	0.0312048799105125	A	G	FALSE
2	96387311	rs12476591	0.435	-0.0401	0.0514	0.0212	0.0212	23468	885808	0.025809545176602	A	G	FALSE
2	96392491	rs11689099	0.6865	-0.0342	0.0848	0.0206	0.0206	32505	448088	0.0676351923561101	T	C	FALSE
2	96392880	rs72948081	0.01109	0.0893	0.0352	0.9488	0.0512	35345	1315724	0.0261607660304544	A	G	FALSE
2	96395222	rs113077857	0.2123	-0.0675	0.0542	0.0193	0.0193	35345	1315724	0.0261607660304544	A	C	FALSE
2	96395905	rs182710037	0.0481	0.1782	0.0902	0.0136	0.0136	33674	449056	0.0697574213328362	T	C	FALSE
2	96397677	rs62155662	0.8546	-0.0076	0.0416	0.9767	0.0233	42598	1322509	0.0312048799105125	A	C	FALSE
2	96398596	rs148235025	0.4473	-0.0371	0.0489	0.0209	0.0209	36235	1316361	0.0267892260512378	A	G	FALSE
2	96401427	rs114329473	0.6396	-0.0225	0.048	0.0221	0.0221	35345	1315724	0.0261607660304544	T	C	FALSE
2	96404445	rs187906548	0.08382	-0.117	0.0677	0.0113	0.0113	35872	1316196	0.0265312099687294	A	C	FALSE
2	96404836	rs145047761	0.6657	-0.0254	0.0588	0.0138	0.0138	42598	1322509	0.0312048799105125	A	T	FALSE
2	96406017	rs116629061	0.1763	0.0722	0.0534	0.021	0.021	33235	1314391	0.0246618869033397	A	G	FALSE
2	96406404	rs192345685	0.2557	-0.0811	0.0714	0.0113	0.0113	22811	885122	0.0251241005668921	T	C	FALSE
2	96407085	rs77480180	0.06588	0.0692	0.0376	0.0347	0.0347	36747	1316643	0.0271518187662093	A	G	FALSE
2	96407476	rs111507197	0.3442	0.0463	0.0489	0.9733	0.0266999999999999	35872	1316196	0.0265312099687294	T	C	FALSE
2	96407567	rs115641503	0.2915	-0.028	0.0265	0.9326	0.0674	35345	1315724	0.0261607660304544	C	G	FALSE
2	96409566	rs116135059	0.798	-0.0101	0.0395	0.0254	0.0254	42598	1322509	0.0312048799105125	A	C	FALSE
2	96410044	rs72821465	0.2219	0.0874	0.0715	0.9887	0.0113	22811	885122	0.0251241005668921	A	G	FALSE
2	96410196	rs78368847	0.3251	0.0262	0.0266	0.0675	0.0675	35345	1315724	0.0261607660304544	T	C	FALSE
2	96412077	rs6576964	0.5487	0.0075	0.0125	0.3621	0.3621	56306	1417791	0.0381969436203995	A	G	FALSE
2	96412297	rs7575318	0.8091	0.0076	0.0315	0.041	0.041	42598	1322509	0.0312048799105125	T	C	FALSE
2	96412996	rs62155664	0.9887	-5e-04	0.032	0.0386	0.0386	42598	1322509	0.0312048799105125	T	G	FALSE
2	96414236	rs4062819	0.0598	0.1012	0.0538	0.0166	0.0166	36747	1316643	0.0271518187662093	A	C	FALSE
2	96416853	rs577823671	0.5144	0.056	0.0859	0.0173	0.0173	26948	442743	0.0573738904939631	A	G	FALSE
2	96417608	rs4096918	0.8326	-0.0066	0.0314	0.9577	0.0423	42598	1322509	0.0312048799105125	A	G	FALSE
2	96417879	rs190665362	0.04316	0.1821	0.09	0.0136	0.0136	33674	449056	0.0697574213328362	A	G	FALSE
2	96418476	rs7603758	0.2912	0.0125	0.0118	0.769	0.231	56306	1417791	0.0381969436203995	A	G	FALSE
2	96421021	rs888610	0.5718	0.0128	0.0227	0.0533	0.0533	37688	981372	0.0369831020744608	T	C	FALSE
2	96421042	rs149724409	0.2007	-0.0347	0.0271	0.9352	0.0648	35345	1315724	0.0261607660304544	A	G	FALSE
2	96421336	rs376040886	0.2348	0.2619	0.2204	0.9708	0.0292	4524	3551	0.560247678018576	A	G	FALSE
2	96421425	rs1808357	0.5862	-0.0067	0.0124	0.2026	0.2026	56306	1417791	0.0381969436203995	A	G	FALSE
2	96423982	rs2005613	0.4293	0.0092	0.0117	0.775	0.225	56306	1417791	0.0381969436203995	T	C	FALSE
2	96425099	rs35684682	0.5795	-0.0074	0.0134	0.6861	0.3139	56306	1417791	0.0381969436203995	A	G	FALSE
2	96425841	rs115695144	0.1628	0.047	0.0337	0.043	0.043	35345	1315724	0.0261607660304544	A	G	FALSE
2	96426256	rs144470057	0.2171	0.0548	0.0444	0.0222	0.0222	41723	1322062	0.0305935319716818	A	G	FALSE
2	96427306	rs139247993	0.1423	-0.1141	0.0778	0.0102	0.0102	16727	879305	0.0186678600764258	T	C	FALSE
2	96428548	rs2080797	0.8123	0.0225	0.0946	0.9872	0.0128	33674	449056	0.0697574213328362	A	C	FALSE
2	96428960	rs113380140	0.5117	-0.0626	0.0954	0.0186	0.0186	26421	442271	0.056371775067635	A	G	FALSE
2	96430132	rs142077048	0.7953	0.0082	0.0314	0.0408	0.0408	42598	1322509	0.0312048799105125	A	G	FALSE
2	96430275	rs3901108	0.9932	-3e-04	0.0319	0.0386	0.0386	42598	1322509	0.0312048799105125	T	G	FALSE
2	96430500	rs2257527	0.1509	-0.0956	0.0665	0.9659	0.0341	27823	443190	0.0590705564389943	A	G	FALSE
2	96433984	rs3915894	0.441	0.0725	0.094	0.0297	0.0297	7803	5852	0.571439033321128	A	G	FALSE
2	96437015	rs114686952	0.8742	-0.0063	0.0397	0.0248	0.0248	42598	1322509	0.0312048799105125	A	G	FALSE
2	96465201	rs2315667	0.4421	-0.0118	0.0153	0.1968	0.1968	42598	1322509	0.0312048799105125	T	C	FALSE
2	96465551	rs67216602	0.8224	-0.007	0.0313	0.9587	0.0413	42598	1322509	0.0312048799105125	A	C	FALSE
2	96465714	rs112615382	0.4413	-0.0733	0.0952	0.0186	0.0186	26421	442271	0.056371775067635	A	G	FALSE
2	96466727	rs145156058	0.2163	0.0557	0.0451	0.972	0.028	35345	1315724	0.0261607660304544	A	T	FALSE
2	96467253	rs114615899	0.05756	0.0422	0.0222	0.1178	0.1178	35345	1315724	0.0261607660304544	A	G	FALSE
2	96470747	rs74962009	0.8436	0.0062	0.0314	0.0407	0.0407	42598	1322509	0.0312048799105125	A	G	FALSE
2	96472449	rs4062960	0.4163	0.0767	0.0944	0.0295	0.0295	7803	5852	0.571439033321128	T	C	FALSE
2	96473318	rs116287759	0.8968	-0.0028	0.0218	0.9112	0.0888	42598	1322509	0.0312048799105125	A	G	FALSE
2	96473345	rs60804469	0.998	1e-04	0.0407	0.9723	0.0276999999999999	42598	1322509	0.0312048799105125	T	G	FALSE
2	96473595	rs2315446	0.6856	0.0855	0.2113	0.0152	0.0152	6248	4391	0.587273239966162	C	G	FALSE
2	96474721	rs116013757	0.4298	0.0216	0.0274	0.0654	0.0654	35345	1315724	0.0261607660304544	A	G	FALSE
2	96475164	rs72931721	0.8656	0.0053	0.0313	0.0407	0.0407	42598	1322509	0.0312048799105125	T	C	FALSE
2	96475749	rs2463546	0.02456	-0.1403	0.0624	0.0153	0.0153	35345	1315724	0.0261607660304544	T	G	FALSE
2	96475760	rs56192525	0.9405	0.0024	0.0319	0.9616	0.0384	42598	1322509	0.0312048799105125	A	G	FALSE
2	96476886	rs188761577	0.2494	0.4838	0.42	0.989	0.011	3942	2646	0.598360655737705	A	G	FALSE
2	96477028	rs2161066	0.3823	0.0134	0.0153	0.8025	0.1975	42598	1322509	0.0312048799105125	T	C	FALSE
2	96477224	rs143928351	0.4442	0.0861	0.1126	0.0169	0.0169	23542	440743	0.0507059241629603	T	C	FALSE
2	96481291	rs138652415	0.1601	0.0821	0.0584	0.0463	0.0463	27311	442908	0.0580814471554744	T	C	FALSE
2	96482601	rs57273135	0.9489	0.0021	0.032	0.0408	0.0408	41429	1321541	0.0303961202374227	A	G	FALSE
2	96485091	rs186322497	0.03276	-0.2184	0.1023	0.0203	0.0203	25252	441303	0.0541243797623003	T	G	FALSE
2	96488782	rs56240737	0.4398	-0.1612	0.2086	0.9896	0.0104	7146	5166	0.580409356725146	C	G	FALSE
2	96489296	rs114561079	0.9057	0.0128	0.1077	0.0164	0.0164	26421	442271	0.056371775067635	A	G	FALSE
2	96491734	rs114125586	0.6371	-0.0664	0.1406	0.0108	0.0108	7803	5852	0.571439033321128	C	G	FALSE
2	96492287	rs143546834	0.0669	-0.2131	0.1163	0.0137	0.0137	15056	12637	0.543675297006464	A	G	FALSE
2	96492900	rs142037408	0.7951	-0.0102	0.0394	0.0253	0.0253	42598	1322509	0.0312048799105125	T	C	FALSE
2	96493371	rs144807886	0.5828	0.0547	0.0997	0.0118	0.0118	14279	307894	0.044320908331859	T	C	FALSE
2	96496891	rs12717775	0.1703	-0.018	0.0131	0.6436	0.3564	42598	1322509	0.0312048799105125	A	C	FALSE
2	96497250	rs3855811	0.2662	-0.0808	0.0727	0.0122	0.0122	16960	879256	0.0189240093905933	A	G	FALSE
2	96498944	rs190938866	0.8967	-0.0052	0.0402	0.0245	0.0245	42598	1322509	0.0312048799105125	T	C	FALSE
2	96499474	rs6707224	0.8909	-0.0043	0.0313	0.9593	0.0407	42598	1322509	0.0312048799105125	A	C	FALSE
