SNP	CHR	POS	P	Effect	StdErr	Freq	MAF	N_cases	N_controls	proportion_cases	A1	A2	leadSNP	ABF.Credible_Set	ABF.PP	SUSIE.Credible_Set	SUSIE.PP	POLYFUN_SUSIE.Credible_Set	POLYFUN_SUSIE.PP	FINEMAP.Credible_Set	FINEMAP.PP
rs1001373	1	171684506	2.283e-08	-0.0661	0.0118	0.1959	0.1959	56306	1417791	0.0381969436203995	A	G	FALSE	0	0.0431213695130904	0	0	6	1	0	0
rs10047245	1	172293373	0.6082	0.0114	0.0222	0.0741	0.0741	53858	846380	0.0598264014627243	A	G	FALSE	0	1.49141833984465e-08	0	0	0	0	0	4.43519e-47
rs1004759	1	170776549	0.3735	0.0129	0.0145	0.855	0.145	50455	1411925	0.0345019762305283	A	G	FALSE	0	1.27215985217995e-08	0	0	0	0	0	1.57261e-47
rs10082212	1	171578076	0.3908	-0.0084	0.0097	0.4564	0.4564	56306	1417791	0.0381969436203995	T	G	FALSE	0	8.35726528191475e-09	0	0	0	0	0	1.28017e-45
rs1008778	1	170867641	0.4528	-0.0108	0.0144	0.1399	0.1399	50455	1411925	0.0345019762305283	A	G	FALSE	0	1.12744862555182e-08	0	0	0	0	0	4.16414e-47
rs1008779	1	170867549	0.547	0.0088	0.0146	0.8622	0.1378	50455	1411925	0.0345019762305283	C	G	FALSE	0	1.03516789212296e-08	0	0	0	0	0	1.46203e-47
rs1008780	1	170867458	0.446	-0.011	0.0144	0.1397	0.1397	50455	1411925	0.0345019762305283	C	G	FALSE	0	1.1393023766606e-08	0	0	0	0	0	4.25022e-47
rs1009802	1	172449599	0.02666	0.0235	0.0106	0.2675	0.2675	56306	1417791	0.0381969436203995	T	C	FALSE	0	7.28330801619384e-08	0	0	0	0	0	1.32923e-45
rs1011731	1	172346548	0.2254	-0.0118	0.0097	0.5773	0.4227	56306	1417791	0.0381969436203995	A	G	FALSE	0	1.20280867653352e-08	0	0	0	0	0	3.3873e-47
rs1012623	1	170912898	0.5346	-0.0061	0.0098	0.4479	0.4479	56306	1417791	0.0381969436203995	T	C	FALSE	0	7.04656721218596e-09	0	0	0	0	0	1.68977e-47
rs10127511	1	171478174	0.0009293	0.04	0.0121	0.1905	0.1905	56306	1417791	0.0381969436203995	T	C	FALSE	0	1.6584838953676e-06	0	0	0	0	0	3.12162e-41
rs1014928	1	172443472	0.1409	-0.0279	0.0189	0.9336	0.0664	56306	1417791	0.0381969436203995	A	G	FALSE	0	3.28759594237268e-08	0	0	0	0	0	1.93124e-46
rs1014929	1	172443485	0.1727	0.0264	0.0194	0.0647	0.0647	56306	1417791	0.0381969436203995	A	G	FALSE	0	2.86737381113667e-08	0	0	0	0	0	1.82612e-47
rs1015008	1	171808746	0.04277	-0.0272	0.0134	0.6929	0.3071	42598	1322509	0.0312048799105125	T	C	FALSE	0	6.16859063579256e-08	0	0	0	0	0	1.94909e-47
rs1015009	1	171808654	0.009612	-0.0296	0.0114	0.2258	0.2258	56306	1417791	0.0381969436203995	T	C	FALSE	0	1.94427278455484e-07	0	0	0	0	0	8.25626e-46
rs1015010	1	171808551	0.009672	-0.0295	0.0114	0.2258	0.2258	56306	1417791	0.0381969436203995	T	C	FALSE	0	1.90070313308543e-07	0	0	0	0	0	8.53374e-46
rs10157270	1	171192584	0.7724	-0.0027	0.0095	0.4491	0.4491	56306	1417791	0.0381969436203995	C	G	FALSE	0	5.86241558402178e-09	0	0	0	0	0	1.87579e-47
rs10157500	1	172536030	0.5423	0.0074	0.0122	0.4313	0.4313	42598	1322509	0.0312048799105125	A	G	FALSE	0	8.67940316283544e-09	0	0	0	0	0	5.67454e-47
rs10157501	1	172536034	0.8144	-0.0035	0.015	0.7604	0.2396	36220	1316171	0.0267821953858019	A	G	FALSE	0	9.11950415531519e-09	0	0	0	0	0	1.5093e-47
rs10157503	1	171722847	0.1594	-0.0312	0.0221	0.0506	0.0506	56306	1417791	0.0381969436203995	T	C	FALSE	0	3.48874765990109e-08	0	0	0	0	1	1
rs10157510	1	171722990	0.2727	-0.0237	0.0216	0.0505	0.0505	56306	1417791	0.0381969436203995	T	C	FALSE	0	2.31039382640218e-08	0	0	0	0	0	0
rs10157519	1	172485007	0.9646	-4e-04	0.0098	0.4795	0.4795	56306	1417791	0.0381969436203995	T	C	FALSE	0	5.81310129311706e-09	0	0	0	0	0	1.63275e-47
rs10157634	1	171325388	0.2339	0.0126	0.0106	0.3258	0.3258	50455	1411925	0.0345019762305283	A	G	FALSE	0	1.27057113020922e-08	0	0	0	0	0	2.88708e-47
rs10157798	1	171626941	0.0001345	-0.0716	0.0187	0.0755	0.0755	56306	1417791	0.0381969436203995	T	G	FALSE	0	1.58178482881086e-05	0	0	0	0	0	2.0265e-27
rs10157884	1	171724983	0.2712	-0.0238	0.0216	0.0504	0.0504	56306	1417791	0.0381969436203995	A	C	FALSE	0	2.32204846797733e-08	0	0	0	0	0	0
rs10158051	1	171192818	0.4272	0.0085	0.0106	0.7194	0.2806	56306	1417791	0.0381969436203995	A	C	FALSE	0	8.65521463257054e-09	0	0	0	0	0	4.42235e-47
rs10158135	1	171724921	0.2704	0.0238	0.0216	0.9496	0.0504	56306	1417791	0.0381969436203995	A	G	FALSE	0	2.32204846797733e-08	0	0	0	0	0	0
rs10158220	1	171799741	0.006303	-0.0259	0.0095	0.4508	0.4508	56306	1417791	0.0381969436203995	C	G	FALSE	0	2.29590545600114e-07	0	0	0	0	0	1.74829e-47
rs10158235	1	171799990	0.0153	-0.0282	0.0116	0.4552	0.4552	42598	1322509	0.0312048799105125	T	G	FALSE	0	1.30644902537561e-07	0	0	0	0	0	1.62117e-47
rs10158753	1	172087026	0.2179	0.0119	0.0097	0.4599	0.4599	56306	1417791	0.0381969436203995	A	G	FALSE	0	1.21801703450205e-08	0	0	0	0	0	8.93459e-44
rs10158839	1	172297343	0.2136	0.0123	0.0099	0.5038	0.4962	37688	981372	0.0369831020744608	C	G	FALSE	0	1.26712231067678e-08	0	0	0	0	0	1.97964e-46
rs10158884	1	171978904	0.3117	-0.0125	0.0124	0.1953	0.1953	56306	1417791	0.0381969436203995	A	G	FALSE	0	1.21828526658592e-08	0	0	0	0	0	6.49157e-46
rs10158943	1	171799960	0.003899	0.0272	0.0094	0.5451	0.4549	56306	1417791	0.0381969436203995	A	G	FALSE	0	3.63212630721729e-07	0	0	0	0	0	5.10596e-40
rs10159080	1	171800074	0.003957	0.0271	0.0094	0.5451	0.4549	56306	1417791	0.0381969436203995	T	C	FALSE	0	3.52245922322822e-07	0	0	0	0	0	4.68463e-40
rs1018390	1	171336342	0.07944	-0.0171	0.0098	0.5367	0.4633	56306	1417791	0.0381969436203995	C	G	FALSE	0	2.65219129935506e-08	0	0	0	0	0	1.57035e-47
rs1018391	1	171340430	0.08665	-0.0169	0.0098	0.5375	0.4625	56306	1417791	0.0381969436203995	T	C	FALSE	0	2.56015827884143e-08	0	0	0	0	0	1.56319e-47
rs1018392	1	171353864	0.1613	0.0149	0.0106	0.34	0.34	50455	1411925	0.0345019762305283	T	C	FALSE	0	1.68226226183179e-08	0	0	0	0	0	4.06047e-47
rs10218579	1	172041896	0.4895	-0.007	0.0101	0.3304	0.3304	56306	1417791	0.0381969436203995	A	G	FALSE	0	7.60589352363802e-09	0	0	0	0	0	1.0934e-46
rs10218612	1	172004226	0.112	-0.0167	0.0105	0.3106	0.3106	56306	1417791	0.0381969436203995	T	G	FALSE	0	2.1964546694511e-08	0	0	0	0	0	1.56364e-47
rs10218613	1	172478942	0.6874	0.004	0.0099	0.4237	0.4237	56306	1417791	0.0381969436203995	A	T	FALSE	0	6.36513754746183e-09	0	0	0	0	0	3.5332e-47
rs10218614	1	172042019	0.922	0.0039	0.0393	0.9824	0.0176	50455	1411925	0.0345019762305283	T	C	FALSE	0	2.29914542438224e-08	0	0	0	0	0	2.15385e-26
rs10218805	1	172003941	0.06399	0.0246	0.0133	0.6873	0.3127	42598	1322509	0.0312048799105125	C	G	FALSE	0	4.3236328092174e-08	0	0	0	0	0	2.52183e-44
rs1022522	1	170831413	0.6204	-0.0048	0.0097	0.491	0.491	56306	1417791	0.0381969436203995	A	G	FALSE	0	6.49608495783344e-09	0	0	0	0	0	1.77115e-47
rs1022541	1	171862721	0.003573	0.0304	0.0104	0.3223	0.3223	56306	1417791	0.0381969436203995	A	G	FALSE	0	4.36690204918732e-07	0	0	0	0	0	8.25836e-42
rs1023479	1	172355132	0.5185	-0.0083	0.0128	0.8304	0.1696	56306	1417791	0.0381969436203995	A	G	FALSE	0	9.34535319728307e-09	0	0	0	0	0	1.46904e-47
rs1024171	1	171321788	0.1805	-0.0139	0.0104	0.674	0.326	56306	1417791	0.0381969436203995	A	G	FALSE	0	1.50189756727456e-08	0	0	0	0	0	3.76344e-47
rs1024173	1	171322798	0.1669	0.0143	0.0103	0.3359	0.3359	56306	1417791	0.0381969436203995	T	C	FALSE	0	1.59606648401303e-08	0	0	0	0	0	4.459e-47
rs1027192	1	171636005	0.444	0.0164	0.0214	0.0611	0.0611	56306	1417791	0.0381969436203995	A	G	FALSE	0	1.68799241966472e-08	0	0	0	0	0	1.9002e-46
rs1029320	1	170742228	0.5235	-0.0064	0.0101	0.6406	0.3594	56306	1417791	0.0381969436203995	A	G	FALSE	0	7.31272333461915e-09	0	0	0	0	0	1.75053e-47
rs1033457	1	170790802	0.7319	-0.0034	0.01	0.5754	0.4246	56306	1417791	0.0381969436203995	T	C	FALSE	0	6.27825710848209e-09	0	0	0	0	0	1.87559e-47
rs1033481	1	170917638	0.6876	-0.0057	0.0143	0.1521	0.1521	56306	1417791	0.0381969436203995	A	G	FALSE	0	9.16001027320765e-09	0	0	0	0	0	8.73633e-47
rs10399602	1	171251876	0.5646	-0.008	0.0139	0.8615	0.1385	55137	1416823	0.0374582189733417	T	C	FALSE	0	9.70271914508837e-09	0	0	0	0	0	1.34944e-46
rs10399952	1	171251663	0.5934	-0.0074	0.0138	0.8624	0.1376	56306	1417791	0.0381969436203995	A	G	FALSE	0	9.42612132229007e-09	0	0	0	0	0	1.46529e-46
rs1040517	1	171826306	0.004497	-0.0296	0.0104	0.6761	0.3239	56306	1417791	0.0381969436203995	T	G	FALSE	0	3.49998518395652e-07	0	0	0	0	0	2.09623e-47
rs1041902	1	172614201	0.4519	-0.0074	0.0099	0.4768	0.4768	56306	1417791	0.0381969436203995	A	T	FALSE	0	7.75305881263258e-09	0	0	0	0	0	1.93945e-47
rs1041903	1	172614206	0.4559	0.0074	0.0099	0.5236	0.4764	56306	1417791	0.0381969436203995	A	G	FALSE	0	7.75305881263258e-09	0	0	0	0	0	1.92946e-47
rs1041906	1	172616940	0.5313	-0.006	0.0095	0.4289	0.4289	56306	1417791	0.0381969436203995	A	G	FALSE	0	6.87067145683495e-09	0	0	0	0	0	1.49476e-47
rs1041907	1	172616991	0.5289	0.006	0.0095	0.5714	0.4286	56306	1417791	0.0381969436203995	T	C	FALSE	0	6.87067145683495e-09	0	0	0	0	0	2.5327e-47
rs1041911	1	172431986	0.02125	-0.0243	0.0106	0.726	0.274	56306	1417791	0.0381969436203995	T	C	FALSE	0	8.63027020958439e-08	0	0	0	0	0	4.36305e-47
rs1042772	1	171311003	0.09341	-0.0164	0.0098	0.5343	0.4657	56306	1417791	0.0381969436203995	A	C	FALSE	0	2.34807085558274e-08	0	0	0	0	0	1.52989e-47
rs10436867	1	171869242	0.4862	-0.0095	0.0137	0.1445	0.1445	56306	1417791	0.0381969436203995	A	G	FALSE	0	1.03032077100298e-08	0	0	0	0	0	2.35808e-47
rs10442603	1	172096486	0.9927	1e-04	0.0129	0.825	0.175	56306	1417791	0.0381969436203995	T	C	FALSE	0	7.63911165836154e-09	0	0	0	0	0	9.98532e-42
rs10442645	1	170872168	0.4655	0.0105	0.0144	0.8601	0.1399	50455	1411925	0.0345019762305283	T	C	FALSE	0	1.11029828382181e-08	0	0	0	0	0	1.45683e-47
rs10442650	1	170833115	0.6245	-0.0047	0.0097	0.4918	0.4918	56306	1417791	0.0381969436203995	A	C	FALSE	0	6.46344960877024e-09	0	0	0	0	0	1.75699e-47
rs10442651	1	170833324	0.6216	0.0048	0.0097	0.5082	0.4918	56306	1417791	0.0381969436203995	A	G	FALSE	0	6.49608495783344e-09	0	0	0	0	0	1.563e-47
rs10442652	1	170870368	0.5436	0.0089	0.0146	0.8628	0.1372	50455	1411925	0.0345019762305283	A	G	FALSE	0	1.03945177141972e-08	0	0	0	0	0	1.46116e-47
rs10442653	1	170870474	0.5622	0.0107	0.0185	0.8618	0.1382	36747	1316643	0.0271518187662093	A	T	FALSE	0	1.290290518811e-08	0	0	0	0	0	1.46575e-47
rs10442654	1	170872118	0.4578	0.0107	0.0144	0.8601	0.1399	50455	1411925	0.0345019762305283	A	G	FALSE	0	1.12164879610916e-08	0	0	0	0	0	1.45596e-47
rs10442655	1	170872399	0.6786	-0.0061	0.0147	0.1387	0.1387	49286	1410957	0.0337519166330535	T	C	FALSE	0	9.47720362098581e-09	0	0	0	0	0	2.70777e-47
rs1045456	1	171766564	0.2094	0.0148	0.0118	0.194	0.194	56306	1417791	0.0381969436203995	T	C	FALSE	0	1.53066754537444e-08	0	0	0	0	0	2.16051e-47
rs10489229	1	171119825	0.7869	-0.0036	0.0131	0.156	0.156	56306	1417791	0.0381969436203995	A	G	FALSE	0	8.05401174907417e-09	0	0	0	0	0	1.53248e-47
rs10489233	1	170746162	0.7479	0.0045	0.0139	0.8457	0.1543	50455	1411925	0.0345019762305283	A	G	FALSE	0	8.66881097654672e-09	0	0	0	0	0	1.51339e-47
rs10489234	1	170830970	0.3237	-0.0134	0.0136	0.169	0.169	50455	1411925	0.0345019762305283	C	G	FALSE	0	1.30531710921796e-08	0	0	0	0	0	2.68857e-47
rs10489235	1	170832842	0.6256	0.0047	0.0097	0.5082	0.4918	56306	1417791	0.0381969436203995	T	C	FALSE	0	6.46344960877024e-09	0	0	0	0	0	1.55711e-47
rs10489236	1	170833340	0.6213	-0.0048	0.0097	0.4918	0.4918	56306	1417791	0.0381969436203995	A	G	FALSE	0	6.49608495783344e-09	0	0	0	0	0	1.76786e-47
rs10489237	1	170836302	0.9646	4e-04	0.0097	0.4606	0.4606	56306	1417791	0.0381969436203995	T	C	FALSE	0	5.754023183833e-09	0	0	0	0	0	1.49149e-47
rs10489238	1	170844412	0.4483	0.011	0.0145	0.8604	0.1396	50455	1411925	0.0345019762305283	C	G	FALSE	0	1.14258163762103e-08	0	0	0	0	0	1.456e-47
rs10489239	1	170856852	0.4794	-0.0087	0.0123	0.2046	0.2046	50455	1411925	0.0345019762305283	T	C	FALSE	0	9.34664788418102e-09	0	0	0	0	0	2.15219e-47
rs10489240	1	170857217	0.7991	-0.0072	0.0283	0.967	0.033	49053	1411006	0.0335965875351613	A	G	FALSE	0	1.71633826245077e-08	0	0	0	0	0	1.45826e-47
rs10489241	1	170858095	0.5538	0.0085	0.0143	0.8585	0.1415	50455	1411925	0.0345019762305283	T	C	FALSE	0	1.00902569104224e-08	0	0	0	0	0	1.46712e-47
rs10489242	1	170858368	0.4728	-0.0103	0.0144	0.1409	0.1409	50455	1411925	0.0345019762305283	A	G	FALSE	0	1.09927357029874e-08	0	0	0	0	0	4.12084e-47
rs10489243	1	170858534	0.4248	0.0115	0.0144	0.8598	0.1402	50455	1411925	0.0345019762305283	T	C	FALSE	0	1.17046717167314e-08	0	0	0	0	0	1.45977e-47
rs10489244	1	170858893	0.3905	0.0125	0.0145	0.1429	0.1429	50455	1411925	0.0345019762305283	A	G	FALSE	0	1.24194754792403e-08	0	0	0	0	0	2.33592e-47
rs10489245	1	170927402	0.8388	-0.0031	0.0153	0.8943	0.1057	56306	1417791	0.0381969436203995	C	G	FALSE	0	9.23907708218662e-09	0	0	0	0	0	1.67497e-47
rs10489247	1	171434331	0.8124	-0.0032	0.0135	0.8468	0.1532	56306	1417791	0.0381969436203995	T	G	FALSE	0	8.21927899590022e-09	0	0	0	0	0	4.80261e-47
rs10489248	1	171645589	2.065e-07	0.0718	0.0138	0.8572	0.1428	56306	1417791	0.0381969436203995	T	C	FALSE	0	0.00578821870102632	0	0	0	0	0	4.58592e-30
rs10489249	1	171714521	1.291e-08	0.0674	0.0118	0.8051	0.1949	56306	1417791	0.0381969436203995	C	G	FALSE	0	0.0802431480594522	0	0	3	1	0	0
rs10489250	1	171716074	0.9018	0.0023	0.0187	0.9345	0.0655	56306	1417791	0.0381969436203995	A	G	FALSE	0	1.11313959924099e-08	0	0	0	0	1	1
rs10489251	1	171717534	1.827e-08	0.0667	0.0119	0.805	0.195	56306	1417791	0.0381969436203995	A	C	FALSE	0	0.0442649781823086	0	0	5	1	0	0
rs10489252	1	171748145	0.216	-0.0146	0.0118	0.8066	0.1934	56306	1417791	0.0381969436203995	A	T	FALSE	0	1.49879667158753e-08	0	0	0	0	0	1.02077e-46
rs10489253	1	171783186	0.003815	0.0272	0.0094	0.5445	0.4555	56306	1417791	0.0381969436203995	A	T	FALSE	0	3.63212630721729e-07	0	0	0	0	0	7.45609e-42
rs10489279	1	172498216	0.9372	-9e-04	0.0115	0.2326	0.2326	56306	1417791	0.0381969436203995	A	G	FALSE	0	6.83358089681235e-09	0	0	0	0	0	1.8193e-47
rs10489280	1	172472620	0.6438	-0.0046	0.01	0.5765	0.4235	56306	1417791	0.0381969436203995	T	C	FALSE	0	6.58617470757572e-09	0	0	0	0	0	1.61435e-47
rs10489282	1	172377046	0.1064	0.0302	0.0187	0.0686	0.0686	56306	1417791	0.0381969436203995	A	G	FALSE	0	4.02471387342308e-08	0	0	0	0	0	2.51599e-47
rs10489284	1	172367062	0.358	0.0127	0.0138	0.8459	0.1541	50455	1411925	0.0345019762305283	A	G	FALSE	0	1.24516578688819e-08	0	0	0	0	0	1.69541e-47
rs10489286	1	172312919	0.249	0.014	0.0121	0.1985	0.1985	56306	1417791	0.0381969436203995	A	G	FALSE	0	1.39627167527617e-08	0	0	0	0	0	4.11364e-46
rs10489287	1	172300124	0.2011	0.0127	0.0099	0.5034	0.4966	37688	981372	0.0369831020744608	T	G	FALSE	0	1.33327582517012e-08	0	0	0	0	0	2.02399e-46
rs10489289	1	172224089	0.3564	0.0105	0.0114	0.7827	0.2173	56306	1417791	0.0381969436203995	T	C	FALSE	0	1.0307653731506e-08	0	0	0	0	0	1.46265e-47
rs10489290	1	172223403	0.4012	-0.0096	0.0114	0.2152	0.2152	56306	1417791	0.0381969436203995	A	C	FALSE	0	9.61682102001675e-09	0	0	0	0	0	5.35738e-47
rs10489291	1	172223370	0.3995	0.0096	0.0114	0.7848	0.2152	56306	1417791	0.0381969436203995	T	C	FALSE	0	9.61682102001675e-09	0	0	0	0	0	1.46826e-47
rs10489292	1	172218105	0.3516	0.0107	0.0114	0.7857	0.2143	56306	1417791	0.0381969436203995	T	C	FALSE	0	1.047662498133e-08	0	0	0	0	0	1.48507e-47
rs10489293	1	172186787	0.3321	0.0107	0.011	0.7009	0.2991	37688	981372	0.0369831020744608	T	G	FALSE	0	1.04453543392111e-08	0	0	0	0	0	1.51179e-47
rs10489294	1	172186321	0.5237	0.0102	0.016	0.1117	0.1117	56306	1417791	0.0381969436203995	T	C	FALSE	0	1.15815082786237e-08	0	0	0	0	0	2.07965e-46
rs10489295	1	172172675	0.921	-0.0056	0.0564	0.0112	0.0112	31837	975506	0.0316049250354646	C	G	FALSE	0	3.23584490035673e-08	0	0	0	0	0	7.73066e-42
rs10489296	1	172153267	0.08079	0.0351	0.0201	0.9322	0.0678	50455	1411925	0.0345019762305283	T	C	FALSE	0	5.3692637997714e-08	0	0	0	0	0	4.69357e-47
rs10489297	1	172149515	0.1034	0.0168	0.0103	0.6792	0.3208	56306	1417791	0.0381969436203995	T	G	FALSE	0	2.30022515201057e-08	0	0	0	0	0	1.72313e-46
rs10489298	1	172148538	0.2258	-0.0188	0.0155	0.8886	0.1114	56306	1417791	0.0381969436203995	T	G	FALSE	0	1.90510320265172e-08	0	0	0	0	0	1.50798e-47
rs10489730	1	172003493	0.09686	0.0177	0.0106	0.6888	0.3112	56306	1417791	0.0381969436203995	A	G	FALSE	0	2.52236270425121e-08	0	0	0	0	0	1.36654e-44
rs1052256	1	172363488	0.1568	-0.0178	0.0126	0.8261	0.1739	56306	1417791	0.0381969436203995	A	G	FALSE	0	2.01605898202268e-08	0	0	0	0	0	1.4935e-47
rs1052676	1	171673054	2.57e-08	0.066	0.0119	0.8041	0.1959	56306	1417791	0.0381969436203995	T	C	FALSE	0	0.0319244630567052	0	0	1	1	0	0
rs1053381	1	172580537	0.5735	0.0097	0.0173	0.9028	0.0972	50455	1411925	0.0345019762305283	A	G	FALSE	0	1.19544129042162e-08	0	0	0	0	0	3.08212e-47
rs1055417	1	171483717	0.0818	0.0231	0.0133	0.8286	0.1714	55137	1416823	0.0374582189733417	A	C	FALSE	0	3.53510174658675e-08	0	0	0	0	0	1.62914e-47
rs1063412	1	172410967	0.3699	0.0084	0.0094	0.5674	0.4326	56306	1417791	0.0381969436203995	A	G	FALSE	0	8.29872542721921e-09	0	0	0	0	0	1.63496e-47
rs10733057	1	170748276	0.5106	-0.0066	0.0101	0.64	0.36	56306	1417791	0.0381969436203995	C	G	FALSE	0	7.40627182297104e-09	0	0	0	0	0	1.88873e-47
rs1073393	1	170946500	0.2468	-0.0149	0.0128	0.8143	0.1857	56306	1417791	0.0381969436203995	T	C	FALSE	0	1.4883574160626e-08	0	0	0	0	0	1.46853e-47
rs10737306	1	171366426	0.9608	-7e-04	0.0136	0.1887	0.1887	50455	1411925	0.0345019762305283	A	T	FALSE	0	8.06216018635098e-09	0	0	0	0	0	2.93315e-47
rs10737319	1	171471672	5.569e-05	0.0793	0.0197	0.0723	0.0723	56306	1417791	0.0381969436203995	T	C	FALSE	0	3.55211981071876e-05	0	0	0	0	0	4.91902e-45
rs10737323	1	171596666	0.05719	0.0214	0.0112	0.7486	0.2514	56306	1417791	0.0381969436203995	A	G	FALSE	0	4.0941985085908e-08	0	0	0	0	0	1.213e-45
rs10737337	1	171807221	0.04191	-0.0218	0.0107	0.6477	0.3523	56306	1417791	0.0381969436203995	A	G	FALSE	0	5.02221477528812e-08	0	0	0	0	0	3.34278e-47
rs10737338	1	171814628	0.003946	0.0303	0.0105	0.3224	0.3224	56306	1417791	0.0381969436203995	A	G	FALSE	0	3.95570020548716e-07	0	0	0	0	0	7.83815e-42
rs10737340	1	171889145	0.4418	-0.0079	0.0103	0.6716	0.3284	56306	1417791	0.0381969436203995	T	C	FALSE	0	8.18479705704686e-09	0	0	0	0	0	9.29198e-47
rs10737554	1	170773521	0.4556	0.0075	0.01	0.3729	0.3729	56306	1417791	0.0381969436203995	T	C	FALSE	0	7.84585353033532e-09	0	0	0	0	0	1.95717e-47
rs10737555	1	170795855	0.7785	-0.0027	0.0097	0.4777	0.4777	56306	1417791	0.0381969436203995	A	C	FALSE	0	5.97569036504631e-09	0	0	0	0	0	1.45854e-47
rs10737556	1	170827604	0.5992	0.0051	0.0097	0.5089	0.4911	56306	1417791	0.0381969436203995	A	G	FALSE	0	6.59918003746423e-09	0	0	0	0	0	1.57752e-47
rs1073940	1	171977284	0.339	0.0123	0.0129	0.8109	0.1891	56306	1417791	0.0381969436203995	T	C	FALSE	0	1.20123843569945e-08	0	0	0	0	0	1.23439e-42
rs10752861	1	172056305	0.8008	-0.007	0.0276	0.0582	0.0582	36384	1316478	0.026894095628379	C	G	FALSE	0	1.67440757946407e-08	0	0	0	0	0	8.03359e-47
rs10752864	1	172069952	0.1057	-0.016	0.0099	0.5978	0.4022	56306	1417791	0.0381969436203995	T	C	FALSE	0	2.15895205072057e-08	0	0	0	0	0	2.05181e-41
rs10752914	1	172197038	0.2803	-0.0123	0.0114	0.2142	0.2142	56306	1417791	0.0381969436203995	A	T	FALSE	0	1.20645342893828e-08	0	0	0	0	0	7.54252e-47
rs10752923	1	172243477	0.3986	-0.0289	0.0342	0.0376	0.0376	36747	1316643	0.0271518187662093	A	G	FALSE	0	2.82984890634873e-08	0	0	0	0	0	1.46862e-47
rs10752932	1	172267554	0.7576	-0.0042	0.0137	0.1858	0.1858	35240	409961	0.079155257962134	T	C	FALSE	0	8.49882572593305e-09	0	0	0	0	0	1.62358e-46
rs10752943	1	172354992	0.2313	-0.0116	0.0097	0.5772	0.4228	56306	1417791	0.0381969436203995	T	C	FALSE	0	1.17333244393303e-08	0	0	0	0	0	3.05352e-47
rs10752944	1	172363524	0.1866	-0.0129	0.0098	0.5774	0.4226	56306	1417791	0.0381969436203995	T	C	FALSE	0	1.37847905155436e-08	0	0	0	0	0	3.79115e-47
rs10752946	1	172376632	0.2012	0.0124	0.0097	0.5839	0.4161	56306	1417791	0.0381969436203995	T	C	FALSE	0	1.29905681919186e-08	0	0	0	0	0	4.65827e-47
rs10752953	1	172396951	0.09049	0.0215	0.0127	0.1715	0.1715	56306	1417791	0.0381969436203995	T	C	FALSE	0	3.1340549390461e-08	0	0	0	0	0	1.53645e-47
rs10752957	1	172408271	0.1532	-0.0135	0.0094	0.4399	0.4399	56306	1417791	0.0381969436203995	A	G	FALSE	0	1.55914960703789e-08	0	0	0	0	0	4.15019e-46
rs10752994	1	172554601	0.854	-0.0019	0.0103	0.3465	0.3465	56306	1417791	0.0381969436203995	A	G	FALSE	0	6.20830725149278e-09	0	0	0	0	0	1.54262e-47
rs10752995	1	172554867	0.856	-0.0021	0.0117	0.2378	0.2378	49928	1411453	0.03416494398107	A	T	FALSE	0	7.04299441740673e-09	0	0	0	0	0	1.49993e-47
rs10753023	1	172625371	0.4052	-0.0081	0.0097	0.4113	0.4113	56306	1417791	0.0381969436203995	T	C	FALSE	0	8.1407994035147e-09	0	0	0	0	0	1.15656e-46
rs10753094	1	171374199	0.2098	-0.0136	0.0108	0.6903	0.3097	50092	1411760	0.0342661226991515	A	G	FALSE	0	1.41081383271226e-08	0	0	0	0	0	1.93892e-47
rs10753107	1	171398925	0.1059	-0.0209	0.0129	0.8216	0.1784	50092	1411760	0.0342661226991515	T	C	FALSE	0	2.82266077613546e-08	0	0	0	0	0	1.47e-47
rs10753119	1	171461787	0.0008792	-0.0403	0.0121	0.8169	0.1831	56306	1417791	0.0381969436203995	A	G	FALSE	0	1.80015507302087e-06	0	0	0	0	0	4.54116e-47
rs10753120	1	171469350	0.0008654	-0.0402	0.0121	0.8169	0.1831	56306	1417791	0.0381969436203995	T	C	FALSE	0	1.75151614131377e-06	0	0	0	0	0	4.49001e-47
rs10753121	1	171475287	0.0008077	0.0404	0.0121	0.183	0.183	56306	1417791	0.0381969436203995	T	C	FALSE	0	1.85027060001969e-06	0	0	0	0	0	3.85705e-41
rs10753126	1	171496895	0.0006472	0.041	0.012	0.1824	0.1824	56306	1417791	0.0381969436203995	A	G	FALSE	0	2.38529529592777e-06	0	0	0	0	0	6.14689e-41
rs10753129	1	171508164	0.0007942	-0.0403	0.012	0.8118	0.1882	56306	1417791	0.0381969436203995	A	G	FALSE	0	1.95898716484934e-06	0	0	0	0	0	5.12361e-47
rs10753138	1	171531521	0.2584	-0.0109	0.0097	0.5126	0.4874	56306	1417791	0.0381969436203995	C	G	FALSE	0	1.0793380052322e-08	0	0	0	0	0	5.86171e-46
rs10753179	1	171707272	0.0001069	0.0391	0.0101	0.3564	0.3564	56306	1417791	0.0381969436203995	T	C	FALSE	0	1.05484301126794e-05	0	0	0	0	0	2.834e-23
rs10753181	1	171718031	7.32e-09	-0.0631	0.0109	0.2443	0.2443	56306	1417791	0.0381969436203995	A	G	FALSE	0	0.116332661983666	0	0	0	0	0	0
rs10753190	1	171757477	0.01412	0.023	0.0094	0.5354	0.4646	56306	1417791	0.0381969436203995	T	G	FALSE	0	1.10447945035047e-07	0	0	0	0	0	6.60428e-41
rs10753195	1	171797731	0.03249	-0.0209	0.0098	0.6048	0.3952	56306	1417791	0.0381969436203995	T	G	FALSE	0	5.61451732583827e-08	0	0	0	0	0	2.4177e-47
rs10753196	1	171797810	0.03299	0.0209	0.0098	0.3952	0.3952	56306	1417791	0.0381969436203995	A	G	FALSE	0	5.61451732583827e-08	0	0	0	0	0	9.74826e-45
rs10753197	1	171802412	0.004155	0.0271	0.0094	0.5449	0.4551	56306	1417791	0.0381969436203995	A	G	FALSE	0	3.52245922322822e-07	0	0	0	0	0	4.6954e-40
rs10753198	1	171803123	0.003817	0.0273	0.0095	0.5448	0.4552	56306	1417791	0.0381969436203995	T	C	FALSE	0	3.46540661407713e-07	0	0	0	0	0	4.50331e-40
rs10753202	1	171833834	0.00375	-0.0302	0.0104	0.6775	0.3225	56306	1417791	0.0381969436203995	A	G	FALSE	0	4.12958463559526e-07	0	0	0	0	0	2.19324e-47
rs10753203	1	171834091	0.003998	-0.03	0.0104	0.6773	0.3227	56306	1417791	0.0381969436203995	T	C	FALSE	0	3.90660472328978e-07	0	0	0	0	0	2.3062e-47
rs10753204	1	171836536	0.003723	-0.0302	0.0104	0.6775	0.3225	56306	1417791	0.0381969436203995	T	C	FALSE	0	4.12958463559526e-07	0	0	0	0	0	2.19705e-47
rs10753205	1	171839958	0.001472	-0.0312	0.0098	0.5654	0.4346	56306	1417791	0.0381969436203995	A	G	FALSE	0	9.11446363365297e-07	0	0	0	0	0	1.64381e-47
rs10753819	1	170762636	0.5219	0.0064	0.01	0.3607	0.3607	56306	1417791	0.0381969436203995	T	C	FALSE	0	7.26977853284387e-09	0	0	0	0	0	1.73265e-47
rs10753820	1	170763636	0.5222	0.0064	0.01	0.3614	0.3614	56306	1417791	0.0381969436203995	A	G	FALSE	0	7.26977853284387e-09	0	0	0	0	0	1.73526e-47
rs10753823	1	170798444	0.2078	-0.0132	0.0105	0.6863	0.3137	56306	1417791	0.0381969436203995	A	G	FALSE	0	1.36826826672326e-08	0	0	0	0	0	4.8396e-47
rs10753825	1	170807773	0.5954	-0.0052	0.0097	0.5331	0.4669	56306	1417791	0.0381969436203995	A	G	FALSE	0	6.63531433945664e-09	0	0	0	0	0	1.94058e-47
rs10753826	1	170826675	0.4406	0.0076	0.0099	0.496	0.496	55137	1416823	0.0374582189733417	A	G	FALSE	0	7.87233412363994e-09	0	0	0	0	0	1.92322e-47
rs10753829	1	170826780	0.533	-0.0061	0.0097	0.5038	0.4962	56306	1417791	0.0381969436203995	C	G	FALSE	0	7.00289206846702e-09	0	0	0	0	0	1.80661e-47
rs10753830	1	170856065	0.3247	-0.0098	0.0099	0.5983	0.4017	56306	1417791	0.0381969436203995	A	C	FALSE	0	9.56550567082274e-09	0	0	0	0	0	1.74628e-47
rs10753831	1	170871866	0.5489	0.0088	0.0147	0.8638	0.1362	50455	1411925	0.0345019762305283	A	G	FALSE	0	1.03965636907782e-08	0	0	0	0	0	1.46269e-47
rs1076681	1	170822917	0.6864	-0.0059	0.0145	0.14	0.14	50455	1411925	0.0345019762305283	A	T	FALSE	0	9.31826877464422e-09	0	0	0	0	0	2.87652e-47
rs1076700	1	171826943	0.001403	-0.0313	0.0098	0.5661	0.4339	56306	1417791	0.0381969436203995	T	C	FALSE	0	9.41517877063523e-07	0	0	0	0	0	1.76223e-47
rs10797689	1	171974753	0.01414	-0.0252	0.0103	0.623	0.377	56306	1417791	0.0381969436203995	T	C	FALSE	0	1.20775439871893e-07	0	0	0	0	0	6.46583e-47
rs10797710	1	171979984	0.02153	-0.0303	0.0132	0.195	0.195	50455	1411925	0.0345019762305283	T	C	FALSE	0	1.07691740471651e-07	0	0	0	0	0	5.01385e-45
rs10797716	1	171995687	0.1068	0.0172	0.0106	0.6916	0.3084	56306	1417791	0.0381969436203995	T	C	FALSE	0	2.33441510162411e-08	0	0	0	0	0	3.23822e-44
rs10797719	1	172001026	0.08867	0.0179	0.0105	0.6893	0.3107	56306	1417791	0.0381969436203995	T	C	FALSE	0	2.65017663603116e-08	0	0	0	0	0	1.55326e-44
rs10797720	1	172002979	0.08136	0.0185	0.0106	0.6921	0.3079	56306	1417791	0.0381969436203995	A	G	FALSE	0	2.86826277563677e-08	0	0	0	0	0	1.8442e-44
rs10797725	1	172008647	0.0647	-0.0245	0.0133	0.3124	0.3124	42598	1322509	0.0312048799105125	T	C	FALSE	0	4.26430153167322e-08	0	0	0	0	0	1.56814e-47
rs10797734	1	172014458	0.09028	-0.0178	0.0105	0.3117	0.3117	56306	1417791	0.0381969436203995	A	G	FALSE	0	2.60773054223874e-08	0	0	0	0	0	1.56317e-47
rs10797735	1	172021146	0.1509	0.0162	0.0113	0.7346	0.2654	50455	1411925	0.0345019762305283	A	G	FALSE	0	1.86469773006357e-08	0	0	0	0	0	9.97076e-46
rs10797736	1	172022221	0.1566	-0.0164	0.0116	0.2481	0.2481	50455	1411925	0.0345019762305283	T	C	FALSE	0	1.86059339732022e-08	0	0	0	0	0	3.06983e-45
rs10797745	1	172039076	0.9015	-0.0024	0.0194	0.0783	0.0783	49580	1411478	0.0339343133537478	A	G	FALSE	0	1.15452186058237e-08	0	0	0	0	0	2.77067e-47
rs10797791	1	172121859	0.6846	-0.0051	0.0127	0.1797	0.1797	56306	1417791	0.0381969436203995	A	G	FALSE	0	8.14983076930208e-09	0	0	0	0	0	4.71352e-41
rs10797877	1	171075556	0.7848	0.0026	0.0094	0.4602	0.4602	56306	1417791	0.0381969436203995	T	C	FALSE	0	5.78850812819937e-09	0	0	0	0	0	4.24258e-46
rs10797878	1	171075576	0.8874	0.0015	0.0108	0.7267	0.2733	56306	1417791	0.0381969436203995	T	C	FALSE	0	6.46114904353821e-09	0	0	0	0	0	3.10423e-46
rs10797881	1	172195347	0.2455	-0.0132	0.0114	0.2137	0.2137	56306	1417791	0.0381969436203995	T	C	FALSE	0	1.31744658528627e-08	0	0	0	0	0	8.76113e-47
rs10797894	1	171077782	0.6725	0.0048	0.0114	0.7788	0.2212	56306	1417791	0.0381969436203995	A	C	FALSE	0	7.37758964488702e-09	0	0	0	0	0	5.88941e-47
rs10797902	1	172227523	0.4251	-0.0091	0.0114	0.2149	0.2149	56306	1417791	0.0381969436203995	T	C	FALSE	0	9.27810797783311e-09	0	0	0	0	0	5.28807e-47
rs10797907	1	172229305	0.9993	0	0.011	0.2761	0.2761	37688	981372	0.0369831020744608	T	G	FALSE	0	6.51746146374715e-09	0	0	0	0	0	2.74977e-47
rs10797965	1	172293797	0.2041	-0.0126	0.0099	0.4973	0.4973	37688	981372	0.0369831020744608	T	C	FALSE	0	1.3162195388963e-08	0	0	0	0	0	1.56871e-47
rs10797969	1	172300345	0.1976	0.0128	0.0099	0.5025	0.4975	37688	981372	0.0369831020744608	A	C	FALSE	0	1.35069060371346e-08	0	0	0	0	0	2.96818e-46
rs10797978	1	172311679	0.8026	-0.0041	0.0162	0.8918	0.1082	50455	1411925	0.0345019762305283	T	C	FALSE	0	9.89133348183741e-09	0	0	0	0	0	8.8558e-47
rs10797984	1	172319249	0.7431	0.0053	0.0161	0.109	0.109	50455	1411925	0.0345019762305283	A	T	FALSE	0	1.00495162656623e-08	0	0	0	0	0	3.4395e-47
rs10797996	1	172353311	0.221	-0.0119	0.0097	0.5775	0.4225	56306	1417791	0.0381969436203995	T	C	FALSE	0	1.21801703450205e-08	0	0	0	0	0	3.16256e-47
rs10798005	1	172382965	0.171	-0.0132	0.0096	0.4235	0.4235	56306	1417791	0.0381969436203995	A	G	FALSE	0	1.46121274085409e-08	0	0	0	0	0	1.85582e-46
rs10798026	1	172453840	0.139	-0.0144	0.0097	0.5901	0.4099	56306	1417791	0.0381969436203995	T	C	FALSE	0	1.72599504118766e-08	0	0	0	0	0	2.42985e-47
rs10798029	1	172454580	0.2402	-0.03	0.0255	0.0478	0.0478	50455	1411925	0.0345019762305283	A	G	FALSE	0	2.9656670187129e-08	0	0	0	0	0	4.58675e-47
rs10798040	1	172492498	0.952	6e-04	0.0098	0.5203	0.4797	56306	1417791	0.0381969436203995	T	C	FALSE	0	5.81914272421504e-09	0	0	0	0	0	1.72933e-47
rs10798130	1	172620101	0.5054	-0.0064	0.0095	0.4278	0.4278	56306	1417791	0.0381969436203995	A	G	FALSE	0	7.06165330267094e-09	0	0	0	0	0	2.63977e-47
rs10798133	1	172625533	0.4399	0.0075	0.0098	0.5891	0.4109	56306	1417791	0.0381969436203995	A	G	FALSE	0	7.77900557955835e-09	0	0	0	0	0	1.86323e-47
rs10798176	1	172675525	0.2738	0.0137	0.0125	0.8182	0.1818	56306	1417791	0.0381969436203995	T	C	FALSE	0	1.34657607933043e-08	0	0	0	0	0	9.03534e-47
rs10798178	1	172677174	0.2875	0.0134	0.0126	0.819	0.181	56306	1417791	0.0381969436203995	T	C	FALSE	0	1.3106236659404e-08	0	0	0	0	0	8.64025e-47
rs1079820	1	171794908	0.005091	-0.0263	0.0094	0.4544	0.4544	56306	1417791	0.0381969436203995	T	C	FALSE	0	2.76752624401376e-07	0	0	0	0	0	1.96306e-47
rs10798240	1	171136436	0.9747	3e-04	0.0095	0.423	0.423	56306	1417791	0.0381969436203995	C	G	FALSE	0	5.63367698735905e-09	0	0	0	0	0	1.94547e-47
rs10798252	1	171156431	0.9332	-8e-04	0.0094	0.5762	0.4238	56306	1417791	0.0381969436203995	A	G	FALSE	0	5.59190419049612e-09	0	0	0	0	0	1.80514e-47
rs10798253	1	171158227	0.8012	0.0029	0.0116	0.423	0.423	42598	1322509	0.0312048799105125	C	G	FALSE	0	7.08918970212579e-09	0	0	0	0	0	1.7792e-47
rs10798263	1	171170209	0.9409	-7e-04	0.01	0.6727	0.3273	56306	1417791	0.0381969436203995	T	C	FALSE	0	5.94101765677623e-09	0	0	0	0	0	1.57249e-47
rs10798271	1	171187987	0.9624	5e-04	0.01	0.6798	0.3202	56306	1417791	0.0381969436203995	T	C	FALSE	0	5.93391046872179e-09	0	0	0	0	0	2.1811e-47
rs10798294	1	171224087	0.429	-0.0117	0.0148	0.707	0.293	35857	1316006	0.0265241374310858	C	G	FALSE	0	1.19504856245261e-08	0	0	0	0	0	1.18724e-46
rs10798297	1	171228895	0.6608	0.0061	0.0139	0.1461	0.1461	56306	1417791	0.0381969436203995	T	C	FALSE	0	9.05584790170345e-09	0	0	0	0	0	9.22455e-46
rs10798304	1	171258642	0.8032	0.0026	0.0105	0.2746	0.2746	56306	1417791	0.0381969436203995	T	C	FALSE	0	6.41521334526274e-09	0	0	0	0	0	1.75751e-46
rs10798305	1	171267211	0.8021	-0.0026	0.0105	0.7247	0.2753	56306	1417791	0.0381969436203995	T	C	FALSE	0	6.41521334526274e-09	0	0	0	0	0	6.36698e-47
rs10798318	1	171302986	0.4742	0.009	0.0125	0.1872	0.1872	56306	1417791	0.0381969436203995	A	G	FALSE	0	9.58376635103361e-09	0	0	0	0	0	2.30786e-44
rs10798332	1	171361732	0.7496	0.0033	0.0104	0.5822	0.4178	50092	1411760	0.0342661226991515	A	G	FALSE	0	6.48026793091049e-09	0	0	0	0	0	6.62515e-47
rs10798337	1	171367987	0.2745	0.0113	0.0103	0.401	0.401	50092	1411760	0.0342661226991515	A	G	FALSE	0	1.11242552197465e-08	0	0	0	0	0	6.61435e-46
rs10798338	1	171368073	0.2717	-0.0113	0.0103	0.5967	0.4033	50092	1411760	0.0342661226991515	A	G	FALSE	0	1.11242552197465e-08	0	0	0	0	0	1.69533e-47
rs10798339	1	171369730	0.2889	0.0108	0.0102	0.4014	0.4014	50092	1411760	0.0342661226991515	T	C	FALSE	0	1.05728376081297e-08	0	0	0	0	0	5.57673e-46
rs10798343	1	171373767	0.2276	-0.0131	0.0109	0.6907	0.3093	50092	1411760	0.0342661226991515	T	G	FALSE	0	1.32691860599014e-08	0	0	0	0	0	1.8658e-47
rs10798344	1	171373833	0.2091	-0.0159	0.0127	0.7346	0.2654	48923	1410792	0.0335154465083938	A	G	FALSE	0	1.64159751335269e-08	0	0	0	0	0	1.92055e-47
rs10798345	1	171373840	0.1599	0.0174	0.0124	0.2673	0.2673	50092	1411760	0.0342661226991515	T	C	FALSE	0	1.95823642756169e-08	0	0	0	0	0	9.59493e-47
rs10798346	1	171374129	0.2108	0.0135	0.0108	0.3102	0.3102	50092	1411760	0.0342661226991515	T	C	FALSE	0	1.39456642386218e-08	0	0	0	0	0	7.07591e-47
rs10798365	1	171379680	0.06363	-0.0238	0.0128	0.8171	0.1829	50092	1411760	0.0342661226991515	A	C	FALSE	0	4.23974123445736e-08	0	0	0	0	0	1.64009e-47
rs10798391	1	171389938	0.8588	0.0024	0.0136	0.1513	0.1513	56306	1417791	0.0381969436203995	T	G	FALSE	0	8.17730214865865e-09	0	0	0	0	0	9.62977e-47
rs10798394	1	171396569	0.0102	-0.0261	0.0102	0.4138	0.4138	50092	1411760	0.0342661226991515	T	C	FALSE	0	1.58298849593155e-07	0	0	0	0	0	3.21826e-47
rs10798395	1	171396584	0.01026	-0.0261	0.0102	0.4132	0.4132	50092	1411760	0.0342661226991515	T	G	FALSE	0	1.58298849593155e-07	0	0	0	0	0	3.20393e-47
rs10798403	1	171410491	0.3171	-0.0101	0.0101	0.4372	0.4372	50092	1411760	0.0342661226991515	A	G	FALSE	0	9.856093948601e-09	0	0	0	0	0	2.31286e-41
rs10798404	1	171411796	0.2935	0.0106	0.0101	0.5624	0.4376	50092	1411760	0.0342661226991515	A	G	FALSE	0	1.03676586279666e-08	0	0	0	0	0	9.11692e-35
rs10798407	1	171415313	0.1953	0.0134	0.0104	0.655	0.345	56306	1417791	0.0381969436203995	T	C	FALSE	0	1.41029451264972e-08	0	0	0	0	0	7.21705e-35
rs10798416	1	171429273	0.1591	0.0141	0.01	0.4316	0.4316	50455	1411925	0.0345019762305283	A	G	FALSE	0	1.59747224075747e-08	0	0	0	0	0	3.45304e-45
rs10798424	1	171448478	8.595e-05	-0.0636	0.0162	0.9033	0.0967	56306	1417791	0.0381969436203995	T	C	FALSE	0	2.0252957640043e-05	0	0	0	0	0	7.47786e-43
rs10798429	1	171450889	0.0003657	-0.0608	0.0171	0.9062	0.0938	56306	1417791	0.0381969436203995	A	G	FALSE	0	5.3703669947959e-06	0	0	0	0	0	1.07872e-43
rs10798524	1	171601895	0.002885	-0.0288	0.0097	0.4674	0.4674	56306	1417791	0.0381969436203995	T	C	FALSE	0	4.67034033116705e-07	0	0	0	0	0	7.34892e-42
rs10798562	1	171622830	0.1133	0.0189	0.012	0.7825	0.2175	56306	1417791	0.0381969436203995	T	C	FALSE	0	2.4460832676221e-08	0	0	0	0	0	2.21747e-41
rs10798598	1	171668697	2.236e-08	0.0568	0.0102	0.6927	0.3073	56306	1417791	0.0381969436203995	A	G	FALSE	0	0.031445651730783	0	0	0	0	0	0
rs10798599	1	171671463	1.821e-08	0.0572	0.0102	0.6935	0.3065	56306	1417791	0.0381969436203995	T	G	FALSE	0	0.0391280137513113	0	0	0	0	0	0
rs10798603	1	171680382	2.412e-08	-0.0565	0.0101	0.3071	0.3071	56306	1417791	0.0381969436203995	T	C	FALSE	0	0.0359022497251174	0	0	0	0	0	0
rs10798634	1	171738346	0.000431	-0.0397	0.0113	0.2239	0.2239	56306	1417791	0.0381969436203995	T	C	FALSE	0	3.14389855853057e-06	0	0	0	0	0	4.72667e-46
rs10798636	1	171743865	0.0001158	0.041	0.0106	0.7329	0.2671	56306	1417791	0.0381969436203995	A	G	FALSE	0	1.09054484962693e-05	0	0	0	0	0	4.87805e-24
rs10798637	1	171744099	0.01415	0.023	0.0094	0.5358	0.4642	56306	1417791	0.0381969436203995	T	C	FALSE	0	1.10447945035047e-07	0	0	0	0	0	2.63339e-41
rs10798657	1	171783262	0.003811	-0.0272	0.0094	0.4555	0.4555	56306	1417791	0.0381969436203995	T	C	FALSE	0	3.63212630721729e-07	0	0	0	0	0	3.88974e-47
rs10798658	1	171783449	0.003545	0.0274	0.0094	0.5446	0.4554	56306	1417791	0.0381969436203995	A	G	FALSE	0	3.86311828646611e-07	0	0	0	0	0	8.44674e-42
rs10798661	1	171787182	0.004483	-0.0267	0.0094	0.4533	0.4533	56306	1417791	0.0381969436203995	A	G	FALSE	0	3.11943918447854e-07	0	0	0	0	0	2.01779e-47
rs10798667	1	171788548	0.03088	-0.0267	0.0124	0.1817	0.1817	56306	1417791	0.0381969436203995	A	G	FALSE	0	7.39354001099921e-08	0	0	0	0	0	9.52081e-39
rs10798679	1	171798842	0.003661	-0.0274	0.0094	0.4549	0.4549	56306	1417791	0.0381969436203995	T	C	FALSE	0	3.86311828646611e-07	0	0	0	0	0	1.9412e-47
rs10798687	1	171807232	0.007686	-0.0306	0.0115	0.2257	0.2257	56306	1417791	0.0381969436203995	A	G	FALSE	0	2.32117573920194e-07	0	0	0	0	0	6.47457e-46
rs10798688	1	171807276	0.00833	-0.0302	0.0114	0.2259	0.2259	56306	1417791	0.0381969436203995	T	C	FALSE	0	2.23107480463565e-07	0	0	0	0	0	6.80325e-46
rs10798690	1	171807943	0.008629	-0.0311	0.0118	0.2167	0.2167	56306	1417791	0.0381969436203995	T	C	FALSE	0	2.22647449900554e-07	0	0	0	0	0	6.43203e-46
rs10798691	1	171807956	0.008794	-0.031	0.0118	0.2167	0.2167	56306	1417791	0.0381969436203995	A	C	FALSE	0	2.17754287920873e-07	0	0	0	0	0	6.4034e-46
rs10798692	1	171808059	0.008765	0.03	0.0114	0.7742	0.2258	56306	1417791	0.0381969436203995	A	G	FALSE	0	2.13040374185867e-07	0	0	0	0	0	1.0382e-25
rs10798693	1	171808160	0.009411	-0.0298	0.0115	0.2251	0.2251	56306	1417791	0.0381969436203995	A	G	FALSE	0	1.93477596812503e-07	0	0	0	0	0	8.38741e-46
rs10798695	1	171812059	0.001285	0.0318	0.0099	0.433	0.433	56306	1417791	0.0381969436203995	A	G	FALSE	0	1.00793883397077e-06	0	0	0	0	0	1.17551e-38
rs10798701	1	171815431	0.001608	-0.0311	0.0098	0.5653	0.4347	56306	1417791	0.0381969436203995	A	G	FALSE	0	8.82426972049184e-07	0	0	0	0	0	1.6799e-47
rs10798702	1	171815452	0.001434	0.0314	0.0098	0.4341	0.4341	56306	1417791	0.0381969436203995	A	T	FALSE	0	9.72682576685193e-07	0	0	0	0	0	1.01111e-38
rs10798705	1	171819610	0.004645	0.0296	0.0104	0.3228	0.3228	56306	1417791	0.0381969436203995	A	G	FALSE	0	3.49998518395652e-07	0	0	0	0	0	6.13548e-42
rs10798706	1	171820018	0.001622	-0.031	0.0098	0.5664	0.4336	56306	1417791	0.0381969436203995	C	G	FALSE	0	8.54420271715056e-07	0	0	0	0	0	1.7233e-47
rs10798712	1	171824253	0.7152	-0.005	0.0137	0.1433	0.1433	56306	1417791	0.0381969436203995	C	G	FALSE	0	8.66631119176687e-09	0	0	0	0	0	2.5064e-47
rs10798716	1	171826644	0.001308	0.0316	0.0098	0.4345	0.4345	56306	1417791	0.0381969436203995	T	C	FALSE	0	1.03846437898901e-06	0	0	0	0	0	6.60189e-39
rs10798722	1	171829164	0.003858	0.0302	0.0104	0.322	0.322	56306	1417791	0.0381969436203995	T	G	FALSE	0	4.12958463559526e-07	0	0	0	0	0	5.29373e-42
rs10798725	1	171836362	0.003542	0.0304	0.0104	0.322	0.322	56306	1417791	0.0381969436203995	A	T	FALSE	0	4.36690204918732e-07	0	0	0	0	0	8.66525e-42
rs10798726	1	171846016	0.004071	0.0299	0.0104	0.3223	0.3223	56306	1417791	0.0381969436203995	A	G	FALSE	0	3.80019679688748e-07	0	0	0	0	0	4.41085e-42
rs10798727	1	171853225	0.005853	0.0272	0.0099	0.5779	0.4221	56306	1417791	0.0381969436203995	T	C	FALSE	0	2.53279691313626e-07	0	0	0	0	0	1.48273e-39
rs10798742	1	171883126	0.7566	-0.0032	0.0104	0.679	0.321	56306	1417791	0.0381969436203995	T	C	FALSE	0	6.4608775503051e-09	0	0	0	0	0	4.14991e-47
rs10798751	1	171889347	0.4556	-0.0077	0.0104	0.6705	0.3295	56306	1417791	0.0381969436203995	T	G	FALSE	0	8.10029995059833e-09	0	0	0	0	0	8.80339e-47
rs10798758	1	171892781	0.0001734	0.0382	0.0102	0.6407	0.3593	56306	1417791	0.0381969436203995	A	C	FALSE	0	6.59373535763556e-06	0	0	0	0	0	2.26504e-47
rs10798791	1	171931300	0.0008943	-0.034	0.0102	0.3527	0.3527	56306	1417791	0.0381969436203995	A	C	FALSE	0	1.54122348287999e-06	0	0	0	0	0	3.96604e-35
rs10800534	1	170721383	0.4711	0.0087	0.0121	0.2034	0.2034	56306	1417791	0.0381969436203995	T	C	FALSE	0	9.27221537808698e-09	0	0	0	0	0	2.50848e-47
rs10800535	1	170737633	0.471	0.0068	0.0095	0.4373	0.4373	56306	1417791	0.0381969436203995	A	G	FALSE	0	7.27079347315797e-09	0	0	0	0	0	1.46845e-47
rs10800536	1	170737752	0.4864	0.0066	0.0094	0.4384	0.4384	56306	1417791	0.0381969436203995	T	C	FALSE	0	7.12531995379886e-09	0	0	0	0	0	1.46565e-47
rs10800537	1	170738723	0.4948	0.0065	0.0095	0.4408	0.4408	56306	1417791	0.0381969436203995	T	C	FALSE	0	7.11218797571008e-09	0	0	0	0	0	1.46338e-47
rs10800538	1	170748465	0.7978	-0.0053	0.0207	0.9362	0.0638	49416	1411171	0.0338329726336055	T	C	FALSE	0	1.26206763510623e-08	0	0	0	0	0	1.51904e-47
rs10800540	1	170763123	0.8408	-0.0042	0.0207	0.9367	0.0633	49416	1411171	0.0338329726336055	T	C	FALSE	0	1.24693259722073e-08	0	0	0	0	0	1.49158e-47
rs10800541	1	170764907	0.5811	-0.0056	0.0101	0.6425	0.3575	56306	1417791	0.0381969436203995	A	G	FALSE	0	6.97743407358808e-09	0	0	0	0	0	1.78199e-47
rs10800542	1	170764915	0.5289	-0.0063	0.01	0.6387	0.3613	56306	1417791	0.0381969436203995	T	G	FALSE	0	7.22387608938396e-09	0	0	0	0	0	1.83775e-47
rs10800543	1	170765768	0.5291	-0.0063	0.0101	0.6402	0.3598	56306	1417791	0.0381969436203995	T	C	FALSE	0	7.2674589738509e-09	0	0	0	0	0	1.83915e-47
rs10800544	1	170780089	0.718	0.0053	0.0147	0.8136	0.1864	53858	846380	0.0598264014627243	A	G	FALSE	0	9.28036024025542e-09	0	0	0	0	0	1.63967e-47
rs10800545	1	170795380	0.7102	-0.0036	0.0097	0.4758	0.4758	56306	1417791	0.0381969436203995	A	G	FALSE	0	6.15804680795586e-09	0	0	0	0	0	1.46719e-47
rs10800546	1	170807586	0.5425	-0.0059	0.0097	0.476	0.476	55137	1416823	0.0374582189733417	A	G	FALSE	0	6.91435302440505e-09	0	0	0	0	0	1.53846e-47
rs10800547	1	170812481	0.5801	-0.0054	0.0097	0.5323	0.4677	56306	1417791	0.0381969436203995	A	G	FALSE	0	6.71031177499615e-09	0	0	0	0	0	1.94648e-47
rs10800548	1	170816253	0.8186	0.0022	0.0097	0.5212	0.4788	56306	1417791	0.0381969436203995	T	C	FALSE	0	5.89857465058247e-09	0	0	0	0	0	1.67421e-47
rs10800549	1	170819063	0.6069	0.005	0.0097	0.4703	0.4703	56306	1417791	0.0381969436203995	A	T	FALSE	0	6.56393846341681e-09	0	0	0	0	0	1.51627e-47
rs10800550	1	170822353	0.6254	0.0047	0.0097	0.4711	0.4711	56306	1417791	0.0381969436203995	A	G	FALSE	0	6.46344960877024e-09	0	0	0	0	0	1.50003e-47
rs10800551	1	170824450	0.813	-0.0023	0.0097	0.4739	0.4739	56306	1417791	0.0381969436203995	A	T	FALSE	0	5.91266377209189e-09	0	0	0	0	0	1.45821e-47
rs10800552	1	170824804	0.674	-0.0041	0.0097	0.529	0.471	56306	1417791	0.0381969436203995	A	C	FALSE	0	6.28503099392854e-09	0	0	0	0	0	1.86158e-47
rs10800553	1	170824985	0.6633	-0.0042	0.0097	0.529	0.471	56306	1417791	0.0381969436203995	A	G	FALSE	0	6.31274807869507e-09	0	0	0	0	0	1.86593e-47
rs10800554	1	170825616	0.6636	-0.0042	0.0097	0.529	0.471	56306	1417791	0.0381969436203995	T	C	FALSE	0	6.31274807869507e-09	0	0	0	0	0	1.86624e-47
rs10800556	1	170827774	0.6118	-0.0049	0.0097	0.4913	0.4913	56306	1417791	0.0381969436203995	T	G	FALSE	0	6.52957739598751e-09	0	0	0	0	0	1.79011e-47
rs10800557	1	170827841	0.6136	0.0049	0.0097	0.5087	0.4913	56306	1417791	0.0381969436203995	T	G	FALSE	0	6.52957739598751e-09	0	0	0	0	0	1.56417e-47
rs10800558	1	170828021	0.8818	0.0014	0.0097	0.5398	0.4602	56306	1417791	0.0381969436203995	A	C	FALSE	0	5.80919587052564e-09	0	0	0	0	0	1.52519e-47
rs10800560	1	170834099	0.6356	-0.0046	0.0097	0.4919	0.4919	56306	1417791	0.0381969436203995	A	T	FALSE	0	6.43166013916023e-09	0	0	0	0	0	1.74559e-47
rs10800561	1	170845745	0.5318	0.009	0.0144	0.8597	0.1403	50455	1411925	0.0345019762305283	T	G	FALSE	0	1.03506365669001e-08	0	0	0	0	0	1.46548e-47
rs10800562	1	170849413	0.8007	0.004	0.0157	0.8725	0.1275	50455	1411925	0.0345019762305283	A	G	FALSE	0	9.59215754967783e-09	0	0	0	0	0	1.62401e-47
rs10800565	1	170866825	0.4496	-0.0111	0.0147	0.1364	0.1364	50455	1411925	0.0345019762305283	T	C	FALSE	0	1.15514530398137e-08	0	0	0	0	0	4.19537e-47
rs10800566	1	170867051	0.4458	0.011	0.0144	0.8601	0.1399	50455	1411925	0.0345019762305283	A	G	FALSE	0	1.1393023766606e-08	0	0	0	0	0	1.45954e-47
rs10800567	1	170868326	0.4555	0.0107	0.0144	0.86	0.14	50455	1411925	0.0345019762305283	C	G	FALSE	0	1.12164879610916e-08	0	0	0	0	0	1.45773e-47
rs10800568	1	170871711	0.5417	0.009	0.0147	0.8633	0.1367	50455	1411925	0.0345019762305283	T	C	FALSE	0	1.04820931272973e-08	0	0	0	0	0	1.46093e-47
rs10800569	1	170876687	0.6262	-0.0071	0.0145	0.14	0.14	50455	1411925	0.0345019762305283	T	C	FALSE	0	9.66858112663352e-09	0	0	0	0	0	2.72227e-47
rs10800570	1	170877406	0.4875	0.01	0.0144	0.8601	0.1399	50455	1411925	0.0345019762305283	A	C	FALSE	0	1.08333115503502e-08	0	0	0	0	0	1.45594e-47
rs10800571	1	170877998	0.4896	0.0099	0.0144	0.8603	0.1397	50455	1411925	0.0345019762305283	A	T	FALSE	0	1.07817201180327e-08	0	0	0	0	0	1.45611e-47
rs10800572	1	170885563	0.4391	0.0112	0.0144	0.8607	0.1393	50455	1411925	0.0345019762305283	A	G	FALSE	0	1.15150171488277e-08	0	0	0	0	0	1.45643e-47
rs1080197	1	171075997	0.5559	-0.0071	0.0121	0.8125	0.1875	56306	1417791	0.0381969436203995	T	C	FALSE	0	8.50797774413182e-09	0	0	0	0	0	1.53368e-47
rs10903	1	171673236	6.532e-09	-0.0697	0.012	0.1957	0.1957	55137	1416823	0.0374582189733417	A	G	FALSE	0	0.14167829832477	0	0	2	1	1	1
rs10910863	1	171960993	0.1115	-0.0211	0.0133	0.1617	0.1617	56306	1417791	0.0381969436203995	T	C	FALSE	0	2.75652110146206e-08	0	0	0	0	0	1.24915e-37
rs10910879	1	171053153	0.912	-0.0014	0.0128	0.8242	0.1758	56306	1417791	0.0381969436203995	A	C	FALSE	0	7.62519806037708e-09	0	0	0	0	0	1.50799e-47
rs10910881	1	171968940	0.1109	0.0211	0.0132	0.8356	0.1644	56306	1417791	0.0381969436203995	T	C	FALSE	0	2.78875227275242e-08	0	0	0	0	0	3.3657e-25
rs10910891	1	171972116	0.1292	0.0199	0.0131	0.8308	0.1692	56306	1417791	0.0381969436203995	T	G	FALSE	0	2.44700682496007e-08	0	0	0	0	0	1.32595e-25
rs10910924	1	171988438	0.5714	0.0135	0.0238	0.9521	0.0479000000000001	56306	1417791	0.0381969436203995	A	G	FALSE	0	1.64344789333608e-08	0	0	0	0	0	1.18583e-46
rs10910929	1	171992567	0.3633	0.009	0.0099	0.5829	0.4171	56306	1417791	0.0381969436203995	T	G	FALSE	0	8.86068560923815e-09	0	0	0	0	0	1.1428e-46
rs10910945	1	172004280	0.1498	-0.0167	0.0116	0.2494	0.2494	50455	1411925	0.0345019762305283	T	C	FALSE	0	1.93028912398253e-08	0	0	0	0	0	1.56623e-45
rs10910966	1	172010608	0.09844	0.0174	0.0105	0.6891	0.3109	56306	1417791	0.0381969436203995	T	C	FALSE	0	2.44684872017933e-08	0	0	0	0	0	8.6016e-45
rs10910968	1	172011910	0.09548	-0.0176	0.0106	0.3104	0.3104	56306	1417791	0.0381969436203995	T	C	FALSE	0	2.48315916795539e-08	0	0	0	0	0	1.56092e-47
rs10910969	1	172012128	0.08974	-0.0179	0.0105	0.3108	0.3108	56306	1417791	0.0381969436203995	A	G	FALSE	0	2.65017663603116e-08	0	0	0	0	0	1.56431e-47
rs10910970	1	172012378	0.09943	-0.0174	0.0105	0.3109	0.3109	56306	1417791	0.0381969436203995	T	G	FALSE	0	2.44684872017933e-08	0	0	0	0	0	1.56084e-47
rs10910971	1	172013991	0.2451	-0.0174	0.015	0.1413	0.1413	50455	1411925	0.0345019762305283	T	G	FALSE	0	1.73290129971226e-08	0	0	0	0	0	1.32021e-38
rs10911101	1	172112119	0.9396	0.001	0.0129	0.8252	0.1748	56306	1417791	0.0381969436203995	A	T	FALSE	0	7.66177422089169e-09	0	0	0	0	0	7.99262e-42
rs10911109	1	172117232	0.8474	-0.0025	0.0128	0.1773	0.1773	56306	1417791	0.0381969436203995	A	G	FALSE	0	7.72527122388243e-09	0	0	0	0	0	1.80321e-46
rs10911110	1	172117350	0.9258	-0.0012	0.0129	0.1745	0.1745	56306	1417791	0.0381969436203995	T	C	FALSE	0	7.67186803966215e-09	0	0	0	0	0	1.90717e-41
rs10911111	1	172117680	0.9433	9e-04	0.0128	0.8246	0.1754	56306	1417791	0.0381969436203995	A	G	FALSE	0	7.59859295128534e-09	0	0	0	0	0	8.72565e-42
rs10911112	1	172118780	0.7458	-0.0041	0.0126	0.1841	0.1841	56306	1417791	0.0381969436203995	A	G	FALSE	0	7.86598992128259e-09	0	0	0	0	0	1.93437e-46
rs10911116	1	172122101	0.7414	-0.0042	0.0127	0.1805	0.1805	56306	1417791	0.0381969436203995	T	C	FALSE	0	7.94191408987568e-09	0	0	0	0	0	3.21593e-41
rs10911121	1	172124850	0.6533	-0.0055	0.0123	0.7975	0.2025	56306	1417791	0.0381969436203995	C	G	FALSE	0	8.04787807444099e-09	0	0	0	0	0	1.47648e-46
rs10911122	1	172124992	0.6495	-0.0056	0.0123	0.7975	0.2025	56306	1417791	0.0381969436203995	A	G	FALSE	0	8.07734389032875e-09	0	0	0	0	0	1.49943e-46
rs10911123	1	172126166	0.6584	-0.0054	0.0123	0.7973	0.2027	56306	1417791	0.0381969436203995	A	G	FALSE	0	8.01904777883548e-09	0	0	0	0	0	1.47732e-46
rs10911124	1	172126505	0.6189	-0.0061	0.0123	0.8008	0.1992	56306	1417791	0.0381969436203995	T	C	FALSE	0	8.23442858390415e-09	0	0	0	0	0	1.74283e-41
rs10911125	1	172127161	0.6497	-0.0056	0.0123	0.7995	0.2005	56306	1417791	0.0381969436203995	A	C	FALSE	0	8.07734389032875e-09	0	0	0	0	0	1.50595e-43
rs10911192	1	171071883	0.8554	-0.0017	0.0095	0.5366	0.4634	56306	1417791	0.0381969436203995	A	C	FALSE	0	5.72155075257791e-09	0	0	0	0	0	1.40903e-46
rs10911238	1	171072608	0.6087	0.0062	0.0121	0.7905	0.2095	56306	1417791	0.0381969436203995	A	T	FALSE	0	8.16841596293274e-09	0	0	0	0	0	6.90276e-47
rs10911257	1	172166548	0.01239	-0.0248	0.0099	0.3881	0.3881	56306	1417791	0.0381969436203995	T	C	FALSE	0	1.34206658124153e-07	0	0	0	0	0	1.54384e-46
rs10911270	1	172170806	0.1113	-0.0164	0.0103	0.3204	0.3204	56306	1417791	0.0381969436203995	T	C	FALSE	0	2.1610283640078e-08	0	0	0	0	0	2.87122e-47
rs10911275	1	172172776	0.09145	-0.034	0.0202	0.0686	0.0686	50455	1411925	0.0345019762305283	A	G	FALSE	0	4.84693456423563e-08	0	0	0	0	0	7.71002e-47
rs10911278	1	172173076	0.09844	0.0331	0.02	0.9309	0.0691000000000001	50455	1411925	0.0345019762305283	A	C	FALSE	0	4.58240918912924e-08	0	0	0	0	0	6.07156e-47
rs10911299	1	172183719	0.1228	0.0155	0.01	0.5036	0.4964	37688	981372	0.0369831020744608	A	G	FALSE	0	1.96424082528019e-08	0	0	0	0	0	6.02768e-46
rs10911315	1	172186477	0.7977	-0.0041	0.016	0.8882	0.1118	56306	1417791	0.0381969436203995	A	C	FALSE	0	9.77787381885644e-09	0	0	0	0	0	7.84638e-46
rs10911320	1	171075351	0.6639	-0.005	0.0115	0.2203	0.2203	56306	1417791	0.0381969436203995	A	G	FALSE	0	7.48576355192645e-09	0	0	0	0	0	2.07893e-47
rs10911323	1	172191332	0.3334	-0.011	0.0114	0.2142	0.2142	56306	1417791	0.0381969436203995	A	G	FALSE	0	1.07414666553138e-08	0	0	0	0	0	6.29823e-47
rs10911326	1	172192145	0.3062	-0.0116	0.0114	0.2147	0.2147	56306	1417791	0.0381969436203995	A	G	FALSE	0	1.13148111328314e-08	0	0	0	0	0	6.82105e-47
rs10911335	1	172197297	0.2451	0.0133	0.0114	0.7864	0.2136	56306	1417791	0.0381969436203995	T	C	FALSE	0	1.33090330070363e-08	0	0	0	0	0	1.55528e-47
rs10911336	1	172197315	0.2423	0.0133	0.0114	0.7866	0.2134	56306	1417791	0.0381969436203995	T	C	FALSE	0	1.33090330070363e-08	0	0	0	0	0	1.56543e-47
rs10911337	1	172197549	0.7996	-0.003	0.0117	0.2627	0.2627	37688	981372	0.0369831020744608	A	G	FALSE	0	7.16165808153696e-09	0	0	0	0	0	2.37894e-47
rs10911338	1	172197896	0.2549	0.0129	0.0114	0.7857	0.2143	56306	1417791	0.0381969436203995	A	C	FALSE	0	1.27847551271428e-08	0	0	0	0	0	1.59267e-47
rs10911341	1	172201630	0.2616	-0.0128	0.0114	0.2139	0.2139	56306	1417791	0.0381969436203995	T	G	FALSE	0	1.26593721040013e-08	0	0	0	0	0	8.10283e-47
rs10911356	1	172209747	0.3298	0.0111	0.0114	0.7849	0.2151	56306	1417791	0.0381969436203995	A	G	FALSE	0	1.08328883072699e-08	0	0	0	0	0	1.49823e-47
rs10911387	1	172218008	0.2959	-0.0113	0.0108	0.2584	0.2584	56306	1417791	0.0381969436203995	T	C	FALSE	0	1.10448763266172e-08	0	0	0	0	0	1.46674e-47
rs10911394	1	172219105	0.3923	0.0098	0.0114	0.7848	0.2152	56306	1417791	0.0381969436203995	A	G	FALSE	0	9.76098270050916e-09	0	0	0	0	0	1.4694e-47
rs10911433	1	172230487	0.3928	-0.0098	0.0114	0.2154	0.2154	56306	1417791	0.0381969436203995	A	G	FALSE	0	9.76098270050916e-09	0	0	0	0	0	5.47421e-47
rs10911502	1	172260070	0.4675	-0.0079	0.0109	0.268	0.268	55137	1416823	0.0374582189733417	C	G	FALSE	0	8.3917425357411e-09	0	0	0	0	0	2.63952e-47
rs10911504	1	172260521	0.4092	0.0095	0.0115	0.7858	0.2142	56306	1417791	0.0381969436203995	T	C	FALSE	0	9.5723808563734e-09	0	0	0	0	0	1.47262e-47
rs10911508	1	172264245	0.7126	0.0052	0.014	0.16	0.16	37688	981372	0.0369831020744608	A	G	FALSE	0	8.87604833608024e-09	0	0	0	0	0	1.55813e-46
rs10911509	1	172264425	0.6297	0.0085	0.0176	0.095	0.095	56306	1417791	0.0381969436203995	A	G	FALSE	0	1.16798843666913e-08	0	0	0	0	0	2.16511e-47
rs10911603	1	172303509	0.7756	-0.0047	0.0165	0.8909	0.1091	50455	1411925	0.0345019762305283	A	C	FALSE	0	1.01590380183583e-08	0	0	0	0	0	7.93083e-47
rs10911624	1	172316842	0.8389	0.0033	0.0162	0.1088	0.1088	50455	1411925	0.0345019762305283	A	G	FALSE	0	9.78111726252942e-09	0	0	0	0	0	3.58396e-47
rs10911627	1	172320969	0.9981	0	0.0185	0.9185	0.0815	49286	1410957	0.0337519166330535	A	G	FALSE	0	1.09310865149753e-08	0	0	0	0	0	2.64377e-47
rs10911629	1	172321398	0.9797	-5e-04	0.0187	0.9214	0.0786	50455	1411925	0.0345019762305283	T	C	FALSE	0	1.10521574663579e-08	0	0	0	0	0	2.7185e-47
rs10911641	1	171088854	0.5057	0.0076	0.0114	0.7796	0.2204	56306	1417791	0.0381969436203995	A	G	FALSE	0	8.42829036124124e-09	0	0	0	0	0	9.92911e-47
rs10911654	1	172338909	0.199	-0.0245	0.0191	0.0747	0.0747	50455	1411925	0.0345019762305283	C	G	FALSE	0	2.54955005389798e-08	0	0	0	0	0	2.00232e-47
rs10911664	1	171091855	0.7764	-0.0062	0.0217	0.9473	0.0527	56306	1417791	0.0381969436203995	A	C	FALSE	0	1.33284630568649e-08	0	0	0	0	0	6.38345e-47
rs10911681	1	172367097	0.3236	0.0137	0.0139	0.8467	0.1533	50455	1411925	0.0345019762305283	A	G	FALSE	0	1.33425690642011e-08	0	0	0	0	0	1.7614e-47
rs10911683	1	171093095	0.5514	0.0064	0.0108	0.7296	0.2704	56306	1417791	0.0381969436203995	A	G	FALSE	0	7.62370622769495e-09	0	0	0	0	0	8.80636e-46
rs10911684	1	172367677	0.1937	0.0248	0.0191	0.9262	0.0738	50455	1411925	0.0345019762305283	A	G	FALSE	0	2.60128230044383e-08	0	0	0	0	0	9.35095e-47
rs10911786	1	172448717	0.1244	0.0149	0.0097	0.4093	0.4093	56306	1417791	0.0381969436203995	T	C	FALSE	0	1.86539349128099e-08	0	0	0	0	0	6.39413e-47
rs10911791	1	171101482	0.5753	0.0064	0.0115	0.7795	0.2205	56306	1417791	0.0381969436203995	C	G	FALSE	0	7.94978151332374e-09	0	0	0	0	0	8.15893e-47
rs10911817	1	172462262	0.9731	8e-04	0.0227	0.9267	0.0733	50455	1411925	0.0345019762305283	A	G	FALSE	0	1.33922736071025e-08	0	0	0	0	0	2.96337e-47
rs10911822	1	172465725	0.8687	0.0019	0.0114	0.4	0.4	36747	1316643	0.0271518187662093	T	C	FALSE	0	6.84785385226469e-09	0	0	0	0	0	1.62356e-47
rs10911823	1	172465792	0.889	-0.002	0.0141	0.6076	0.3924	36747	1316643	0.0271518187662093	T	C	FALSE	0	8.43007635488073e-09	0	0	0	0	0	1.93105e-47
rs10911830	1	172467044	0.6704	0.0058	0.0136	0.8388	0.1612	49928	1411453	0.03416494398107	T	C	FALSE	0	8.8143672890036e-09	0	0	0	0	0	1.48503e-47
rs10911833	1	172468287	0.4858	0.008	0.0114	0.742	0.258	50455	1411925	0.0345019762305283	T	C	FALSE	0	8.63240881133173e-09	0	0	0	0	0	2.42211e-47
rs10911834	1	172468418	0.5078	0.0077	0.0116	0.7466	0.2534	50455	1411925	0.0345019762305283	T	C	FALSE	0	8.55912376495469e-09	0	0	0	0	0	2.31129e-47
rs10911839	1	171104052	0.8609	0.002	0.0116	0.2395	0.2395	56306	1417791	0.0381969436203995	A	G	FALSE	0	6.97435077687242e-09	0	0	0	0	0	4.82414e-47
rs10911841	1	171104140	0.5879	0.006	0.0111	0.2394	0.2394	56306	1417791	0.0381969436203995	A	G	FALSE	0	7.60762222091361e-09	0	0	0	0	0	9.17993e-47
rs10911843	1	172482854	0.9353	-9e-04	0.0116	0.7524	0.2476	50455	1411925	0.0345019762305283	T	G	FALSE	0	6.89244261265879e-09	0	0	0	0	0	1.50353e-47
rs10911856	1	172490330	0.6821	-0.004	0.0099	0.5763	0.4237	56306	1417791	0.0381969436203995	A	C	FALSE	0	6.36513754746183e-09	0	0	0	0	0	1.6804e-47
rs10911862	1	172496788	0.9714	-4e-04	0.0116	0.7522	0.2478	49928	1411453	0.03416494398107	A	G	FALSE	0	6.87587120433643e-09	0	0	0	0	0	1.49224e-47
rs10911875	1	172506105	0.8975	-0.0021	0.0165	0.8918	0.1082	42598	1322509	0.0312048799105125	A	C	FALSE	0	9.83662932703873e-09	0	0	0	0	0	1.54599e-47
rs10911920	1	172530687	0.9239	0.0011	0.0117	0.7612	0.2388	49928	1411453	0.03416494398107	T	C	FALSE	0	6.9614310920167e-09	0	0	0	0	0	1.46802e-47
rs10912009	1	172566234	0.8538	-0.0023	0.0126	0.2202	0.2202	49928	1411453	0.03416494398107	A	G	FALSE	0	7.58680568376279e-09	0	0	0	0	0	1.49135e-47
rs10912058	1	172591228	0.6945	0.0038	0.0097	0.4357	0.4357	56306	1417791	0.0381969436203995	A	G	FALSE	0	6.20655507898533e-09	0	0	0	0	0	4.06618e-47
rs10912075	1	172601404	0.7684	0.0035	0.0118	0.7614	0.2386	49928	1411453	0.03416494398107	C	G	FALSE	0	7.30309444216757e-09	0	0	0	0	0	1.9848e-47
rs10912080	1	172603411	0.685	-0.0039	0.0097	0.5681	0.4319	56306	1417791	0.0381969436203995	A	C	FALSE	0	6.23194341575961e-09	0	0	0	0	0	1.75159e-47
rs10912083	1	172604706	0.6565	0.0043	0.0097	0.4329	0.4329	56306	1417791	0.0381969436203995	C	G	FALSE	0	6.34125973581978e-09	0	0	0	0	0	3.81228e-47
rs10912084	1	172604713	0.6542	0.0044	0.0097	0.4338	0.4338	56306	1417791	0.0381969436203995	T	G	FALSE	0	6.37057561426552e-09	0	0	0	0	0	3.8418e-47
rs10912097	1	172611001	0.5141	-0.0064	0.0097	0.4754	0.4754	56306	1417791	0.0381969436203995	T	C	FALSE	0	7.14350948528576e-09	0	0	0	0	0	1.80049e-47
rs10912265	1	172673583	0.3919	-0.0109	0.0127	0.1766	0.1766	56306	1417791	0.0381969436203995	T	C	FALSE	0	1.08538775771173e-08	0	0	0	0	0	1.46301e-47
rs10912267	1	172674776	0.3019	-0.0129	0.0125	0.1838	0.1838	56306	1417791	0.0381969436203995	A	G	FALSE	0	1.25826539041001e-08	0	0	0	0	0	1.5142e-47
rs10912276	1	172678854	0.2623	0.0143	0.0127	0.8182	0.1818	55137	1416823	0.0374582189733417	A	G	FALSE	0	1.4140799900729e-08	0	0	0	0	0	9.75519e-47
rs10912280	1	172679129	0.2889	0.0134	0.0126	0.8184	0.1816	56306	1417791	0.0381969436203995	A	G	FALSE	0	1.3106236659404e-08	0	0	0	0	0	9.08967e-47
rs10912292	1	172679704	0.3026	-0.013	0.0126	0.1834	0.1834	56306	1417791	0.0381969436203995	T	G	FALSE	0	1.2679188244748e-08	0	0	0	0	0	1.51945e-47
rs10912295	1	172679935	0.2826	0.0136	0.0126	0.8176	0.1824	56306	1417791	0.0381969436203995	C	G	FALSE	0	1.33301417408556e-08	1	1	0	0	0	9.33057e-47
rs10912301	1	172681569	0.2797	-0.0137	0.0126	0.1824	0.1824	56306	1417791	0.0381969436203995	A	G	FALSE	0	1.34447898716233e-08	2	1	0	0	0	1.50531e-47
rs10912425	1	171126810	0.8851	0.0018	0.0124	0.8119	0.1881	56306	1417791	0.0381969436203995	A	G	FALSE	0	7.42144372731116e-09	0	0	0	0	0	7.46862e-47
rs10912475	1	171135764	0.9792	-2e-04	0.0095	0.5771	0.4229	56306	1417791	0.0381969436203995	A	G	FALSE	0	5.6321201402922e-09	0	0	0	0	0	1.86764e-47
rs10912478	1	171136125	0.7876	-0.0028	0.0104	0.724	0.276	56306	1417791	0.0381969436203995	A	G	FALSE	0	6.38978356428322e-09	0	0	0	0	0	1.47237e-47
rs10912484	1	171140541	0.9146	-0.0011	0.01	0.3497	0.3497	56306	1417791	0.0381969436203995	T	C	FALSE	0	5.96239033643992e-09	0	0	0	0	0	1.68814e-47
rs10912486	1	171140704	0.2326	0.0157	0.0131	0.1508	0.1508	56306	1417791	0.0381969436203995	A	G	FALSE	0	1.58579782541229e-08	0	0	0	0	0	5.04125e-47
rs10912503	1	171149490	0.2629	0.0147	0.0131	0.1503	0.1503	56306	1417791	0.0381969436203995	A	G	FALSE	0	1.45192910615951e-08	0	0	0	0	0	2.38653e-47
rs10912504	1	171149686	0.2555	0.015	0.0132	0.1495	0.1495	56306	1417791	0.0381969436203995	A	T	FALSE	0	1.48649235414191e-08	0	0	0	0	0	2.42053e-47
rs10912524	1	171155927	0.2479	-0.0152	0.0132	0.8498	0.1502	56306	1417791	0.0381969436203995	A	G	FALSE	0	1.51236773992792e-08	0	0	0	0	0	3.48914e-47
rs10912525	1	171156483	0.4857	0.0149	0.0213	0.9494	0.0506	56306	1417791	0.0381969436203995	A	G	FALSE	0	1.6008106278076e-08	0	0	0	0	0	3.67063e-47
rs10912529	1	171160925	0.9914	-1e-04	0.0094	0.5772	0.4228	56306	1417791	0.0381969436203995	T	G	FALSE	0	5.5720485416503e-09	0	0	0	0	0	1.55107e-47
rs10912537	1	171166532	0.8774	-0.0015	0.0099	0.6721	0.3279	56306	1417791	0.0381969436203995	A	G	FALSE	0	5.93496655695144e-09	0	0	0	0	0	1.52948e-47
rs10912538	1	171166674	0.8762	0.0015	0.0099	0.3279	0.3279	56306	1417791	0.0381969436203995	C	G	FALSE	0	5.93496655695144e-09	0	0	0	0	0	1.75836e-47
rs10912542	1	171167157	0.9577	-5e-04	0.0094	0.4216	0.4216	56306	1417791	0.0381969436203995	T	C	FALSE	0	5.57960427144156e-09	0	0	0	0	0	1.53454e-47
rs10912552	1	171170551	0.9587	-5e-04	0.0099	0.6723	0.3277	56306	1417791	0.0381969436203995	A	G	FALSE	0	5.87486623668465e-09	0	0	0	0	0	1.58673e-47
rs10912593	1	171188057	0.9769	-3e-04	0.01	0.3201	0.3201	56306	1417791	0.0381969436203995	T	C	FALSE	0	5.92917706746229e-09	0	0	0	0	0	2.03774e-47
rs10912598	1	171190112	0.4255	0.0101	0.0127	0.8031	0.1969	37688	981372	0.0369831020744608	T	G	FALSE	0	1.03052291305779e-08	0	0	0	0	0	1.77444e-47
rs10912616	1	171195958	0.3495	0.0163	0.0175	0.081	0.081	56306	1417791	0.0381969436203995	A	G	FALSE	0	1.59103674134018e-08	0	0	0	0	0	2.84924e-47
rs10912619	1	171197680	0.4895	-0.0072	0.0105	0.289	0.289	56306	1417791	0.0381969436203995	T	C	FALSE	0	7.86603991279738e-09	0	0	0	0	0	1.46303e-47
rs10912661	1	171220450	0.4815	-0.0075	0.0107	0.2854	0.2854	56306	1417791	0.0381969436203995	T	C	FALSE	0	8.1000325728543e-09	0	0	0	0	0	1.45972e-47
rs10912667	1	171222759	0.6739	-0.0063	0.015	0.8584	0.1416	37688	981372	0.0369831020744608	A	G	FALSE	0	9.68959016170184e-09	0	0	0	0	0	1.4863e-47
rs10912669	1	171223015	0.9181	-0.0012	0.0113	0.2544	0.2544	56306	1417791	0.0381969436203995	T	C	FALSE	0	6.73238695446335e-09	0	0	0	0	0	1.47678e-47
rs10912672	1	171226705	0.7019	0.0053	0.014	0.1453	0.1453	56306	1417791	0.0381969436203995	A	G	FALSE	0	8.8997390954311e-09	0	0	0	0	0	6.61916e-46
rs10912673	1	171226714	0.9163	0.0018	0.0171	0.148	0.148	42598	1322509	0.0312048799105125	T	C	FALSE	0	1.01658746845964e-08	0	0	0	0	0	5.67646e-46
rs10912675	1	171227216	0.9973	0	0.0108	0.729	0.271	56306	1417791	0.0381969436203995	T	C	FALSE	0	6.39930988441754e-09	0	0	0	0	0	1.00484e-46
rs10912694	1	171236223	0.9174	-0.0011	0.0106	0.7305	0.2695	56306	1417791	0.0381969436203995	A	G	FALSE	0	6.3149558475672e-09	0	0	0	0	0	7.45339e-47
rs10912697	1	171238159	0.1669	0.0143	0.0104	0.3963	0.3963	56306	1417791	0.0381969436203995	A	G	FALSE	0	1.58206934812197e-08	0	0	0	0	0	3.03674e-46
rs10912698	1	171238786	0.6752	-0.006	0.0144	0.1304	0.1304	56306	1417791	0.0381969436203995	T	C	FALSE	0	9.29150625068197e-09	0	0	0	0	0	1.81034e-47
rs10912713	1	171252938	0.6095	0.0071	0.0139	0.1367	0.1367	56306	1417791	0.0381969436203995	T	G	FALSE	0	9.3689988268689e-09	0	0	0	0	0	2.47446e-45
rs10912714	1	171253037	0.597	-0.0073	0.0138	0.8622	0.1378	56306	1417791	0.0381969436203995	A	G	FALSE	0	9.38998319993185e-09	0	0	0	0	0	1.49206e-46
rs10912718	1	171256207	0.8475	0.0027	0.014	0.8632	0.1368	56306	1417791	0.0381969436203995	A	T	FALSE	0	8.44200187032829e-09	0	0	0	0	0	1.46264e-47
rs10912723	1	171258131	0.6632	-0.0061	0.0139	0.8641	0.1359	56306	1417791	0.0381969436203995	T	C	FALSE	0	9.05584790170345e-09	0	0	0	0	0	1.47652e-46
rs10912736	1	171270106	0.4814	-0.0105	0.0149	0.8716	0.1284	56306	1417791	0.0381969436203995	A	C	FALSE	0	1.12866743296196e-08	0	0	0	0	0	8.89925e-47
rs10912745	1	171273374	0.3596	0.0162	0.0177	0.8657	0.1343	42598	1322509	0.0312048799105125	T	C	FALSE	0	1.58529217786788e-08	0	0	0	0	0	1.90185e-47
rs10912749	1	171277506	0.8298	0.0023	0.0106	0.2744	0.2744	56306	1417791	0.0381969436203995	T	C	FALSE	0	6.43032984229702e-09	0	0	0	0	0	1.54617e-46
rs10912756	1	171282172	0.7426	0.0047	0.0142	0.8603	0.1397	56306	1417791	0.0381969436203995	T	C	FALSE	0	8.87580284404292e-09	0	0	0	0	0	1.48036e-47
rs10912810	1	171312216	0.1713	-0.0142	0.0104	0.6646	0.3354	56306	1417791	0.0381969436203995	A	G	FALSE	0	1.56141788172844e-08	0	0	0	0	0	3.52168e-47
rs10912830	1	171320395	0.1748	-0.0141	0.0104	0.667	0.333	56306	1417791	0.0381969436203995	A	T	FALSE	0	1.54117808803231e-08	0	0	0	0	0	3.44793e-47
rs10912833	1	171329277	0.3135	-0.0107	0.0107	0.6298	0.3702	50455	1411925	0.0345019762305283	A	G	FALSE	0	1.0438360380605e-08	0	0	0	0	0	2.79065e-47
rs10912834	1	171330006	0.137	-0.0154	0.0103	0.6586	0.3414	56306	1417791	0.0381969436203995	A	C	FALSE	0	1.86098869288524e-08	0	0	0	0	0	4.46621e-47
rs10912836	1	171330725	0.1452	-0.0151	0.0104	0.6596	0.3404	56306	1417791	0.0381969436203995	T	C	FALSE	0	1.76326694577756e-08	0	0	0	0	0	4.07129e-47
rs10912841	1	171333572	0.2208	-0.013	0.0106	0.6678	0.3322	50455	1411925	0.0345019762305283	T	C	FALSE	0	1.32963794647784e-08	0	0	0	0	0	3.37402e-47
rs10912868	1	171354894	0.8595	-0.0026	0.0148	0.1391	0.1391	50455	1411925	0.0345019762305283	A	T	FALSE	0	8.89370283867838e-09	0	0	0	0	0	2.53777e-46
rs10912872	1	171356249	0.02192	0.0249	0.0109	0.3036	0.3036	50092	1411760	0.0342661226991515	T	G	FALSE	0	8.70865675679318e-08	0	0	0	0	0	9.92379e-47
rs10912875	1	171358444	0.9581	-5e-04	0.0104	0.5572	0.4428	56306	1417791	0.0381969436203995	C	G	FALSE	0	6.170057194685e-09	0	0	0	0	0	8.02036e-45
rs10912887	1	171364141	0.9528	7e-04	0.011	0.7006	0.2994	50092	1411760	0.0342661226991515	T	C	FALSE	0	6.53063146615196e-09	0	0	0	0	0	3.14596e-47
rs10912902	1	171370937	0.2774	-0.0111	0.0102	0.5976	0.4024	50092	1411760	0.0342661226991515	A	G	FALSE	0	1.09111009312112e-08	0	0	0	0	0	1.6905e-47
rs10912904	1	171372583	0.2113	0.0135	0.0108	0.3102	0.3102	50092	1411760	0.0342661226991515	A	G	FALSE	0	1.39456642386218e-08	0	0	0	0	0	7.08655e-47
rs10912911	1	171374089	0.009916	-0.0264	0.0102	0.4075	0.4075	50092	1411760	0.0342661226991515	A	G	FALSE	0	1.70712418376321e-07	0	0	0	0	0	3.40441e-45
rs10912912	1	171374106	0.2124	0.0135	0.0108	0.3102	0.3102	50092	1411760	0.0342661226991515	A	G	FALSE	0	1.39456642386218e-08	0	0	0	0	0	7.07309e-47
rs10912913	1	171374266	0.2208	-0.013	0.0106	0.6313	0.3687	36384	1316478	0.026894095628379	A	C	FALSE	0	1.32963794647784e-08	0	0	0	0	0	8.96916e-47
rs10912937	1	171379472	0.236	-0.0131	0.011	0.6925	0.3075	48923	1410792	0.0335154465083938	A	G	FALSE	0	1.32166649550815e-08	0	0	0	0	0	1.81992e-47
rs10912938	1	171379674	0.2418	0.0127	0.0108	0.3074	0.3074	50092	1411760	0.0342661226991515	T	C	FALSE	0	1.27506312801991e-08	0	0	0	0	0	6.45809e-47
rs10912939	1	171379802	0.226	-0.0131	0.0109	0.6937	0.3063	50092	1411760	0.0342661226991515	T	C	FALSE	0	1.32691860599014e-08	0	0	0	0	0	1.83353e-47
rs10912941	1	171380183	0.246	0.0125	0.0108	0.3093	0.3093	50092	1411760	0.0342661226991515	A	G	FALSE	0	1.24788930501876e-08	0	0	0	0	0	6.25342e-47
rs10912970	1	171393911	0.8602	-0.0024	0.0136	0.8488	0.1512	56306	1417791	0.0381969436203995	T	C	FALSE	0	8.17730214865865e-09	0	0	0	0	0	4.93723e-47
rs10912971	1	171393982	0.8612	0.0024	0.0137	0.1507	0.1507	56306	1417791	0.0381969436203995	T	C	FALSE	0	8.23528425067565e-09	0	0	0	0	0	9.36376e-47
rs10912984	1	171399680	0.9907	-2e-04	0.0139	0.852	0.148	56306	1417791	0.0381969436203995	A	T	FALSE	0	8.22914765889905e-09	0	0	0	0	0	6.37669e-47
rs10912986	1	171400279	0.9024	-0.0082	0.0667	0.9883	0.0117	16070	878619	0.017961548649866	A	G	FALSE	0	3.78024966785219e-08	0	0	0	0	0	1.52144e-47
rs10912988	1	171400498	0.5498	-0.0314	0.0526	0.0109	0.0109	29778	973901	0.0296688483070783	T	C	FALSE	0	3.56599252744638e-08	0	0	0	0	0	1.50252e-47
rs10912989	1	171400513	0.5529	0.0312	0.0526	0.9891	0.0109	29778	973901	0.0296688483070783	T	C	FALSE	0	3.55845415709822e-08	0	0	0	0	0	2.40038e-47
rs10912990	1	171400516	0.9757	-4e-04	0.0137	0.8487	0.1513	56306	1417791	0.0381969436203995	A	G	FALSE	0	8.11390565505247e-09	0	0	0	0	0	6.25675e-47
rs10912991	1	171402243	0.8923	-0.0018	0.0136	0.8461	0.1539	56306	1417791	0.0381969436203995	A	G	FALSE	0	8.12204002166788e-09	0	0	0	0	0	6.77177e-47
rs10912992	1	171403367	0.7287	-0.004	0.0117	0.2424	0.2424	50092	1411760	0.0342661226991515	T	C	FALSE	0	7.34648746081611e-09	0	0	0	0	0	4.9838e-46
rs10912993	1	171404591	0.7065	-0.0044	0.0117	0.2422	0.2422	50092	1411760	0.0342661226991515	T	C	FALSE	0	7.43689239994641e-09	0	0	0	0	0	4.39954e-46
rs10912995	1	171407008	0.7113	0.0043	0.0117	0.7567	0.2433	50092	1411760	0.0342661226991515	T	G	FALSE	0	7.41337778869476e-09	0	0	0	0	0	4.91529e-45
rs10913015	1	171410532	0.2202	-0.0125	0.0102	0.4169	0.4169	50092	1411760	0.0342661226991515	T	C	FALSE	0	1.27834818762821e-08	0	0	0	0	0	3.69329e-45
rs10913017	1	171411047	0.6944	-0.0059	0.015	0.1291	0.1291	50455	1411925	0.0345019762305283	A	G	FALSE	0	9.58566107998789e-09	0	0	0	0	0	3.91524e-39
rs10913020	1	171411659	0.294	0.0106	0.0101	0.5624	0.4376	50092	1411760	0.0342661226991515	C	G	FALSE	0	1.03676586279666e-08	0	0	0	0	0	9.26174e-35
rs10913021	1	171411811	0.3149	-0.0107	0.0106	0.3484	0.3484	50455	1411925	0.0345019762305283	A	C	FALSE	0	1.04395629038283e-08	0	0	0	0	0	1.85627e-42
rs10913030	1	171414843	0.2991	0.0104	0.01	0.5623	0.4377	50455	1411925	0.0345019762305283	A	G	FALSE	0	1.01643644594091e-08	0	0	0	0	0	7.20395e-35
rs10913039	1	171417202	0.1841	-0.0137	0.0103	0.3466	0.3466	56306	1417791	0.0381969436203995	T	C	FALSE	0	1.47487544615774e-08	0	0	0	0	0	2.36148e-44
rs10913042	1	171417594	0.7775	0.0039	0.0138	0.1539	0.1539	56306	1417791	0.0381969436203995	A	T	FALSE	0	8.50061277918924e-09	0	0	0	0	0	7.7437e-47
rs10913044	1	171417873	0.9176	-0.0011	0.0105	0.3712	0.3712	50455	1411925	0.0345019762305283	A	G	FALSE	0	6.25618998387736e-09	0	0	0	0	0	5.9603e-44
rs10913049	1	171418252	0.8751	0.0016	0.0105	0.6272	0.3728	50455	1411925	0.0345019762305283	A	G	FALSE	0	6.29450475353286e-09	0	0	0	0	0	1.96586e-43
rs10913051	1	171418666	0.8023	0.0034	0.0138	0.1535	0.1535	56306	1417791	0.0381969436203995	A	G	FALSE	0	8.41992221924599e-09	0	0	0	0	0	6.10321e-47
rs10913055	1	171421170	0.961	-5e-04	0.0104	0.3745	0.3745	50455	1411925	0.0345019762305283	T	C	FALSE	0	6.170057194685e-09	0	0	0	0	0	8.1423e-44
rs10913058	1	171422756	0.1805	0.0138	0.0103	0.6529	0.3471	56306	1417791	0.0381969436203995	T	C	FALSE	0	1.49406404304701e-08	0	0	0	0	0	2.96655e-36
rs10913069	1	171426181	0.1851	0.0133	0.0101	0.4346	0.4346	50092	1411760	0.0342661226991515	T	C	FALSE	0	1.42133144230577e-08	0	0	0	0	0	2.59505e-45
rs10913072	1	171427694	0.1505	-0.0149	0.0104	0.3444	0.3444	56306	1417791	0.0381969436203995	A	G	FALSE	0	1.71516008271431e-08	0	0	0	0	0	3.11326e-43
rs10913090	1	171439743	0.1443	-0.0147	0.0101	0.5677	0.4323	50455	1411925	0.0345019762305283	A	G	FALSE	0	1.72158149096518e-08	0	0	0	0	0	1.84726e-47
rs10913110	1	171447678	0.1579	-0.0145	0.0103	0.5004	0.4996	56306	1417791	0.0381969436203995	T	C	FALSE	0	1.63987022474117e-08	0	0	0	0	0	1.05344e-43
rs10913111	1	171447680	0.1629	0.0143	0.0103	0.4996	0.4996	56306	1417791	0.0381969436203995	T	C	FALSE	0	1.59606648401303e-08	0	0	0	0	0	2.44477e-47
rs10913115	1	171449875	0.0003382	-0.0597	0.0167	0.9056	0.0944	56306	1417791	0.0381969436203995	A	G	FALSE	0	5.62833683851295e-06	0	0	0	0	0	1.16556e-43
rs10913119	1	171452739	0.5364	-0.0091	0.0148	0.1282	0.1282	56306	1417791	0.0381969436203995	A	G	FALSE	0	1.05697533201491e-08	0	0	0	0	0	9.03682e-41
rs10913129	1	171458250	0.1596	-0.0182	0.013	0.8335	0.1665	56306	1417791	0.0381969436203995	T	C	FALSE	0	2.04261945926012e-08	0	0	0	0	0	5.79149e-45
rs10913136	1	171463961	0.4773	0.0086	0.0122	0.4902	0.4902	42598	1322509	0.0312048799105125	A	G	FALSE	0	9.25544888410239e-09	0	0	0	0	0	3.97632e-47
rs10913141	1	171466550	0.004752	0.038	0.0135	0.8439	0.1561	56306	1417791	0.0381969436203995	A	G	FALSE	0	4.12460201935345e-07	0	0	0	0	1	1
rs10913149	1	171472188	0.596	0.0075	0.0142	0.8662	0.1338	56306	1417791	0.0381969436203995	A	G	FALSE	0	9.65628839115827e-09	0	0	0	0	0	4.89384e-37
rs10913157	1	171486912	0.5992	-0.0074	0.0142	0.1333	0.1333	56306	1417791	0.0381969436203995	A	G	FALSE	0	9.62085538441853e-09	0	0	0	0	0	1.55499e-40
rs10913165	1	171490375	0.019	-0.024	0.0102	0.345	0.345	56306	1417791	0.0381969436203995	A	T	FALSE	0	9.56000722171708e-08	0	0	0	0	0	9.50315e-45
rs10913167	1	171490832	0.1264	-0.0199	0.013	0.1719	0.1719	56306	1417791	0.0381969436203995	A	G	FALSE	0	2.47206549265415e-08	0	0	0	0	0	3.84152e-45
rs10913176	1	171496752	0.0007979	0.0403	0.012	0.1852	0.1852	56306	1417791	0.0381969436203995	A	G	FALSE	0	1.95898716484934e-06	0	0	0	0	0	4.38414e-41
rs10913198	1	171506927	0.000783	-0.0403	0.012	0.8172	0.1828	56306	1417791	0.0381969436203995	C	G	FALSE	0	1.95898716484934e-06	0	0	0	0	0	4.7201e-47
rs10913285	1	171552197	0.5934	-0.0077	0.0144	0.1333	0.1333	56306	1417791	0.0381969436203995	T	C	FALSE	0	9.82538580613947e-09	0	0	0	0	0	1.41349e-40
rs10913292	1	171567815	0.5926	-0.0077	0.0144	0.1335	0.1335	56306	1417791	0.0381969436203995	A	C	FALSE	0	9.82538580613947e-09	0	0	0	0	0	1.59184e-40
rs10913301	1	171588102	0.3683	-0.0088	0.0098	0.4507	0.4507	56306	1417791	0.0381969436203995	A	G	FALSE	0	8.68400553302804e-09	0	0	0	0	0	3.81541e-46
rs10913314	1	171590814	0.1464	0.0163	0.0112	0.7472	0.2528	56306	1417791	0.0381969436203995	C	G	FALSE	0	1.9071014065187e-08	0	0	0	0	0	3.79842e-45
rs10913370	1	171606820	0.5049	-0.017	0.0254	0.9549	0.0451	50455	1411925	0.0345019762305283	T	C	FALSE	0	1.8639243180957e-08	0	0	0	0	1	1
rs10913372	1	171610184	0.001046	-0.0912	0.0278	0.0331	0.0331	56306	1417791	0.0381969436203995	T	C	FALSE	0	3.20561162144834e-06	0	0	0	0	1	1
rs10913388	1	171615346	0.8049	-0.0041	0.0166	0.9098	0.0901999999999999	56306	1417791	0.0381969436203995	T	C	FALSE	0	1.01184727735842e-08	0	0	0	0	0	1.64858e-28
rs10913389	1	171617189	0.05193	-0.0193	0.0099	0.6231	0.3769	56306	1417791	0.0381969436203995	T	C	FALSE	0	3.90573689380647e-08	0	0	0	0	0	4.16522e-42
rs10913408	1	171626080	0.000144	0.0714	0.0188	0.9245	0.0755	56306	1417791	0.0381969436203995	T	G	FALSE	0	1.41335822951369e-05	0	0	0	0	0	2.38971e-44
rs10913455	1	171641956	5.376e-06	-0.0732	0.0161	0.1004	0.1004	56306	1417791	0.0381969436203995	C	G	FALSE	0	0.000274540781369509	0	0	0	0	0	1.86814e-131
rs10913456	1	171641989	7.149e-06	0.0721	0.0161	0.8992	0.1008	56306	1417791	0.0381969436203995	A	G	FALSE	0	0.000202104053015854	0	0	0	0	1	1
rs10913457	1	171642312	2.382e-05	0.074	0.0175	0.9056	0.0944	56306	1417791	0.0381969436203995	A	G	FALSE	0	7.37890396971279e-05	0	0	0	0	0	3.7695e-90
rs10913458	1	171642318	1.575e-06	0.0689	0.0144	0.8606	0.1394	56306	1417791	0.0381969436203995	A	G	FALSE	0	0.000752000358594116	0	0	0	0	0	3.10917e-15
rs10913475	1	171650139	2.618e-07	-0.0613	0.0119	0.1972	0.1972	56306	1417791	0.0381969436203995	T	C	FALSE	0	0.00388956649408388	0	0	0	0	0	0
rs10913482	1	171652583	0.1268	-0.0244	0.016	0.1068	0.1068	56306	1417791	0.0381969436203995	T	C	FALSE	0	3.00516222002313e-08	0	0	0	0	0	0
rs10913484	1	171652753	0.1579	-0.0258	0.0183	0.1123	0.1123	42598	1322509	0.0312048799105125	T	C	FALSE	0	2.8974024112641e-08	0	0	0	0	1	1
rs10913488	1	171653207	1.347e-07	-0.0536	0.0102	0.3109	0.3109	56306	1417791	0.0381969436203995	T	C	FALSE	0	0.00578261916302421	0	0	0	0	1	1
rs10913489	1	171653384	2.702e-07	0.0613	0.0119	0.8038	0.1962	56306	1417791	0.0381969436203995	T	C	FALSE	0	0.00388956649408388	0	0	0	0	0	0
rs10913490	1	171653401	2.838e-07	-0.0612	0.0119	0.1962	0.1962	56306	1417791	0.0381969436203995	T	G	FALSE	0	0.00372548744119323	0	0	0	0	0	0
rs10913492	1	171653599	2.536e-07	-0.0614	0.0119	0.1963	0.1963	56306	1417791	0.0381969436203995	A	G	FALSE	0	0.00406115772951942	0	0	0	0	0	0
rs10913497	1	171657015	5.782e-07	0.0621	0.0124	0.8084	0.1916	56306	1417791	0.0381969436203995	T	C	FALSE	0	0.00195560979871131	0	0	0	0	0	0
rs10913507	1	171666647	6.196e-09	0.064	0.011	0.7552	0.2448	56306	1417791	0.0381969436203995	A	C	FALSE	0	0.138871444256734	0	0	0	0	1	1
rs10913508	1	171668479	2.169e-08	0.0568	0.0102	0.6927	0.3073	56306	1417791	0.0381969436203995	T	C	FALSE	0	0.031445651730783	0	0	0	0	0	0
rs10913511	1	171668951	2.468e-08	-0.0662	0.0119	0.1963	0.1963	56306	1417791	0.0381969436203995	A	G	FALSE	0	0.0350367754799365	0	0	0	0	0	0
rs11578699	1	171719769	4.468e-09	-0.0704	0.012	0.1949	0.1949	55137	1416823	0.0374582189733417	T	C	TRUE	0	0.198911169045986	0	0	4	1	0	0
