SNP	CHR	POS	P	Effect	StdErr	Freq	MAF	N_cases	N_controls	proportion_cases	A1	A2	leadSNP	ABF.Credible_Set	ABF.PP	SUSIE.Credible_Set	SUSIE.PP	POLYFUN_SUSIE.Credible_Set	POLYFUN_SUSIE.PP	FINEMAP.Credible_Set	FINEMAP.PP
rs1000361	3	27810319	0.2283	0.0122	0.0101	0.6554	0.3446	56306	1417791	0.0381969436203995	A	G	FALSE	0	1.44464132989121e-10	0	0	0	0	0	5.21329e-08
rs1002891	3	29455313	0.3651	-0.0094	0.0104	0.6382	0.3618	49053	1411006	0.0335965875351613	A	T	FALSE	0	1.07976307887968e-10	0	0	0	0	0	6.88288e-08
rs1004644	3	29291048	0.1255	0.0303	0.0198	0.0685	0.0685	49053	1411006	0.0335965875351613	A	G	FALSE	0	4.34607370686621e-10	0	0	0	0	0	1.10466e-07
rs10049011	3	27815942	0.4331	-0.0075	0.0096	0.4687	0.4687	56306	1417791	0.0381969436203995	T	C	FALSE	0	8.99429412829951e-11	0	0	0	0	0	3.56185e-08
rs10049282	3	28982876	0.01376	0.0238	0.0097	0.5011	0.4989	56306	1417791	0.0381969436203995	A	G	FALSE	0	1.3502874315217e-09	0	0	0	0	0	5.82827e-06
rs10049305	3	28712248	0.0004509	0.0545	0.0155	0.8742	0.1258	56306	1417791	0.0381969436203995	A	G	FALSE	0	4.98418314482441e-08	0	0	0	0	0	1
rs1007361	3	28801369	0.4938	0.0098	0.0144	0.1453	0.1453	49053	1411006	0.0335965875351613	A	G	FALSE	0	1.25100237102492e-10	0	0	0	0	0	1.11863e-06
rs1011416	3	28796677	0.3287	-0.0124	0.0127	0.8085	0.1915	49565	1411288	0.0339288073474881	T	C	FALSE	0	1.4095227839165e-10	0	0	0	0	0	5.41856e-07
rs1011417	3	28796482	0.4318	-0.0097	0.0123	0.7994	0.2006	56306	1417791	0.0381969436203995	T	C	FALSE	0	1.15767964760786e-10	0	0	0	0	0	4.98189e-05
rs10154960	3	28605081	0.2483	0.0127	0.011	0.2638	0.2638	56306	1417791	0.0381969436203995	A	G	FALSE	0	1.47665768948826e-10	0	0	0	0	0	7.57835e-07
rs1015856	3	28807987	0.278	0.0121	0.0112	0.2688	0.2688	49053	1411006	0.0335965875351613	T	C	FALSE	0	1.38406968680117e-10	0	0	0	0	0	8.24028e-07
rs1020041	3	29214397	0.2455	0.0134	0.0116	0.403	0.403	46605	839595	0.0525897088693297	T	C	FALSE	0	1.55771374833551e-10	0	0	0	0	0	5.36904e-07
rs1020042	3	29335046	0.6691	-0.0083	0.0195	0.0717	0.0717	49053	1411006	0.0335965875351613	T	C	FALSE	0	1.46863664405276e-10	0	0	0	0	0	3.46153e-08
rs1020043	3	29335253	0.04411	0.0216	0.0107	0.6778	0.3222	49053	1411006	0.0335965875351613	T	C	FALSE	0	5.63769769733419e-10	0	0	0	0	0	1.8918e-07
rs10212119	3	28956394	0.1666	0.0138	0.01	0.6049	0.3951	56306	1417791	0.0381969436203995	T	C	FALSE	0	1.78618255339606e-10	0	0	0	0	0	4.89528e-08
rs10222463	3	29186911	0.05031	0.0248	0.0127	0.7978	0.2022	49053	1411006	0.0335965875351613	A	G	FALSE	0	5.85607282474716e-10	0	0	0	0	0	1.28961e-06
rs10222540	3	29459035	0.792	0.0039	0.0149	0.8702	0.1298	49053	1411006	0.0335965875351613	T	C	FALSE	0	1.06351397964472e-10	0	0	0	0	0	3.51109e-08
rs10222602	3	29458659	0.68	-0.0042	0.0101	0.5779	0.4221	49053	1411006	0.0335965875351613	A	G	FALSE	0	7.60653532494952e-11	0	0	0	0	0	3.87255e-08
rs1025644	3	29331859	0.2106	-0.0219	0.0175	0.9116	0.0884	49053	1411006	0.0335965875351613	T	C	FALSE	0	2.62319515270123e-10	0	0	0	0	0	1.51655e-07
rs1025645	3	29332530	0.2031	-0.0224	0.0176	0.9121	0.0879	49053	1411006	0.0335965875351613	A	G	FALSE	0	2.7092015797124e-10	0	0	0	0	0	1.62477e-07
rs1030842	3	29239664	0.8449	-0.002	0.0101	0.4717	0.4717	49053	1411006	0.0335965875351613	T	G	FALSE	0	7.11582846998623e-11	0	0	0	0	0	3.01407e-08
rs1037723	3	28519679	0.7407	0.0037	0.0111	0.2645	0.2645	56306	1417791	0.0381969436203995	T	C	FALSE	0	8.10349946388145e-11	0	0	0	0	0	4.74141e-08
rs10433581	3	28108465	0.3738	-0.0194	0.0218	0.9387	0.0613	49053	1411006	0.0335965875351613	T	C	FALSE	0	2.21719342803509e-10	0	0	0	0	0	3.14812e-08
rs10452001	3	29189662	0.2259	-0.0158	0.013	0.183	0.183	49053	1411006	0.0335965875351613	A	G	FALSE	0	1.87242132473417e-10	0	0	0	0	0	4.91325e-08
rs10452002	3	29189756	0.2293	0.0157	0.013	0.817	0.183	49053	1411006	0.0335965875351613	A	C	FALSE	0	1.85512504237603e-10	0	0	0	0	0	8.52795e-08
rs10460986	3	28540303	0.7307	0.0033	0.0096	0.4172	0.4172	56306	1417791	0.0381969436203995	T	C	FALSE	0	7.03615838423525e-11	0	0	0	0	0	3.21686e-08
rs10460987	3	28542341	0.8166	0.0032	0.014	0.1527	0.1527	49053	1411006	0.0335965875351613	A	G	FALSE	0	9.91562781980128e-11	0	0	0	0	0	1.15016e-07
rs10460988	3	28812937	0.7062	0.0053	0.0142	0.1335	0.1335	56306	1417791	0.0381969436203995	T	C	FALSE	0	1.05016875720194e-10	0	0	0	0	0	0.000188038
rs10460990	3	29072451	0.04013	-0.0295	0.0144	0.8533	0.1467	49053	1411006	0.0335965875351613	A	T	FALSE	0	8.01362503236673e-10	0	0	0	0	0	4.31999e-08
rs10490855	3	29312810	0.7314	-0.0037	0.0109	0.6596	0.3404	49053	1411006	0.0335965875351613	A	C	FALSE	0	7.97431648079331e-11	0	0	0	0	0	3.09566e-08
rs10510597	3	27850945	0.09459	-0.0192	0.0115	0.255	0.255	49053	1411006	0.0335965875351613	T	C	FALSE	0	3.18593698066939e-10	0	0	0	0	0	1.21908e-07
rs10510598	3	27974814	0.5703	0.0093	0.0165	0.1042	0.1042	49053	1411006	0.0335965875351613	T	C	FALSE	0	1.33196666459799e-10	0	0	0	0	0	3.0421e-08
rs10510599	3	27975263	0.03457	-0.0218	0.0103	0.6159	0.3841	49053	1411006	0.0335965875351613	T	C	FALSE	0	6.64330606220829e-10	0	0	0	0	0	4.74783e-07
rs10510600	3	28007651	0.3306	-0.0119	0.0122	0.214	0.214	49053	1411006	0.0335965875351613	T	G	FALSE	0	1.35316476252293e-10	0	0	0	0	0	3.01711e-08
rs10510601	3	28007682	0.5664	0.0094	0.0164	0.104	0.104	49053	1411006	0.0335965875351613	T	C	FALSE	0	1.33111163621034e-10	0	0	0	0	0	3.06741e-08
rs10510602	3	28023927	0.9788	-9e-04	0.0335	0.026	0.026	49053	1411006	0.0335965875351613	T	C	FALSE	0	2.28640366708759e-10	0	0	0	0	0	3.52407e-08
rs10510603	3	28024777	0.9838	6e-04	0.0318	0.9725	0.0275	49053	1411006	0.0335965875351613	T	C	FALSE	0	2.17292707437374e-10	0	0	0	0	0	3.61559e-08
rs10510604	3	28040772	0.4293	-0.0282	0.0357	0.9727	0.0273	49053	1411006	0.0335965875351613	C	G	FALSE	0	3.28950390346348e-10	0	0	0	0	0	3.04434e-08
rs10510605	3	28123769	0.7266	0.0041	0.0118	0.7574	0.2426	49053	1411006	0.0335965875351613	T	G	FALSE	0	8.65398365862764e-11	0	0	0	0	0	1.02965e-07
rs10510606	3	28274233	0.1127	-0.0194	0.0122	0.7816	0.2184	49053	1411006	0.0335965875351613	A	G	FALSE	0	2.96869100271758e-10	0	0	0	0	0	3.08135e-08
rs10510607	3	28286261	0.8599	-0.0024	0.0133	0.1713	0.1713	49053	1411006	0.0335965875351613	T	C	FALSE	0	9.33033669135338e-11	0	0	0	0	0	7.35911e-08
rs10510609	3	28305301	0.7944	-0.0035	0.0134	0.1698	0.1698	49053	1411006	0.0335965875351613	A	T	FALSE	0	9.56851139353764e-11	0	0	0	0	0	5.79975e-08
rs10510610	3	28427029	0.198	-0.0151	0.0117	0.7583	0.2417	49053	1411006	0.0335965875351613	T	C	FALSE	0	1.85295341928343e-10	0	0	0	0	0	4.14805e-08
rs10510611	3	28559854	0.8296	0.003	0.0138	0.1547	0.1547	50092	1411760	0.0342661226991515	T	C	FALSE	0	9.75046482436653e-11	0	0	0	0	0	1.15224e-07
rs10510613	3	28927195	0.03225	-0.0357	0.0167	0.1024	0.1024	49053	1411006	0.0335965875351613	A	G	FALSE	0	1.11335781681739e-09	0	0	0	0	0	0.999997
rs10510614	3	28772835	0.3066	-0.0211	0.0206	0.9362	0.0638	49053	1411006	0.0335965875351613	A	G	FALSE	0	2.38212469650311e-10	0	0	0	0	0	3.64051e-08
rs10510615	3	28875260	0.2801	0.0486	0.045	0.9856	0.0144	49053	1411006	0.0335965875351613	T	C	FALSE	0	5.29089085092973e-10	0	0	0	0	0	3.43991e-08
rs10510616	3	28904959	0.2698	0.0795	0.072	0.9877	0.0123	29266	973619	0.0291818104767745	A	G	FALSE	0	8.03900977596221e-10	0	0	0	0	0	3.76161e-08
rs10510617	3	29014638	0.01754	0.0233	0.0098	0.5306	0.4694	56306	1417791	0.0381969436203995	T	G	FALSE	0	1.1355548542327e-09	0	0	0	0	0	1.53113e-07
rs10510618	3	29054002	0.5839	0.008	0.0146	0.8647	0.1353	49053	1411006	0.0335965875351613	C	G	FALSE	0	1.16953814069623e-10	0	0	0	0	0	4.88155e-08
rs10510619	3	29054838	0.03279	-0.0214	0.01	0.5087	0.4913	49053	1411006	0.0335965875351613	T	C	FALSE	0	6.78249501065687e-10	0	0	0	0	0	0.0138712
rs10510620	3	29330286	0.1415	-0.0187	0.0127	0.7969	0.2031	49053	1411006	0.0335965875351613	C	G	FALSE	0	2.58104955783158e-10	0	0	0	0	0	1.15318e-07
rs10510621	3	29516639	0.831	-0.0032	0.0149	0.1294	0.1294	50455	1411925	0.0345019762305283	A	G	FALSE	0	1.05174121752682e-10	0	0	0	0	0	3.01481e-08
rs10510622	3	29695588	0.5142	-0.0084	0.0128	0.8135	0.1865	49053	1411006	0.0335965875351613	T	C	FALSE	0	1.09502104741905e-10	0	0	0	0	0	3.0212e-08
rs10510623	3	29698233	0.5281	-0.0191	0.0302	0.0293	0.0293	49053	1411006	0.0335965875351613	T	C	FALSE	0	2.51186699152873e-10	0	0	0	0	0	3.02554e-08
rs1058569	3	28288500	0.3508	-0.0098	0.0105	0.3598	0.3598	49053	1411006	0.0335965875351613	C	G	FALSE	0	1.11994097690094e-10	0	0	0	0	0	4.61571e-08
rs1072995	3	29617318	0.1211	0.0297	0.0191	0.0737	0.0737	49053	1411006	0.0335965875351613	T	C	FALSE	0	4.35843392529738e-10	0	0	0	0	0	2.83498e-07
rs1075144	3	28509579	0.8849	0.0016	0.0108	0.2883	0.2883	56306	1417791	0.0381969436203995	A	G	FALSE	0	7.54236640939593e-11	0	0	0	0	0	4.92658e-08
rs1078848	3	27757392	0.327	-0.0446	0.0455	0.019	0.019	49053	1411006	0.0335965875351613	A	C	FALSE	0	4.84610218827446e-10	0	0	0	0	0	3.81769e-08
rs1080873	3	27909537	0.4028	0.0084	0.01	0.3737	0.3737	56306	1417791	0.0381969436203995	A	C	FALSE	0	9.8233337143147e-11	0	0	0	0	0	3.46647e-08
rs10865818	3	27802813	0.164	-0.0584	0.042	0.985	0.015	49053	1411006	0.0335965875351613	A	T	FALSE	0	7.17707030838488e-10	0	0	0	0	0	6.76275e-08
rs10865822	3	28782484	0.9132	0.0011	0.0104	0.6332	0.3668	49053	1411006	0.0335965875351613	A	G	FALSE	0	7.22493188381348e-11	0	0	0	0	0	7.61441e-08
rs10865824	3	29254656	0.1767	0.0138	0.0102	0.4146	0.4146	49053	1411006	0.0335965875351613	T	C	FALSE	0	1.7556832532612e-10	0	0	0	0	0	3.25225e-08
rs10865825	3	29360376	0.06704	-0.0187	0.0102	0.5488	0.4512	49053	1411006	0.0335965875351613	T	G	FALSE	0	3.76671504395308e-10	0	0	0	0	0	4.00595e-07
rs10865826	3	29360445	0.07179	-0.0184	0.0102	0.5495	0.4505	49053	1411006	0.0335965875351613	A	G	FALSE	0	3.5710261872443e-10	0	0	0	0	0	3.6023e-07
rs10865827	3	29591201	0.0002796	0.0454	0.0125	0.7959	0.2041	56306	1417791	0.0381969436203995	A	G	FALSE	0	6.15691284600843e-08	0	0	0	0	0	1.0652e-05
rs1105866	3	28860177	0.09878	-0.0167	0.0101	0.5411	0.4589	49053	1411006	0.0335965875351613	A	G	FALSE	0	2.72829560162305e-10	0	0	0	0	0	8.11931e-08
rs111244044	3	27893419	0.7251	0.0265	0.0755	0.9879	0.0121	15558	878337	0.0174047287433088	A	G	FALSE	0	5.15699506321139e-10	0	0	0	0	0	3.0242e-08
rs111250414	3	28955151	0.8644	-0.0082	0.0478	0.0122	0.0122	37688	981372	0.0369831020744608	T	C	FALSE	0	3.26117952552034e-10	0	0	0	0	0	5.27145e-07
rs1112524	3	27742798	0.06411	0.0953	0.0515	0.0217	0.0217	34176	1314756	0.0253355988292961	T	C	FALSE	0	1.71857677040823e-09	0	0	0	0	0	1.64237e-07
rs111272957	3	28106891	0.7686	-0.0188	0.064	0.9819	0.0181	35345	1315724	0.0261607660304544	A	G	FALSE	0	4.38501824112442e-10	0	0	0	0	0	2.72367e-07
rs111283259	3	28134664	0.9495	-0.0032	0.0501	0.0153	0.0153	30435	974587	0.0302829191798786	A	G	FALSE	0	3.36836996725781e-10	0	0	0	0	0	5.94163e-08
rs111292208	3	29254155	0.4148	0.0312	0.0383	0.9757	0.0243	49053	1411006	0.0335965875351613	T	C	FALSE	0	3.58381203938853e-10	0	0	0	0	0	3.83752e-08
rs11129295	3	27788780	0.4641	-0.0071	0.0096	0.3736	0.3736	56306	1417791	0.0381969436203995	T	C	FALSE	0	8.71442061104897e-11	0	0	0	0	0	8.80361e-08
rs11129297	3	27825386	0.6478	0.0051	0.0111	0.2848	0.2848	49053	1411006	0.0335965875351613	T	G	FALSE	0	8.5176324072177e-11	0	0	0	0	0	4.57731e-08
rs11129298	3	27840787	0.02894	-0.0736	0.0337	0.6934	0.3066	7803	5852	0.571439033321128	T	G	FALSE	0	2.33699657322453e-09	0	0	0	0	0	7.76675e-08
rs11129299	3	27850084	0.5339	0.0066	0.0106	0.4753	0.4753	50455	1411925	0.0345019762305283	T	G	FALSE	0	8.88401340010138e-11	0	0	0	0	0	3.85353e-08
rs11129300	3	27850434	0.5692	0.006	0.0106	0.4719	0.4719	50455	1411925	0.0345019762305283	A	G	FALSE	0	8.59091959357019e-11	0	0	0	0	0	3.7144e-08
rs11129303	3	27891747	0.2672	-0.0191	0.0172	0.0947	0.0947	49053	1411006	0.0335965875351613	A	G	FALSE	0	2.18624035297681e-10	0	0	0	0	0	6.05995e-08
rs11129304	3	27903905	0.2416	0.0211	0.018	0.9094	0.0906	49053	1411006	0.0335965875351613	T	C	FALSE	0	2.45171733799416e-10	0	0	0	0	0	5.5416e-08
rs11129306	3	28014862	0.4274	-0.0092	0.0116	0.2481	0.2481	49053	1411006	0.0335965875351613	A	G	FALSE	0	1.09603224574704e-10	0	0	0	0	0	3.02882e-08
rs11129307	3	28017377	0.3864	-0.0102	0.0117	0.2387	0.2387	49053	1411006	0.0335965875351613	T	C	FALSE	0	1.18000222523128e-10	0	0	0	0	0	3.05815e-08
rs11129312	3	28267426	0.08227	-0.0214	0.0123	0.7825	0.2175	49053	1411006	0.0335965875351613	A	G	FALSE	0	3.83605487625651e-10	0	0	0	0	0	3.04502e-08
rs11129313	3	28268286	0.09538	0.0204	0.0122	0.2235	0.2235	49053	1411006	0.0335965875351613	A	C	FALSE	0	3.39168238918814e-10	0	0	0	0	0	1.28164e-05
rs11129314	3	28301594	0.1152	-0.0192	0.0122	0.7801	0.2199	49053	1411006	0.0335965875351613	T	C	FALSE	0	2.89296917049207e-10	0	0	0	0	0	3.1472e-08
rs11129315	3	28308331	0.5118	0.0069	0.0105	0.6422	0.3578	49053	1411006	0.0335965875351613	A	G	FALSE	0	8.996427917805e-11	0	0	0	0	0	4.53175e-07
rs11129316	3	28308996	0.5045	0.007	0.0105	0.6389	0.3611	49053	1411006	0.0335965875351613	T	C	FALSE	0	9.05316235496921e-11	0	0	0	0	0	4.84432e-07
rs11129317	3	28312835	0.1408	0.018	0.0122	0.2199	0.2199	49053	1411006	0.0335965875351613	T	C	FALSE	0	2.49148672964307e-10	0	0	0	0	0	9.25057e-06
rs11129320	3	28576739	0.5707	-0.0082	0.0145	0.8617	0.1383	49053	1411006	0.0335965875351613	A	T	FALSE	0	1.17294159671568e-10	0	0	0	0	0	4.26431e-08
rs11129321	3	28676357	0.2705	-0.0117	0.0106	0.3385	0.3385	49053	1411006	0.0335965875351613	A	G	FALSE	0	1.34423059760272e-10	0	0	3	1	0	1
rs11129322	3	28678430	0.1447	0.0182	0.0124	0.2078	0.2078	49053	1411006	0.0335965875351613	A	C	FALSE	0	2.50353894391329e-10	0	0	4	1	0	1
rs11129323	3	28718516	0.07665	0.0184	0.0104	0.3835	0.3835	49053	1411006	0.0335965875351613	T	C	FALSE	0	3.42205895004515e-10	0	0	0	0	0	0.201558
rs11129324	3	28718712	0.1165	-0.0162	0.0103	0.6179	0.3821	49053	1411006	0.0335965875351613	A	C	FALSE	0	2.44327818704301e-10	0	0	0	0	0	1.47543e-07
rs11129327	3	28782378	0.389	0.0126	0.0147	0.1255	0.1255	56306	1417791	0.0381969436203995	A	G	FALSE	0	1.46147374662631e-10	0	0	0	0	0	7.17657e-08
rs11129329	3	28782579	0.3781	0.0129	0.0147	0.1254	0.1254	56306	1417791	0.0381969436203995	A	G	FALSE	0	1.48743206803822e-10	0	0	0	0	0	7.4201e-08
rs11129330	3	28786591	0.4139	-0.0104	0.0128	0.8111	0.1889	49053	1411006	0.0335965875351613	A	G	FALSE	0	1.22758840135171e-10	0	0	0	0	0	4.1176e-08
rs11129332	3	28823950	0.139	-0.0151	0.0102	0.3942	0.3942	49053	1411006	0.0335965875351613	T	G	FALSE	0	2.10211766416683e-10	0	0	0	0	0	1.54047e-07
rs11129333	3	28879197	0.4508	-0.0079	0.0105	0.3436	0.3436	49053	1411006	0.0335965875351613	A	C	FALSE	0	9.61922105937418e-11	0	0	0	0	0	2.89923e-06
rs11129334	3	28879216	0.3844	-0.0094	0.0108	0.3434	0.3434	30435	974587	0.0302829191798786	T	G	FALSE	0	1.08836857996236e-10	0	0	0	0	0	1.3685e-06
rs11129339	3	29020122	0.005842	0.0456	0.0165	0.1096	0.1096	49053	1411006	0.0335965875351613	A	G	FALSE	0	5.04970073270058e-09	0	0	0	0	0	1.97223e-05
rs11129340	3	29030132	0.005351	0.0451	0.0162	0.1092	0.1092	49053	1411006	0.0335965875351613	T	C	FALSE	0	5.24883468501588e-09	0	0	0	0	0	3.01316e-05
rs11129341	3	29047673	0.3274	-0.0102	0.0104	0.6254	0.3746	49053	1411006	0.0335965875351613	A	G	FALSE	0	1.1607094132292e-10	0	0	0	0	0	3.68346e-08
rs11129342	3	29048041	0.2464	-0.0128	0.011	0.7097	0.2903	49053	1411006	0.0335965875351613	T	C	FALSE	0	1.49225235650969e-10	0	0	0	0	0	3.12521e-08
rs11129344	3	29052940	0.219	0.0128	0.0104	0.371	0.371	49053	1411006	0.0335965875351613	A	T	FALSE	0	1.52917474082164e-10	0	0	0	0	0	1.31992e-06
rs11129345	3	29052957	0.2795	0.0112	0.0103	0.3722	0.3722	49053	1411006	0.0335965875351613	A	G	FALSE	0	1.28321728612967e-10	0	0	0	0	0	8.97781e-07
rs11129346	3	29054116	0.06865	0.0245	0.0134	0.1682	0.1682	49053	1411006	0.0335965875351613	A	G	FALSE	0	4.8837389624118e-10	0	0	0	0	0	1.82718e-05
rs11129347	3	29054122	0.2968	0.0108	0.0103	0.3718	0.3718	49053	1411006	0.0335965875351613	A	G	FALSE	0	1.23122045610267e-10	0	0	0	0	0	8.10909e-07
rs11129349	3	29149071	0.08374	0.0428	0.0247	0.0495	0.0495	49053	1411006	0.0335965875351613	A	G	FALSE	0	7.44011263527098e-10	0	0	0	0	0	1.91774e-07
rs11129352	3	29219112	0.4153	0.0101	0.0124	0.3327	0.3327	30435	974587	0.0302829191798786	C	G	FALSE	0	1.19141869625747e-10	0	0	0	0	0	4.93767e-08
rs11129353	3	29250696	0.6721	-0.0043	0.0101	0.4893	0.4893	49053	1411006	0.0335965875351613	T	C	FALSE	0	7.63821127299746e-11	0	0	0	0	0	3.61358e-08
rs11129354	3	29254876	0.357	0.0094	0.0102	0.5913	0.4087	49053	1411006	0.0335965875351613	A	G	FALSE	0	1.07632261303445e-10	0	0	0	0	0	3.35769e-08
rs11129355	3	29261020	0.09115	0.0177	0.0105	0.5998	0.4002	47884	1410038	0.032844006743845	T	C	FALSE	0	2.99166053183962e-10	0	0	0	0	0	3.14976e-08
rs11129356	3	29268652	0.2536	0.0159	0.0139	0.1504	0.1504	49053	1411006	0.0335965875351613	T	C	FALSE	0	1.83949213459547e-10	0	0	0	0	0	5.66477e-08
rs11129357	3	29319887	0.8138	0.0036	0.0151	0.1986	0.1986	30435	974587	0.0302829191798786	A	G	FALSE	0	1.07146839249536e-10	0	0	0	0	0	4.14998e-08
rs11129360	3	29371836	0.01561	0.0277	0.0114	0.744	0.256	49053	1411006	0.0335965875351613	A	G	FALSE	0	1.4930016630105e-09	0	0	0	0	0	2.98867e-07
rs11129361	3	29393644	0.01793	-0.0241	0.0102	0.6594	0.3406	56306	1417791	0.0381969436203995	A	G	FALSE	0	1.14049608028203e-09	0	0	0	0	0	4.00987e-07
rs11129365	3	29409072	0.05551	-0.0218	0.0114	0.307	0.307	30435	974587	0.0302829191798786	T	C	FALSE	0	4.87147891434627e-10	0	0	0	0	0	4.86722e-07
rs11129366	3	29418609	0.04859	-0.0274	0.0139	0.8288	0.1712	49053	1411006	0.0335965875351613	A	G	FALSE	0	6.63208240232969e-10	0	0	0	0	0	1.40271e-07
rs11129367	3	29497256	0.6341	-0.0047	0.01	0.514	0.486	49053	1411006	0.0335965875351613	T	G	FALSE	0	7.71383068857226e-11	0	0	0	0	0	3.0366e-08
rs11129368	3	29640134	0.05866	-0.0226	0.0119	0.7743	0.2257	49053	1411006	0.0335965875351613	T	G	FALSE	0	4.95665808257611e-10	0	0	0	0	0	7.455e-08
rs11129369	3	29693519	0.5423	0.0182	0.0299	0.0299	0.0299	49053	1411006	0.0335965875351613	T	C	FALSE	0	2.45206426450624e-10	0	0	0	0	0	3.98524e-08
rs11129370	3	29695307	0.3049	0.014	0.0137	0.159	0.159	49053	1411006	0.0335965875351613	A	G	FALSE	0	1.58990267877426e-10	0	0	0	0	0	7.69078e-08
rs111318212	3	28551276	0.6725	-0.0171	0.0405	0.9805	0.0195	49053	1411006	0.0335965875351613	C	G	FALSE	0	2.99142940566052e-10	0	0	0	0	0	4.14726e-08
rs111344153	3	28688553	0.01414	0.1236	0.0504	0.9815	0.0185	35345	1315724	0.0261607660304544	A	G	FALSE	0	5.71484413963286e-09	0	0	0	0	0	0.000157501
rs111356164	3	29566194	0.1537	0.0306	0.0215	0.0602	0.0602	49053	1411006	0.0335965875351613	A	C	FALSE	0	4.02483660167992e-10	0	0	0	0	0	1.79396e-07
rs111357994	3	29351119	0.01425	0.0593	0.0242	0.0777	0.0777	35345	1315724	0.0261607660304544	A	G	FALSE	0	3.20386965443833e-09	0	0	0	0	0	1.05795e-05
rs111370638	3	29214382	0.7036	0.0247	0.0649	0.9538	0.0462	21511	101134	0.175392392678055	A	G	FALSE	0	4.5595812499337e-10	0	0	0	0	0	5.3845e-08
rs111400467	3	28646523	0.5116	-0.0491	0.0748	0.0119	0.0119	15558	878337	0.0174047287433088	T	C	FALSE	0	5.85491372126666e-10	0	0	0	0	0	3.57124e-08
rs111428508	3	29603022	0.265	0.0192	0.0172	0.0929	0.0929	49053	1411006	0.0335965875351613	T	C	FALSE	0	2.20033342302157e-10	0	0	0	0	0	2.32847e-07
rs111491188	3	29477338	0.8108	-0.008	0.0332	0.0241	0.0241	49053	1411006	0.0335965875351613	T	C	FALSE	0	2.33061023628363e-10	0	0	0	0	0	3.8537e-08
rs111493808	3	29529532	0.02035	-0.0897	0.0387	0.0305	0.0305	56306	1417791	0.0381969436203995	A	T	FALSE	0	3.5008801598006e-09	0	0	0	0	0	9.22018e-08
rs111554497	3	27899987	0.2639	0.0192	0.0172	0.9053	0.0947	49053	1411006	0.0335965875351613	T	C	FALSE	0	2.20033342302157e-10	0	0	0	0	0	5.19835e-08
rs111574474	3	28984094	0.1747	-0.0957	0.0705	0.0139	0.0139	15558	878337	0.0174047287433088	A	C	FALSE	0	1.04382094327264e-09	0	0	0	0	0	1.14702e-07
rs111612556	3	29123642	0.3503	0.1314	0.1406	0.0133	0.0133	6634	4884	0.575968050008682	T	C	FALSE	0	1.06579426034598e-09	0	0	0	0	0	6.03829e-08
rs111639939	3	29436039	0.005906	-0.0993	0.0361	0.9782	0.0218	30435	974587	0.0302829191798786	T	C	FALSE	0	9.58676544428499e-09	0	0	0	0	0	1.51475e-07
rs111660232	3	27793991	0.6663	0.0159	0.0368	0.9806	0.0194	49053	1411006	0.0335965875351613	T	C	FALSE	0	2.74025842754463e-10	0	0	0	0	0	3.36924e-08
rs111661301	3	29615805	0.9423	-0.0027	0.0372	0.0187	0.0187	49053	1411006	0.0335965875351613	T	C	FALSE	0	2.53645580370183e-10	0	0	0	0	0	3.95129e-08
rs111692287	3	28992237	0.5804	-0.0298	0.0538	0.978	0.022	35345	1315724	0.0261607660304544	T	G	FALSE	0	4.14670353160496e-10	0	0	0	0	0	0.0601085
rs111710264	3	28113106	0.4557	-0.0332	0.0445	0.0154	0.0154	49053	1411006	0.0335965875351613	A	G	FALSE	0	3.91739972888684e-10	0	0	0	0	0	3.00986e-08
rs111718295	3	28688372	0.01401	0.1238	0.0504	0.9815	0.0185	35345	1315724	0.0261607660304544	T	C	FALSE	0	5.76742092534982e-09	0	0	0	0	0	0.000160021
rs111728669	3	29624970	0.8899	-0.0052	0.0376	0.0186	0.0186	49053	1411006	0.0335965875351613	A	G	FALSE	0	2.58000792788291e-10	0	0	0	0	0	3.87859e-08
rs111732812	3	28645216	0.1997	0.0489	0.0381	0.9742	0.0258	49053	1411006	0.0335965875351613	A	T	FALSE	0	5.73224072298484e-10	0	0	0	0	0	4.63656e-06
rs111735586	3	28905977	0.5109	0.0359	0.0546	0.0215	0.0215	35345	1315724	0.0261607660304544	T	C	FALSE	0	4.45567108353827e-10	0	0	0	0	0	0.000244336
rs111739622	3	28877876	0.2739	0.0304	0.0278	0.9651	0.0349	49053	1411006	0.0335965875351613	T	C	FALSE	0	3.4244877125275e-10	0	0	0	0	0	0.00016033
rs111800467	3	28685190	0.007623	0.0628	0.0235	0.9476	0.0524	49053	1411006	0.0335965875351613	A	G	FALSE	0	5.46603259261984e-09	0	0	5	1	0	1
rs111804568	3	29365919	0.634	0.0104	0.0219	0.0585	0.0585	49053	1411006	0.0335965875351613	T	C	FALSE	0	1.68348840406342e-10	0	0	0	0	0	3.30091e-08
rs111815014	3	29106509	0.4495	-0.0404	0.0535	0.9814	0.0186	35345	1315724	0.0261607660304544	T	G	FALSE	0	4.66516401829764e-10	0	0	0	0	0	7.01476e-08
rs111833664	3	29515338	0.002701	-0.0452	0.0151	0.1298	0.1298	49053	1411006	0.0335965875351613	A	G	FALSE	0	8.96158713457264e-09	0	0	0	0	0	2.40287e-06
rs111855480	3	28051430	0.5911	-0.0173	0.0322	0.0292	0.0292	49053	1411006	0.0335965875351613	A	G	FALSE	0	2.53139627470473e-10	0	0	0	0	0	3.20874e-08
rs111939712	3	27929886	0.3151	-0.0247	0.0246	0.9532	0.0468	49053	1411006	0.0335965875351613	T	C	FALSE	0	2.77518671460025e-10	0	0	0	0	0	5.12575e-08
rs111953952	3	29398950	0.6016	0.0085	0.0164	0.8869	0.1131	49053	1411006	0.0335965875351613	T	C	FALSE	0	1.292096055005e-10	0	0	0	0	0	3.00342e-08
rs111980030	3	28110730	0.398	-0.0376	0.0445	0.0142	0.0142	49053	1411006	0.0335965875351613	A	G	FALSE	0	4.22227684099321e-10	0	0	0	0	0	3.05024e-08
rs111996376	3	29533443	0.9122	0.0034	0.0312	0.0288	0.0288	49053	1411006	0.0335965875351613	T	C	FALSE	0	2.14493883292699e-10	0	0	0	0	0	3.81015e-08
rs111999261	3	29345589	0.1378	0.0358	0.0241	0.0497	0.0497	49053	1411006	0.0335965875351613	A	G	FALSE	0	4.9108769843209e-10	0	0	0	0	0	3.25676e-07
rs112019479	3	29089689	0.146	0.0576	0.0396	0.0167	0.0167	49053	1411006	0.0335965875351613	T	C	FALSE	0	7.43697346709196e-10	0	0	0	0	0	2.96825e-07
rs112035787	3	29047104	0.03015	-0.131	0.0604	0.9866	0.0134	49053	1411006	0.0335965875351613	A	G	FALSE	0	3.45252569464156e-09	0	0	0	0	0	1.47854e-07
rs112055487	3	29418155	0.6591	-0.0078	0.0177	0.9039	0.0961	49053	1411006	0.0335965875351613	T	C	FALSE	0	1.34302739745128e-10	0	0	0	0	0	5.32289e-08
rs112096993	3	28691976	0.006114	0.0644	0.0235	0.9475	0.0525	49053	1411006	0.0335965875351613	A	C	FALSE	0	6.55552409889782e-09	0	0	0	0	0	2.23906e-180
rs112111599	3	28928128	0.4328	-0.0406	0.0518	0.9777	0.0223	35345	1315724	0.0261607660304544	T	G	FALSE	0	4.6260094225194e-10	0	0	0	0	0	0.36413
rs112125139	3	29616650	0.8552	-0.0068	0.0372	0.0188	0.0188	49053	1411006	0.0335965875351613	A	C	FALSE	0	2.57119383471311e-10	0	0	0	0	0	3.67239e-08
rs112128619	3	28873597	0.2875	0.0302	0.0284	0.9662	0.0338000000000001	49053	1411006	0.0335965875351613	C	G	FALSE	0	3.38562895312439e-10	0	0	0	0	0	0.000137495
rs112186437	3	28852754	0.191	0.0365	0.0279	0.965	0.035	49053	1411006	0.0335965875351613	T	C	FALSE	0	4.42523868986071e-10	0	0	0	0	0	0.00163575
rs112194816	3	29398540	0.6344	0.0077	0.0162	0.8864	0.1136	49053	1411006	0.0335965875351613	A	G	FALSE	0	1.24967424949303e-10	0	0	0	0	0	3.00103e-08
rs1122097	3	28052391	0.3315	0.0146	0.0151	0.8606	0.1394	49053	1411006	0.0335965875351613	T	C	FALSE	0	1.65790963661169e-10	0	0	0	0	0	8.75234e-08
rs112219479	3	28852250	0.2382	-0.053	0.0449	0.0146	0.0146	49053	1411006	0.0335965875351613	C	G	FALSE	0	5.88270183982069e-10	0	0	0	0	0	1.17537e-07
rs112238920	3	28156309	0.2602	0.1205	0.107	0.0128	0.0128	26421	442271	0.056371775067635	T	C	FALSE	0	1.06856961726003e-09	0	0	0	0	0	7.56296e-08
rs112267632	3	29129814	0.956	-0.0013	0.0243	0.0609	0.0609	49053	1411006	0.0335965875351613	A	G	FALSE	0	1.67109311930715e-10	0	0	0	0	0	3.40763e-08
rs112273269	3	28838301	0.2791	-0.0303	0.028	0.0357	0.0357	49053	1411006	0.0335965875351613	T	G	FALSE	0	3.40647822715824e-10	0	0	0	0	0	1.85413e-07
rs112288451	3	29611516	0.9836	8e-04	0.0373	0.9812	0.0188	49053	1411006	0.0335965875351613	T	C	FALSE	0	2.53714311551993e-10	0	0	0	0	0	4.29943e-08
rs112288458	3	29700635	0.8801	0.0046	0.0302	0.9701	0.0299	49053	1411006	0.0335965875351613	A	G	FALSE	0	2.08930154182726e-10	0	0	0	0	0	3.93977e-08
rs1123020	3	28050757	0.8704	-0.0033	0.02	0.0717	0.0717	49053	1411006	0.0335965875351613	A	G	FALSE	0	1.39536137565525e-10	0	0	0	0	0	3.00334e-08
rs112321263	3	28999197	0.948	-0.0041	0.0621	0.9825	0.0175	35345	1315724	0.0261607660304544	T	G	FALSE	0	4.11085778418828e-10	0	0	0	0	0	3.12172e-08
rs112324245	3	27741458	0.1868	0.0392	0.0297	0.9667	0.0333	49053	1411006	0.0335965875351613	A	G	FALSE	0	4.76543112757214e-10	0	0	0	0	0	2.99021e-07
rs112353842	3	28087313	0.2789	0.0495	0.0457	0.986	0.014	49053	1411006	0.0335965875351613	T	C	FALSE	0	5.38204916053624e-10	0	0	0	0	0	1.27009e-07
rs112380638	3	28981207	0.8455	0.0122	0.0626	0.017	0.017	35345	1315724	0.0261607660304544	T	C	FALSE	0	4.20489378405888e-10	0	0	0	0	0	3.4737e-08
rs112395253	3	28833580	0.6282	-0.0217	0.0449	0.0349	0.0349	35345	1315724	0.0261607660304544	A	G	FALSE	0	3.38703420638435e-10	0	0	0	0	0	6.22761e-08
rs112395545	3	28209189	0.4765	0.0468	0.0658	0.01	0.01	28646	973320	0.0285897924680079	A	G	FALSE	0	5.43241055903494e-10	0	0	0	0	0	6.62189e-07
rs112400301	3	29693280	0.749	-0.01	0.0312	0.0273	0.0273	49053	1411006	0.0335965875351613	A	T	FALSE	0	2.24220179824098e-10	0	0	0	0	0	3.11739e-08
rs112402990	3	28198031	0.7313	-0.0092	0.0267	0.0383	0.0383	49053	1411006	0.0335965875351613	A	G	FALSE	0	1.94074911830293e-10	0	0	0	0	0	5.3967e-08
rs112476261	3	29294845	0.8608	-0.0088	0.0504	0.0134	0.0134	49053	1411006	0.0335965875351613	T	C	FALSE	0	3.42964978921383e-10	0	0	0	0	0	3.23898e-08
rs1125186	3	28885804	0.5615	0.006	0.0103	0.4929	0.4929	49053	1411006	0.0335965875351613	C	G	FALSE	0	8.42784979976499e-11	0	0	0	0	0	3.13765e-08
rs112531680	3	29122433	0.6044	-0.0269	0.052	0.9803	0.0197000000000001	35345	1315724	0.0261607660304544	A	T	FALSE	0	3.94633375139192e-10	0	0	0	0	0	5.1972e-08
rs112562059	3	28920106	0.4781	-0.256	0.3609	0.0108	0.0108	4663	3485	0.572287677957781	A	T	FALSE	0	1.28383598637862e-09	0	0	0	0	0	0.00020818
rs112575412	3	29228390	0.5744	0.0152	0.0272	0.9589	0.0411	49053	1411006	0.0335965875351613	C	G	FALSE	0	2.17336873233447e-10	0	0	0	0	0	4.10937e-08
rs112580200	3	28794746	0.516	0.035	0.0539	0.9897	0.0103	28880	973126	0.0288221827015008	C	G	FALSE	0	4.38217270118445e-10	0	0	0	0	0	0.165976
rs112592793	3	29652910	0.009006	0.1817	0.0696	0.0114	0.0114	15558	878337	0.0174047287433088	T	C	FALSE	0	9.50230511040072e-09	0	0	0	0	0	4.39237e-07
rs112646336	3	29068994	0.2231	0.0439	0.036	0.0574	0.0574	35345	1315724	0.0261607660304544	T	C	FALSE	0	5.03635558288748e-10	0	0	0	0	0	3.07096e-08
rs112647327	3	28763536	0.2243	-0.0257	0.0212	0.9414	0.0586	49053	1411006	0.0335965875351613	A	G	FALSE	0	3.01608884181709e-10	0	0	0	0	0	3.4221e-08
rs112702859	3	28943997	0.9288	0.004	0.0453	0.0127	0.0127	37688	981372	0.0369831020744608	T	C	FALSE	0	3.06767222564503e-10	0	0	0	0	0	3.06345e-07
rs112738701	3	29519309	0.3514	0.0225	0.0241	0.9534	0.0466	49053	1411006	0.0335965875351613	T	C	FALSE	0	2.5433923092671e-10	0	0	0	0	0	6.5165e-08
rs112768898	3	29524731	0.002771	-0.0385	0.0129	0.2134	0.2134	56306	1417791	0.0381969436203995	T	C	FALSE	0	7.51305522734728e-09	0	0	0	0	0	1.28389e-05
rs112772709	3	29666340	0.1529	0.0672	0.047	0.9726	0.0274	35345	1315724	0.0261607660304544	T	G	FALSE	0	8.3381482445978e-10	0	0	0	0	0	2.04364e-07
rs112773428	3	29077915	0.2951	-0.052	0.0497	0.0251	0.0251	35345	1315724	0.0261607660304544	T	C	FALSE	0	5.58719592910709e-10	0	0	0	0	0	4.60518e-07
rs112779669	3	28633412	0.427	0.0344	0.0434	0.02	0.02	49053	1411006	0.0335965875351613	A	G	FALSE	0	3.9605102074763e-10	0	0	0	0	0	2.707e-07
rs112790917	3	29403978	0.6183	-0.0084	0.0168	0.1141	0.1141	49053	1411006	0.0335965875351613	T	C	FALSE	0	1.31115189002586e-10	0	0	0	0	0	4.76668e-08
rs112798796	3	27942852	0.2823	0.0265	0.0246	0.047	0.047	49053	1411006	0.0335965875351613	T	C	FALSE	0	2.99136064775816e-10	0	0	0	0	0	5.19087e-08
rs112801849	3	29468438	0.2292	-0.06	0.0499	0.9817	0.0183	49053	1411006	0.0335965875351613	T	C	FALSE	0	6.61454227855649e-10	0	0	0	0	0	5.61689e-08
rs112803409	3	28840992	0.3108	-0.0284	0.028	0.0355	0.0355	49053	1411006	0.0335965875351613	A	G	FALSE	0	3.1769368522153e-10	0	0	0	0	0	4.25306e-07
rs112807228	3	27889606	0.2656	0.0191	0.0172	0.9053	0.0947	49053	1411006	0.0335965875351613	A	G	FALSE	0	2.18624035297681e-10	0	0	0	0	0	5.158e-08
rs112807387	3	29486929	0.1937	0.0457	0.0351	0.0341	0.0341	49053	1411006	0.0335965875351613	T	C	FALSE	0	5.44240204855139e-10	0	0	0	0	0	7.172e-08
rs112807910	3	29603259	0.1342	-0.0287	0.0192	0.9264	0.0736	49053	1411006	0.0335965875351613	A	G	FALSE	0	3.99978634343475e-10	0	0	0	0	0	4.65862e-08
rs112830247	3	29417685	0.7511	-0.0077	0.0243	0.047	0.047	49053	1411006	0.0335965875351613	T	G	FALSE	0	1.75337324624596e-10	0	0	0	0	0	3.05486e-08
rs112843914	3	28862829	0.1899	-0.0363	0.0277	0.035	0.035	49053	1411006	0.0335965875351613	A	G	FALSE	0	4.40770661756164e-10	0	0	0	0	0	1.40636e-07
rs112854153	3	29614677	0.1027	0.0315	0.0193	0.0731	0.0731	49053	1411006	0.0335965875351613	A	C	FALSE	0	4.9729607113826e-10	0	0	0	0	0	3.37652e-07
rs112879192	3	27723419	0.1468	-0.0177	0.0122	0.2223	0.2223	49053	1411006	0.0335965875351613	A	G	FALSE	0	2.40376139762871e-10	0	0	0	0	0	5.33602e-08
rs112921807	3	29512290	0.01063	-0.0437	0.0171	0.1024	0.1024	49053	1411006	0.0335965875351613	A	T	FALSE	0	3.01471215131576e-09	0	0	0	0	0	3.8792e-07
rs112942591	3	29515051	0.6489	-0.0117	0.0256	0.0404	0.0404	49053	1411006	0.0335965875351613	T	C	FALSE	0	1.94670962895118e-10	0	0	0	0	0	3.0299e-08
rs112950344	3	27804465	0.9748	-0.002	0.062	0.0448	0.0448	26421	442271	0.056371775067635	C	G	FALSE	0	4.09861228353744e-10	0	0	0	0	0	3.3153e-08
rs112954348	3	28547178	0.2853	0.0332	0.031	0.9671	0.0329	49053	1411006	0.0335965875351613	C	G	FALSE	0	3.71012859692399e-10	0	0	0	0	0	1.36931e-06
rs112958046	3	29141802	0.3297	0.1375	0.1411	0.0146	0.0146	6634	4884	0.575968050008682	A	G	FALSE	0	1.09510229604524e-09	0	0	0	0	0	6.00309e-08
rs112958555	3	28877404	0.2291	-0.0335	0.0278	0.0348	0.0348	49053	1411006	0.0335965875351613	A	G	FALSE	0	3.88327893625879e-10	0	0	0	0	0	1.29793e-07
rs112994994	3	29546230	0.8904	0.0051	0.0372	0.9813	0.0187000000000001	49053	1411006	0.0335965875351613	A	G	FALSE	0	2.55309249167315e-10	0	0	0	0	0	5.40735e-08
rs113075360	3	28488296	0.2453	0.0369	0.0318	0.9715	0.0285	49053	1411006	0.0335965875351613	A	G	FALSE	0	4.18932192284707e-10	0	0	0	0	0	1.50108e-06
rs113079696	3	29214136	0.1443	0.034	0.0233	0.1536	0.1536	16727	879305	0.0186678600764258	A	G	FALSE	0	4.57701651690246e-10	0	0	0	0	0	7.62937e-08
rs113119795	3	28973728	0.6456	0.0375	0.0815	0.0106	0.0106	16727	879305	0.0186678600764258	T	C	FALSE	0	5.71725934451266e-10	0	0	0	0	0	3.77767e-08
rs113123021	3	27745977	0.1733	0.017	0.0125	0.7805	0.2195	49053	1411006	0.0335965875351613	T	C	FALSE	0	2.1682046654301e-10	0	0	0	0	0	1.36626e-07
rs113124420	3	29435360	0.006118	-0.0989	0.0361	0.9783	0.0217000000000001	30435	974587	0.0302829191798786	A	T	FALSE	0	9.30848247810828e-09	0	0	0	0	0	1.49229e-07
rs113125447	3	29062024	0.4471	0.0371	0.0488	0.0196	0.0196	49053	1411006	0.0335965875351613	A	G	FALSE	0	4.30803521454424e-10	0	0	0	0	0	3.0779e-08
rs113166318	3	29097970	0.1865	0.0521	0.0394	0.0176	0.0176	49053	1411006	0.0335965875351613	T	C	FALSE	0	6.2044664017911e-10	0	0	0	0	0	2.2259e-07
rs113193366	3	28581329	0.7953	0.0072	0.0278	0.9649	0.0351	49053	1411006	0.0335965875351613	C	G	FALSE	0	1.96853415476181e-10	0	0	0	0	0	3.01275e-08
rs113239835	3	28864002	0.1878	-0.0365	0.0277	0.035	0.035	49053	1411006	0.0335965875351613	T	C	FALSE	0	4.44893115015062e-10	0	0	0	0	0	1.32683e-07
rs113252423	3	28884248	0.2428	0.033	0.0282	0.9648	0.0352	49053	1411006	0.0335965875351613	T	C	FALSE	0	3.78009603695171e-10	0	0	0	0	0	0.000260744
rs113267241	3	29229194	0.6639	-0.0115	0.0266	0.0427	0.0427	49053	1411006	0.0335965875351613	A	G	FALSE	0	1.99949212917089e-10	0	0	0	0	0	3.05786e-08
rs113271196	3	28884277	0.2251	0.0342	0.0282	0.9647	0.0353	49053	1411006	0.0335965875351613	T	C	FALSE	0	3.97276664650687e-10	0	0	0	0	0	0.000302879
rs113282956	3	27778524	0.8795	0.0215	0.142	0.0149	0.0149	7803	5852	0.571439033321128	T	C	FALSE	0	8.07093211397563e-10	0	0	0	0	0	3.3503e-08
rs113333370	3	29490856	0.4893	-0.0242	0.0351	0.9602	0.0397999999999999	49053	1411006	0.0335965875351613	A	G	FALSE	0	3.01176681753e-10	0	0	0	0	0	1.52486e-07
rs113341864	3	29575005	0.08936	0.0369	0.0217	0.0569	0.0569	49053	1411006	0.0335965875351613	T	C	FALSE	0	6.22977700948272e-10	0	0	0	0	0	2.87425e-07
rs113346614	3	29034735	0.9964	1e-04	0.0162	0.1085	0.1085	49053	1411006	0.0335965875351613	T	C	FALSE	0	1.11703626539404e-10	0	0	0	0	0	3.01689e-08
rs113364810	3	28777476	0.06042	-0.0949	0.0505	0.0166	0.0166	49053	1411006	0.0335965875351613	C	G	FALSE	0	1.78119943724806e-09	0	0	0	0	0	3.95678e-08
rs113375257	3	27726186	0.5384	-0.0223	0.0362	0.0212	0.0212	49053	1411006	0.0335965875351613	A	T	FALSE	0	2.96116418291382e-10	0	0	0	0	0	3.06731e-08
rs113451085	3	28867931	0.03987	0.0992	0.0483	0.9846	0.0154	49053	1411006	0.0335965875351613	T	C	FALSE	0	2.38286295505679e-09	0	0	0	0	0	6.31305e-05
rs113458652	3	29081079	0.6065	-0.0212	0.0412	0.9733	0.0266999999999999	49053	1411006	0.0335965875351613	A	G	FALSE	0	3.16950369528301e-10	0	0	0	0	0	4.95773e-08
rs113485167	3	28775566	0.5686	0.0134	0.0236	0.0514	0.0514	49053	1411006	0.0335965875351613	A	G	FALSE	0	1.90072265038162e-10	0	0	0	0	0	1
rs113488588	3	28996085	0.3667	-0.0493	0.0546	0.0191	0.0191	49053	1411006	0.0335965875351613	A	C	FALSE	0	5.3248206375327e-10	0	0	0	0	0	3.94696e-08
rs113500187	3	29219941	0.3811	0.0379	0.0432	0.9749	0.0251	49053	1411006	0.0335965875351613	A	G	FALSE	0	4.21919700160573e-10	0	0	0	0	0	5.42436e-08
rs113503991	3	29575092	0.4084	0.0466	0.0564	0.0103	0.0103	29266	973619	0.0291818104767745	T	C	FALSE	0	5.15166511679659e-10	0	0	0	0	0	5.33928e-08
rs113516823	3	28659766	0.01568	-0.0594	0.0246	0.0511	0.0511	49053	1411006	0.0335965875351613	T	C	FALSE	0	2.98426637240954e-09	0	0	0	0	0	0
rs113521217	3	27888594	0.2718	0.0189	0.0172	0.9053	0.0947	49053	1411006	0.0335965875351613	T	G	FALSE	0	2.15854170330076e-10	0	0	0	0	0	5.09682e-08
rs113537973	3	27932724	0.002782	-0.1501	0.0502	0.9834	0.0165999999999999	49053	1411006	0.0335965875351613	A	G	FALSE	0	2.25793466281295e-08	0	0	0	0	0	1.70635e-05
rs113543740	3	28215636	0.6815	-0.0051	0.0125	0.2295	0.2295	49053	1411006	0.0335965875351613	C	G	FALSE	0	9.37635559915992e-11	0	0	0	0	0	9.04928e-06
rs113549442	3	28744104	0.01736	0.0714	0.03	0.9586	0.0414	49053	1411006	0.0335965875351613	A	C	FALSE	0	3.27488690703101e-09	0	0	0	0	0	2.03616e-05
rs113574025	3	28983350	0.6902	0.0171	0.043	0.0141	0.0141	56306	1417791	0.0381969436203995	T	C	FALSE	0	3.13648684089279e-10	0	0	0	0	0	6.20103e-08
rs113620287	3	28842518	0.3402	-0.0262	0.0275	0.0365	0.0365	49053	1411006	0.0335965875351613	T	C	FALSE	0	2.94221610656124e-10	0	0	0	0	0	4.86668e-07
rs113678949	3	28571762	0.1688	-0.0795	0.0578	0.0151	0.0151	49053	1411006	0.0335965875351613	T	C	FALSE	0	9.19622801349716e-10	0	0	0	0	0	2.01338e-07
rs113695888	3	28350211	0.1516	0.091	0.0634	0.9839	0.0161	35345	1315724	0.0261607660304544	T	C	FALSE	0	1.06603639671558e-09	0	0	0	0	0	1.16777e-06
rs113705548	3	27888432	0.2747	0.0191	0.0175	0.9067	0.0933000000000001	49053	1411006	0.0335965875351613	T	C	FALSE	0	2.17795992410003e-10	0	0	0	0	0	5.05626e-08
rs113719079	3	27900040	0.2638	-0.0192	0.0172	0.0947	0.0947	49053	1411006	0.0335965875351613	A	T	FALSE	0	2.20033342302157e-10	0	0	0	0	0	6.09256e-08
rs113731366	3	28777272	0.283	-0.0221	0.0206	0.9362	0.0638	49053	1411006	0.0335965875351613	C	G	FALSE	0	2.50517518663069e-10	0	0	0	0	0	3.46576e-08
rs113746618	3	29399614	0.1088	0.0458	0.0286	0.0371	0.0371	49053	1411006	0.0335965875351613	A	G	FALSE	0	6.88088745816683e-10	0	0	0	0	0	4.51597e-07
rs113749775	3	29388043	0.1196	0.0325	0.0209	0.0619	0.0619	49053	1411006	0.0335965875351613	C	G	FALSE	0	4.75514140302054e-10	0	0	0	0	0	2.55078e-07
rs113753653	3	28705194	0.02454	-0.0955	0.0425	0.0394	0.0394	35345	1315724	0.0261607660304544	T	G	FALSE	0	3.21978141803122e-09	0	0	0	0	0	7.62256e-08
rs113753863	3	29318246	0.9164	0.0014	0.0135	0.7979	0.2021	30435	974587	0.0302829191798786	T	C	FALSE	0	9.36775309053628e-11	0	0	0	0	0	4.08492e-08
rs113770498	3	28650145	0.01302	-0.1107	0.0446	0.0194	0.0194	49053	1411006	0.0335965875351613	A	T	FALSE	0	5.66436459086695e-09	0	0	0	0	0	1.1527e-07
rs113817301	3	29528003	0.03196	-0.0548	0.0255	0.9576	0.0424	49053	1411006	0.0335965875351613	C	G	FALSE	0	1.69749612541104e-09	0	0	0	0	0	1.05201e-07
rs113862008	3	29368409	0.4446	0.0131	0.0172	0.0974	0.0974	49053	1411006	0.0335965875351613	T	G	FALSE	0	1.58099240082088e-10	0	0	0	0	0	3.8704e-08
rs113918584	3	29416098	0.7317	0.0084	0.0244	0.9528	0.0472	49053	1411006	0.0335965875351613	T	C	FALSE	0	1.77624888502898e-10	0	0	0	0	0	3.36498e-08
rs113934098	3	29025601	0.7986	0.0037	0.0147	0.8631	0.1369	49053	1411006	0.0335965875351613	A	C	FALSE	0	1.0466333200109e-10	0	0	0	0	0	7.2309e-08
rs113943808	3	28642625	0.7595	-0.0086	0.0282	0.0367	0.0367	49053	1411006	0.0335965875351613	C	G	FALSE	0	2.02180931140186e-10	0	0	0	0	0	3.11505e-08
rs113944329	3	29667132	0.1851	-0.0374	0.0283	0.0603	0.0603	56306	1417791	0.0381969436203995	A	T	FALSE	0	4.56300044037853e-10	0	0	0	0	0	3.77556e-08
rs113945876	3	28000932	0.4836	-0.0116	0.0166	0.8972	0.1028	49053	1411006	0.0335965875351613	T	C	FALSE	0	1.45845180787505e-10	0	0	0	0	0	5.14932e-08
rs113946025	3	28015473	0.7412	-0.0164	0.0496	0.9887	0.0113	47884	1410038	0.032844006743845	A	T	FALSE	0	3.50630212706002e-10	0	0	0	0	0	3.02786e-08
rs113962226	3	29208959	0.9206	0.0047	0.0467	0.0346	0.0346	32897	744313	0.042327041597509	T	C	FALSE	0	3.16110437878927e-10	0	0	0	0	0	3.19708e-08
rs114005859	3	28094426	0.3887	0.0373	0.0433	0.9794	0.0206	49053	1411006	0.0335965875351613	T	C	FALSE	0	4.17280200689028e-10	0	0	0	0	0	9.00034e-08
rs114031221	3	29335516	0.6331	0.0097	0.0203	0.9329	0.0671	49053	1411006	0.0335965875351613	T	G	FALSE	0	1.5642594840152e-10	0	0	0	0	0	3.26327e-08
rs114045142	3	29396786	0.9759	-0.0013	0.0444	0.9743	0.0256999999999999	35345	1315724	0.0261607660304544	T	C	FALSE	0	2.99970083740863e-10	0	0	0	0	0	3.0129e-08
rs114086714	3	29242361	0.8076	0.0108	0.0444	0.0215	0.0215	49053	1411006	0.0335965875351613	A	G	FALSE	0	3.08421810989799e-10	0	0	0	0	0	3.0078e-08
rs114100931	3	27710124	0.6336	0.0101	0.0211	0.9368	0.0632	49053	1411006	0.0335965875351613	A	G	FALSE	0	1.62573510298314e-10	1	1	0	0	0	4.12406e-08
rs114115579	3	29031819	0.2171	-0.1591	0.1289	0.0161	0.0161	7803	5852	0.571439033321128	A	G	FALSE	0	1.28384061979477e-09	0	0	0	0	0	3.88688e-08
rs114122349	3	28426848	0.008116	-0.1538	0.0581	0.0126	0.0126	46605	839595	0.0525897088693297	A	G	FALSE	0	9.76738367401894e-09	0	0	0	0	0	1.37797e-07
rs114128542	3	27901920	0.9392	0.0048	0.0632	0.9856	0.0144	49053	1411006	0.0335965875351613	A	G	FALSE	0	4.17976728806608e-10	0	0	0	0	0	2.99936e-08
rs114129866	3	29430839	0.2197	-0.0302	0.0246	0.9538	0.0462	47884	1410038	0.032844006743845	A	T	FALSE	0	3.5483382044562e-10	0	0	0	0	0	8.34292e-08
rs114130507	3	27929525	0.194	0.0533	0.041	0.0213	0.0213	49053	1411006	0.0335965875351613	T	C	FALSE	0	6.25154569053241e-10	0	0	0	0	0	2.00368e-07
rs114149221	3	27856382	0.1836	-0.0526	0.0396	0.9658	0.0342	35345	1315724	0.0261607660304544	C	G	FALSE	0	6.28023901318897e-10	0	0	0	0	0	6.40139e-08
rs114162416	3	27789048	0.7575	0.0111	0.0358	0.98	0.02	49053	1411006	0.0335965875351613	A	C	FALSE	0	2.554029498596e-10	0	0	0	0	0	3.20022e-08
rs114163190	3	27993519	0.6452	0.0172	0.0373	0.0215	0.0215	49053	1411006	0.0335965875351613	T	C	FALSE	0	2.81105910144117e-10	0	0	0	0	0	3.27081e-08
rs114168890	3	27980756	0.3312	-0.0581	0.0598	0.9895	0.0105	49053	1411006	0.0335965875351613	A	C	FALSE	0	6.11260991215091e-10	0	0	0	0	0	5.61468e-08
rs114178819	3	27785370	0.5662	-0.0223	0.0388	0.982	0.018	49053	1411006	0.0335965875351613	A	G	FALSE	0	3.08959495719746e-10	0	0	0	0	0	3.13532e-08
rs114192865	3	28831468	0.3453	-0.0333	0.0353	0.974	0.026	56306	1417791	0.0381969436203995	T	C	FALSE	0	3.70235300156939e-10	0	0	0	0	0	9.84192e-08
rs114193360	3	29478788	0.07172	-0.0923	0.0513	0.9828	0.0172	49053	1411006	0.0335965875351613	T	C	FALSE	0	1.56963719665873e-09	0	0	0	0	0	7.90882e-08
rs114195666	3	27953384	0.1991	-0.0467	0.0364	0.9729	0.0271	30435	974587	0.0302829191798786	T	C	FALSE	0	5.49483681131778e-10	0	0	0	0	0	1.40016e-07
rs114213921	3	28964455	0.8355	-0.0093	0.0448	0.9866	0.0134	56306	1417791	0.0381969436203995	T	C	FALSE	0	3.08689287142512e-10	0	0	0	0	0	3.24855e-08
rs114228470	3	29093311	0.8212	0.0044	0.0193	0.0744	0.0744	49053	1411006	0.0335965875351613	T	C	FALSE	0	1.36361140594213e-10	0	0	0	0	0	3.09972e-08
rs114248155	3	29457052	0.3391	-0.057	0.0596	0.9846	0.0154	49053	1411006	0.0335965875351613	A	G	FALSE	0	6.0138282353884e-10	0	0	0	0	0	4.78334e-08
rs114249268	3	29348526	0.8321	-0.0048	0.0225	0.0558	0.0558	49053	1411006	0.0335965875351613	A	G	FALSE	0	1.5818841730476e-10	0	0	0	0	0	3.02024e-08
rs114256301	3	28563845	0.1276	0.0615	0.0403	0.9648	0.0352	35345	1315724	0.0261607660304544	A	G	FALSE	0	8.36752494598455e-10	0	0	0	0	0	1.03799e-07
rs114264379	3	29387659	0.2197	0.035	0.0285	0.0422	0.0422	49053	1411006	0.0335965875351613	A	C	FALSE	0	4.08712465337517e-10	0	0	0	0	0	4.74251e-08
rs114277310	3	27768695	0.343	-0.0457	0.0482	0.0193	0.0193	35345	1315724	0.0261607660304544	A	T	FALSE	0	4.95726399400136e-10	0	0	0	0	0	3.70256e-08
rs114293968	3	29131539	0.2373	-0.0268	0.0227	0.9428	0.0572	49053	1411006	0.0335965875351613	T	G	FALSE	0	3.1047949219153e-10	0	0	0	0	0	5.04422e-08
rs114294737	3	27973792	0.9693	0.0024	0.0628	0.9874	0.0125999999999999	49053	1411006	0.0335965875351613	T	C	FALSE	0	4.14756696590117e-10	0	0	0	0	0	3.08371e-08
rs114300091	3	27825373	0.7361	-0.0347	0.103	0.0173	0.0173	26421	442271	0.056371775067635	T	G	FALSE	0	6.62516390861155e-10	0	0	0	0	0	4.11827e-08
rs114307512	3	28984225	0.6649	-0.0253	0.0584	0.987	0.013	47884	1410038	0.032844006743845	T	C	FALSE	0	4.2282566425511e-10	0	0	0	0	0	4.40371e-08
rs114312740	3	28882405	0.147	0.0656	0.0453	0.0259	0.0259	35345	1315724	0.0261607660304544	C	G	FALSE	0	8.28606186638859e-10	0	0	0	0	0	2.76338e-07
rs114315791	3	28066370	0.3649	-0.0252	0.0278	0.0368	0.0368	49053	1411006	0.0335965875351613	A	T	FALSE	0	2.85036491169087e-10	0	0	0	0	0	3.03238e-08
rs114337350	3	28792398	0.5665	-0.0084	0.0147	0.874	0.126	56306	1417791	0.0381969436203995	A	G	FALSE	0	1.19298704689843e-10	0	0	0	0	0	1.56718e-06
rs114338253	3	28188527	0.8079	-0.0084	0.0347	0.9719	0.0281	49053	1411006	0.0335965875351613	T	C	FALSE	0	2.43336035334617e-10	0	0	0	0	0	3.59488e-08
rs114351246	3	28872252	0.2545	-0.032	0.028	0.9607	0.0393	56306	1417791	0.0381969436203995	A	G	FALSE	0	3.63978712085629e-10	0	0	0	0	0	3.11898e-08
rs114375349	3	28043161	0.3601	-0.0348	0.038	0.0236	0.0236	49053	1411006	0.0335965875351613	C	G	FALSE	0	3.87094069168993e-10	0	0	0	0	0	4.78037e-08
rs114384371	3	27936860	0.3414	-0.0235	0.0247	0.9535	0.0465	49053	1411006	0.0335965875351613	T	C	FALSE	0	2.64838768066768e-10	0	0	0	0	0	4.77698e-08
rs114386543	3	29354883	0.885	-0.0033	0.0228	0.0547	0.0547	49053	1411006	0.0335965875351613	T	C	FALSE	0	1.58338189154948e-10	0	0	0	0	0	3.00234e-08
rs114399777	3	27781287	0.7636	-0.0109	0.0363	0.0199	0.0199	49053	1411006	0.0335965875351613	A	T	FALSE	0	2.58099664721065e-10	0	0	0	0	0	3.09812e-08
rs114419781	3	27775449	0.6003	0.0198	0.0378	0.0189	0.0189	49053	1411006	0.0335965875351613	A	G	FALSE	0	2.93332187006003e-10	0	0	0	0	0	4.15536e-08
rs114420343	3	29174309	0.2825	0.067	0.0623	0.9787	0.0213	32897	744313	0.042327041597509	A	C	FALSE	0	6.97068495099365e-10	0	0	0	0	0	3.37785e-08
rs114542680	3	28805576	0.7916	-0.0038	0.0144	0.8684	0.1316	56306	1417791	0.0381969436203995	A	G	FALSE	0	1.02860200860956e-10	0	0	0	0	0	4.97036e-06
rs114557151	3	27819139	0.8056	0.0086	0.035	0.9794	0.0206	49053	1411006	0.0335965875351613	T	C	FALSE	0	2.45585429503253e-10	0	0	0	0	0	3.08128e-08
rs114571062	3	28259600	0.7575	-0.0137	0.0444	0.0267	0.0267	35345	1315724	0.0261607660304544	A	G	FALSE	0	3.1376443773599e-10	0	0	0	0	0	3.18418e-08
rs114588199	3	29518219	0.9239	0.0029	0.0308	0.9704	0.0296	49053	1411006	0.0335965875351613	C	G	FALSE	0	2.11497647844813e-10	0	0	0	0	0	3.64031e-08
rs114603151	3	27958186	0.7308	0.0221	0.0643	0.9878	0.0122	49053	1411006	0.0335965875351613	A	T	FALSE	0	4.46750149847949e-10	0	0	0	0	0	3.53694e-08
rs114607112	3	29444095	0.1714	-0.057	0.0417	0.0352	0.0352	35345	1315724	0.0261607660304544	A	T	FALSE	0	6.91324351525111e-10	0	0	0	0	0	6.24209e-08
rs114609536	3	29445482	0.7419	-0.0132	0.04	0.9755	0.0245	49053	1411006	0.0335965875351613	A	G	FALSE	0	2.859204582786e-10	0	0	0	0	0	3.2877e-08
rs114617406	3	29577130	0.2351	0.0627	0.0528	0.0124	0.0124	28880	973126	0.0288221827015008	C	G	FALSE	0	6.82697264974052e-10	0	0	0	0	0	4.83073e-08
rs114623898	3	28066397	0.3746	-0.0247	0.0278	0.0367	0.0367	49053	1411006	0.0335965875351613	A	T	FALSE	0	2.8055826223388e-10	0	0	0	0	0	3.0384e-08
rs114657423	3	29316464	0.5622	-0.0237	0.0409	0.9789	0.0211	49053	1411006	0.0335965875351613	T	G	FALSE	0	3.25669484730474e-10	0	0	0	0	0	4.08901e-08
rs114657851	3	28041911	0.6995	-0.0167	0.0432	0.0232	0.0232	49053	1411006	0.0335965875351613	C	G	FALSE	0	3.1372542271715e-10	0	0	0	0	0	3.25799e-08
rs114659023	3	28141773	0.2103	-0.0609	0.0486	0.0179	0.0179	49053	1411006	0.0335965875351613	T	C	FALSE	0	6.85647877227518e-10	0	0	0	0	0	4.49967e-08
rs114671365	3	29557545	0.2087	-0.0289	0.023	0.9455	0.0545	49053	1411006	0.0335965875351613	T	G	FALSE	0	3.44513553008217e-10	0	0	0	0	0	5.66586e-08
rs114690271	3	29268704	0.9378	0.0035	0.0445	0.0214	0.0214	49053	1411006	0.0335965875351613	C	G	FALSE	0	3.01377975869956e-10	0	0	0	0	0	3.06493e-08
rs114704235	3	29423913	0.7925	0.0086	0.0327	0.0341	0.0341	49053	1411006	0.0335965875351613	T	C	FALSE	0	2.30893493828784e-10	0	0	0	0	0	3.04162e-08
rs114713257	3	29352851	0.8777	-0.0035	0.0227	0.0549	0.0549	49053	1411006	0.0335965875351613	A	G	FALSE	0	1.57872706801212e-10	0	0	0	0	0	3.00007e-08
rs114716349	3	29037463	0.07502	-0.0694	0.039	0.0223	0.0223	49053	1411006	0.0335965875351613	C	G	FALSE	0	1.2171638583786e-09	0	0	0	0	0	2.08557e-07
rs114717436	3	28450527	0.892	-0.007	0.0514	0.9857	0.0143	29266	973619	0.0291818104767745	A	G	FALSE	0	3.47389344511727e-10	0	0	0	0	0	3.25095e-08
rs114731773	3	27828664	0.06457	-0.1492	0.0807	0.0155	0.0155	31728	743345	0.0409354989788059	T	C	FALSE	0	2.25111759248652e-09	0	0	0	0	0	3.91193e-08
rs114746454	3	28798057	0.09069	-0.1026	0.0606	0.9844	0.0155999999999999	35345	1315724	0.0261607660304544	T	G	FALSE	0	1.4909784130458e-09	0	0	0	0	0	4.50207e-08
rs114764535	3	28185997	0.5942	-0.0283	0.0531	0.0267	0.0267	16727	879305	0.0186678600764258	A	G	FALSE	0	4.05401065672619e-10	0	0	0	0	0	3.00898e-08
rs114766140	3	29545780	0.6647	0.0144	0.0332	0.0275	0.0275	49053	1411006	0.0335965875351613	A	G	FALSE	0	2.48287559497593e-10	0	0	0	0	0	4.97458e-08
rs114777413	3	29044750	0.9207	-0.012	0.1201	0.0167	0.0167	25252	441303	0.0541243797623003	T	C	FALSE	0	7.14883267243537e-10	0	0	0	0	0	3.06413e-08
rs114780136	3	29186354	0.9285	-0.0054	0.0607	0.018	0.018	35345	1315724	0.0261607660304544	A	C	FALSE	0	4.03267060850982e-10	0	0	0	0	0	3.21627e-08
rs114780647	3	28003334	0.3306	-0.0805	0.0827	0.0102	0.0102	29266	973619	0.0291818104767745	A	G	FALSE	0	7.92318313622072e-10	0	0	0	0	0	3.20756e-08
rs114797053	3	29630285	0.3603	0.0393	0.043	0.9769	0.0231	49053	1411006	0.0335965875351613	A	G	FALSE	0	4.33502273039715e-10	0	0	0	0	0	4.15116e-08
rs114800433	3	29029707	0.1917	-0.1681	0.1288	0.016	0.016	7803	5852	0.571439033321128	A	T	FALSE	0	1.36769297300448e-09	0	0	0	0	0	4.13505e-08
rs114804767	3	28852283	0.8874	0.0057	0.0404	0.0181	0.0181	49053	1411006	0.0335965875351613	T	C	FALSE	0	2.76575735685446e-10	0	0	0	0	0	1
rs114814740	3	29011161	0.9791	-0.0018	0.0685	0.0128	0.0128	16727	879305	0.0186678600764258	A	T	FALSE	0	4.48438347276487e-10	0	0	0	0	0	3.20977e-08
rs114816214	3	29579853	0.5679	-0.027	0.0472	0.9732	0.0268	35345	1315724	0.0261607660304544	T	C	FALSE	0	3.71059412640246e-10	0	0	0	0	0	4.45897e-08
rs114819843	3	27731532	0.4233	0.0237	0.0296	0.0559	0.0559	49053	1411006	0.0335965875351613	A	G	FALSE	0	2.77188979475715e-10	0	0	0	0	0	3.0675e-08
rs114820942	3	27765837	0.6366	-0.018	0.0381	0.9815	0.0185	49053	1411006	0.0335965875351613	A	T	FALSE	0	2.88348981234982e-10	0	0	0	0	0	3.05507e-08
rs114823334	3	27740764	0.3141	-0.0321	0.0318	0.0461	0.0461	49053	1411006	0.0335965875351613	A	C	FALSE	0	3.57089927214087e-10	0	0	0	0	0	3.59888e-08
rs114838268	3	29431814	0.5123	0.0331	0.0505	0.9822	0.0178	49053	1411006	0.0335965875351613	A	C	FALSE	0	4.14506687806698e-10	0	0	0	0	0	3.54564e-08
rs114861833	3	29668600	0.8458	-0.0133	0.0684	0.9878	0.0122	35857	1316006	0.0265241374310858	C	G	FALSE	0	4.55355850845711e-10	0	0	0	0	0	3.0043e-08
rs114863632	3	27890620	0.4173	-0.0263	0.0324	0.9643	0.0357	49053	1411006	0.0335965875351613	T	G	FALSE	0	3.0500278798804e-10	0	0	0	0	0	3.88119e-08
rs114866972	3	27709902	0.6878	-0.0089	0.0222	0.0605	0.0605	49053	1411006	0.0335965875351613	A	G	FALSE	0	1.65246931750679e-10	2	1	0	0	0	3.01062e-08
rs114892239	3	29475694	0.4068	0.0186	0.0225	0.0542	0.0542	49053	1411006	0.0335965875351613	A	G	FALSE	0	2.16747724845875e-10	0	0	0	0	0	4.49245e-08
rs114917147	3	27954533	0.2674	-0.0325	0.0293	0.9692	0.0308000000000001	49053	1411006	0.0335965875351613	A	G	FALSE	0	3.66248469243525e-10	0	0	0	0	0	4.88082e-08
rs114927086	3	28679413	0.6198	0.0416	0.0839	0.9877	0.0123	15558	878337	0.0174047287433088	T	C	FALSE	0	5.94185399740873e-10	0	0	0	0	0	4.23496e-08
rs114929471	3	28969521	0.7537	-0.0146	0.0465	0.0136	0.0136	37688	981372	0.0369831020744608	A	T	FALSE	0	3.28317650202659e-10	0	0	0	0	0	3.14543e-08
rs114944848	3	28797280	0.1288	-0.0341	0.0224	0.0901	0.0901	46605	839595	0.0525897088693297	A	G	FALSE	0	4.83616853955399e-10	0	0	0	0	0	1.9413e-06
rs114947584	3	27723177	0.3001	-0.0377	0.0364	0.0219	0.0219	49053	1411006	0.0335965875351613	T	C	FALSE	0	4.16347181960809e-10	0	0	0	0	0	3.06095e-08
rs114971920	3	29531856	0.6491	-0.0159	0.035	0.0218	0.0218	49053	1411006	0.0335965875351613	C	G	FALSE	0	2.63611301382481e-10	0	0	0	0	0	3.55226e-08
rs114972699	3	28709144	0.4209	0.0293	0.0364	0.95	0.05	35345	1315724	0.0261607660304544	A	T	FALSE	0	3.38981372713322e-10	0	0	0	0	0	3.59659e-08
rs114988335	3	29148970	0.9506	0.0021	0.034	0.0531	0.0531	35345	1315724	0.0261607660304544	A	C	FALSE	0	2.32306597393692e-10	0	0	0	0	0	3.26889e-08
rs114990163	3	28140839	0.3461	0.0633	0.0672	0.012	0.012	47884	1410038	0.032844006743845	T	C	FALSE	0	6.56499783040011e-10	0	0	0	0	0	4.75552e-08
rs114992976	3	27880812	0.8427	-0.0125	0.0629	0.0159	0.0159	49053	1411006	0.0335965875351613	A	G	FALSE	0	4.22607797196041e-10	0	0	0	0	0	3.01166e-08
rs115010343	3	29179666	0.2256	-0.0472	0.039	0.9716	0.0284	49053	1411006	0.0335965875351613	T	C	FALSE	0	5.36208414236318e-10	0	0	0	0	0	5.24424e-07
rs115019004	3	28148665	0.08728	-0.0781	0.0457	0.0301	0.0301	35345	1315724	0.0261607660304544	T	C	FALSE	0	1.23468333816479e-09	0	0	0	0	0	2.51917e-07
rs115025755	3	29487564	0.3748	-0.0199	0.0224	0.9448	0.0552	49053	1411006	0.0335965875351613	A	G	FALSE	0	2.27385972468287e-10	0	0	0	0	0	4.41575e-08
rs115046564	3	29582632	0.1427	-0.034	0.0232	0.9459	0.0541	49053	1411006	0.0335965875351613	T	G	FALSE	0	4.59974098395564e-10	0	0	0	0	0	7.32523e-08
rs115053671	3	28946211	0.3884	-0.066	0.0765	0.9715	0.0285	26421	442271	0.056371775067635	A	T	FALSE	0	6.83872349641329e-10	0	0	0	0	0	2.63956e-05
rs115110371	3	28927277	0.07867	0.084	0.0478	0.0144	0.0144	49053	1411006	0.0335965875351613	T	C	FALSE	0	1.38574931848517e-09	0	0	0	0	0	8.12015e-08
rs115111179	3	29362249	0.003743	-0.0521	0.018	0.9144	0.0856	49053	1411006	0.0335965875351613	T	C	FALSE	0	7.90834398382301e-09	0	0	0	0	0	2.14199e-07
rs115115335	3	28077836	0.8454	0.008	0.0411	0.973	0.027	49053	1411006	0.0335965875351613	T	C	FALSE	0	2.83607615360196e-10	0	0	0	0	0	3.75712e-08
rs115128849	3	29425751	0.3006	-0.081	0.0783	0.0121	0.0121	15558	878337	0.0174047287433088	A	G	FALSE	0	8.0215282193829e-10	0	0	0	0	0	1.17078e-07
rs115132475	3	29392199	0.16	-0.0634	0.0451	0.0314	0.0314	35345	1315724	0.0261607660304544	T	C	FALSE	0	7.79338605388438e-10	0	0	0	0	0	9.36618e-08
rs115144608	3	29258041	0.167	-0.0845	0.0612	0.99	0.01	49053	1411006	0.0335965875351613	T	G	FALSE	0	9.67836401781926e-10	0	0	0	0	0	8.39095e-08
rs115168381	3	29251476	0.2089	0.032	0.0255	0.0437	0.0437	49053	1411006	0.0335965875351613	A	T	FALSE	0	3.79744512381977e-10	0	0	0	0	0	7.24158e-08
rs115175108	3	28642586	0.3702	0.0439	0.049	0.973	0.027	49053	1411006	0.0335965875351613	T	C	FALSE	0	4.80761691104903e-10	0	0	0	0	0	6.11991e-08
rs115178196	3	28623061	0.309	0.0827	0.0813	0.9888	0.0112	35345	1315724	0.0261607660304544	T	C	FALSE	0	8.12219851734093e-10	0	0	0	0	0	5.02377e-08
rs115179902	3	28574218	0.05771	0.1478	0.0779	0.9874	0.0125999999999999	34176	1314756	0.0253355988292961	A	G	FALSE	0	2.39629985579263e-09	0	0	0	0	0	1.05756e-06
rs115182009	3	29335845	0.09165	-0.0753	0.0446	0.0219	0.0219	49053	1411006	0.0335965875351613	A	G	FALSE	0	1.17061610145258e-09	0	0	0	0	0	1.32301e-06
rs115207106	3	27945272	0.3044	0.0268	0.0261	0.0448	0.0448	49053	1411006	0.0335965875351613	A	G	FALSE	0	3.00645727384959e-10	0	0	0	0	0	5.00302e-08
rs115216085	3	27822429	0.4264	-0.0553	0.0696	0.0109	0.0109	31837	975506	0.0316049250354646	A	G	FALSE	0	6.02595782130046e-10	0	0	0	0	0	3.82623e-08
rs115226650	3	29188924	0.2731	-0.0567	0.0517	0.0178	0.0178	49053	1411006	0.0335965875351613	A	G	FALSE	0	6.08455495120617e-10	0	0	0	0	0	4.84257e-08
rs115254687	3	29274054	0.3199	0.0895	0.09	0.9898	0.0102	15172	877844	0.0169896172073065	A	G	FALSE	0	8.56530854303723e-10	0	0	0	0	0	3.94728e-08
rs115276013	3	29640772	0.144	0.0262	0.018	0.083	0.083	49053	1411006	0.0335965875351613	T	C	FALSE	0	3.54687205954042e-10	0	0	0	0	0	6.6037e-08
rs115281911	3	27935353	0.2536	0.0946	0.0829	0.9894	0.0106000000000001	15558	878337	0.0174047287433088	T	C	FALSE	0	9.23415471840305e-10	0	0	0	0	0	3.55805e-08
rs115293473	3	28066587	0.4097	-0.0425	0.0516	0.0161	0.0161	29266	973619	0.0291818104767745	T	C	FALSE	0	4.75047372723721e-10	0	0	0	0	0	3.06605e-08
rs115299006	3	29259518	0.5881	-0.022	0.0406	0.9746	0.0254	49053	1411006	0.0335965875351613	C	G	FALSE	0	3.16925782430919e-10	0	0	0	0	0	3.3154e-08
rs115306908	3	29394976	0.9382	-0.0055	0.0709	0.0124	0.0124	29266	973619	0.0291818104767745	T	G	FALSE	0	4.63516905755034e-10	0	0	0	0	0	3.06894e-08
rs115319228	3	28049016	0.9605	0.0025	0.0504	0.9818	0.0182	49053	1411006	0.0335965875351613	A	C	FALSE	0	3.38475659085739e-10	0	0	0	0	0	3.27486e-08
rs115325620	3	29689569	0.3686	0.0674	0.0749	0.0104	0.0104	29266	973619	0.0291818104767745	A	G	FALSE	0	6.92077965254323e-10	0	0	0	0	0	4.60187e-08
rs115371292	3	28144360	0.2251	0.0659	0.0543	0.0345	0.0345	45436	838627	0.0513945273130987	A	G	FALSE	0	7.19776029501831e-10	0	0	0	0	0	7.08364e-08
rs115377115	3	29591658	0.4742	-0.0298	0.0416	0.0242	0.0242	56306	1417791	0.0381969436203995	T	C	FALSE	0	3.60303800858347e-10	0	0	0	0	0	3.19493e-08
rs115394134	3	28329816	0.603	-0.0174	0.0335	0.0254	0.0254	49053	1411006	0.0335965875351613	A	C	FALSE	0	2.60605506935686e-10	0	0	0	0	0	4.54346e-08
rs115408641	3	29461008	0.8601	-0.0064	0.0363	0.0231	0.0231	49053	1411006	0.0335965875351613	T	C	FALSE	0	2.50823013815501e-10	0	0	0	0	0	3.12225e-08
rs115409215	3	27970530	0.9241	-0.005	0.052	0.9863	0.0137	49053	1411006	0.0335965875351613	A	G	FALSE	0	3.49658164793076e-10	0	0	0	0	0	3.00676e-08
rs115418997	3	29570209	0.5794	-0.023	0.0416	0.0244	0.0244	35345	1315724	0.0261607660304544	A	T	FALSE	0	3.26201158951463e-10	0	0	0	0	0	5.59127e-08
rs115421829	3	29605952	0.2017	-0.0398	0.0312	0.0267	0.0267	49053	1411006	0.0335965875351613	A	G	FALSE	0	4.71908218068206e-10	0	0	0	0	0	1.70196e-07
rs115423517	3	28265221	0.5582	0.0404	0.0689	0.9877	0.0123	29266	973619	0.0291818104767745	T	C	FALSE	0	5.25494577442667e-10	0	0	0	0	0	3.85852e-08
rs115426533	3	29604960	0.1173	0.0581	0.0371	0.0344	0.0344	49053	1411006	0.0335965875351613	T	G	FALSE	0	8.25703411759876e-10	0	0	0	0	0	1.14406e-07
rs115429255	3	28405162	0.755	0.0159	0.0511	0.9784	0.0216	35345	1315724	0.0261607660304544	C	G	FALSE	0	3.58416761974219e-10	0	0	0	0	0	3.04951e-08
rs115444398	3	29428333	0.06021	0.0655	0.0349	0.0313	0.0313	49053	1411006	0.0335965875351613	A	G	FALSE	0	1.31383578276113e-09	0	0	0	0	0	5.30618e-08
rs115454595	3	28812626	0.7186	-0.0089	0.0247	0.0558	0.0558	49053	1411006	0.0335965875351613	A	G	FALSE	0	1.80777118070906e-10	0	0	0	0	0	6.33513e-08
rs115457429	3	28872973	0.05364	-0.0688	0.0356	0.9665	0.0335	49053	1411006	0.0335965875351613	C	G	FALSE	0	1.48167473012497e-09	0	0	0	0	0	8.28582e-08
rs115464388	3	27775725	0.7654	-0.0109	0.0364	0.0199	0.0199	49053	1411006	0.0335965875351613	A	G	FALSE	0	2.58723974559255e-10	0	0	0	0	0	3.09929e-08
rs115464808	3	28619593	0.8368	0.0072	0.0351	0.9685	0.0315	56306	1417791	0.0381969436203995	T	G	FALSE	0	2.44088862421118e-10	0	0	0	0	0	3.1046e-08
rs115467933	3	29513796	0.4758	-0.0183	0.0256	0.0417	0.0417	49053	1411006	0.0335965875351613	T	C	FALSE	0	2.25865044354498e-10	0	0	0	0	0	3.03527e-08
rs115472176	3	29412644	0.4763	0.0496	0.0697	0.0122	0.0122	15558	878337	0.0174047287433088	T	C	FALSE	0	5.70639499154361e-10	0	0	0	0	0	5.22837e-08
rs1154965	3	29235099	0.2875	-0.0227	0.0214	0.9383	0.0617	49053	1411006	0.0335965875351613	A	C	FALSE	0	2.5672675751326e-10	0	0	0	0	0	3.06739e-08
rs1154966	3	29235459	0.7488	-0.0033	0.0103	0.4841	0.4841	49053	1411006	0.0335965875351613	T	C	FALSE	0	7.48957311972206e-11	0	0	0	0	0	3.68487e-08
rs115507992	3	28087121	0.281	0.0493	0.0457	0.986	0.014	49053	1411006	0.0335965875351613	A	G	FALSE	0	5.35790606602552e-10	0	0	0	0	0	1.26181e-07
rs115509823	3	28755206	0.3218	0.0265	0.0268	0.035	0.035	56306	1417791	0.0381969436203995	T	C	FALSE	0	2.97031343052109e-10	0	0	0	0	0	4.21682e-07
rs115514561	3	29342630	0.5882	0.0113	0.0208	0.9342	0.0658	49053	1411006	0.0335965875351613	A	G	FALSE	0	1.65613124652054e-10	0	0	0	0	0	3.33775e-08
rs115527552	3	29207034	0.1103	0.0649	0.0407	0.0269	0.0269	49053	1411006	0.0335965875351613	T	C	FALSE	0	9.35272106748824e-10	0	0	0	0	0	3.04521e-08
rs115551272	3	29105988	0.1979	0.2549	0.198	0.9873	0.0127	6634	4884	0.575968050008682	A	C	FALSE	0	1.4792329749983e-09	0	0	0	0	0	1.22536e-07
rs115554139	3	27775390	0.5031	0.0219	0.0326	0.9615	0.0385	49053	1411006	0.0335965875351613	A	G	FALSE	0	2.77298247592012e-10	0	0	0	0	0	4.48644e-08
rs115564711	3	29579891	0.08077	0.0576	0.033	0.969	0.031	50455	1411925	0.0345019762305283	A	G	FALSE	0	9.92372746314119e-10	0	0	0	0	0	1.13306e-07
rs115569664	3	28081879	0.8425	-0.0078	0.0392	0.9772	0.0228	49053	1411006	0.0335965875351613	T	C	FALSE	0	2.71233851708155e-10	0	0	0	0	0	3.09007e-08
rs115573344	3	27887025	0.4192	0.0532	0.0659	0.9859	0.0141	35345	1315724	0.0261607660304544	T	C	FALSE	0	5.80931022017022e-10	0	0	0	0	0	4.59693e-08
rs1156362	3	29228968	0.6961	0.004	0.0103	0.5161	0.4839	49053	1411006	0.0335965875351613	T	C	FALSE	0	7.67164774364203e-11	0	0	0	0	0	8.04791e-08
rs115637806	3	29590794	0.04043	-0.1151	0.0562	0.9826	0.0174	49053	1411006	0.0335965875351613	A	C	FALSE	0	2.61433392339385e-09	0	0	0	0	0	3.97982e-07
rs115641168	3	28899137	0.6663	0.0205	0.0476	0.022	0.022	49053	1411006	0.0335965875351613	A	G	FALSE	0	3.49722648695089e-10	0	0	0	0	0	8.32674e-08
rs1156575	3	28717267	0.3199	-0.0106	0.0106	0.6481	0.3519	49053	1411006	0.0335965875351613	A	T	FALSE	0	1.20559052086975e-10	0	0	0	0	0	4.74534e-08
rs115657986	3	28880497	0.7496	0.0132	0.0414	0.9602	0.0397999999999999	35345	1315724	0.0261607660304544	T	G	FALSE	0	2.94456893642677e-10	0	0	0	0	0	3.85863e-07
rs115679341	3	28031069	0.5598	0.0287	0.0492	0.0163	0.0163	30435	974587	0.0302829191798786	T	C	FALSE	0	3.88011473237298e-10	0	0	0	0	0	3.81202e-08
rs1156909	3	28126595	0.6745	-0.0049	0.0117	0.2423	0.2423	49053	1411006	0.0335965875351613	A	G	FALSE	0	8.81789679493473e-11	0	0	0	0	0	4.96857e-08
rs115691805	3	29344127	0.04083	0.0829	0.0405	0.0192	0.0192	49053	1411006	0.0335965875351613	A	T	FALSE	0	2.05432627997066e-09	0	0	0	0	0	2.20577e-06
rs1156964	3	28723346	0.8289	0.0024	0.011	0.7074	0.2926	49053	1411006	0.0335965875351613	T	C	FALSE	0	7.78048457034009e-11	0	0	0	0	0	6.1631e-08
rs1156965	3	28723446	0.7623	0.004	0.0131	0.1749	0.1749	49053	1411006	0.0335965875351613	C	G	FALSE	0	9.47250671206833e-11	0	0	0	0	0	4.66874e-05
rs1157055	3	28800256	0.9105	0.0012	0.0104	0.3661	0.3661	49053	1411006	0.0335965875351613	T	C	FALSE	0	7.23259706541582e-11	0	0	0	0	0	9.55044e-08
rs115710528	3	29285684	0.03756	0.0499	0.024	0.9478	0.0522	49053	1411006	0.0335965875351613	A	G	FALSE	0	1.38822008845113e-09	0	0	0	0	0	6.68952e-08
rs115710929	3	28304171	0.9366	-0.0026	0.0321	0.029	0.029	49053	1411006	0.0335965875351613	T	C	FALSE	0	2.19955590553207e-10	0	0	0	0	0	4.16485e-08
rs115725838	3	28509685	0.7843	-0.0139	0.0509	0.0223	0.0223	35345	1315724	0.0261607660304544	A	G	FALSE	0	3.53396812754515e-10	0	0	0	0	0	3.1079e-08
rs115727876	3	29148417	0.04701	0.0769	0.0387	0.9685	0.0315	49053	1411006	0.0335965875351613	C	G	FALSE	0	1.7625918067682e-09	0	0	0	0	0	4.00851e-08
rs115729375	3	28093260	0.6961	0.059	0.151	0.0106	0.0106	20342	100166	0.168802071231785	T	C	FALSE	0	8.75191480556415e-10	0	0	0	0	0	8.21585e-08
rs115738473	3	28246708	0.9055	0.0034	0.0283	0.9455	0.0545	49053	1411006	0.0335965875351613	A	G	FALSE	0	1.95217374604706e-10	0	0	0	0	0	5.33385e-08
rs115748856	3	28436597	0.7117	-0.0117	0.0318	0.0527	0.0527	35345	1315724	0.0261607660304544	A	G	FALSE	0	2.32081130999729e-10	0	0	0	0	0	4.56674e-08
rs115788942	3	27743030	0.2282	-0.0535	0.0444	0.0164	0.0164	47884	1410038	0.032844006743845	T	C	FALSE	0	5.98924058204874e-10	0	0	0	0	0	3.00131e-08
rs115807345	3	29338263	0.6227	-0.0099	0.0201	0.0678	0.0678	49053	1411006	0.0335965875351613	A	G	FALSE	0	1.56001783324326e-10	0	0	0	0	0	3.55023e-08
rs115807448	3	29329373	0.6017	0.0106	0.0202	0.9322	0.0678	49053	1411006	0.0335965875351613	A	C	FALSE	0	1.59331827694017e-10	0	0	0	0	0	3.35012e-08
rs115810212	3	29000319	0.9808	0.0011	0.0449	0.0142	0.0142	37688	981372	0.0369831020744608	T	C	FALSE	0	3.0314966869741e-10	0	0	0	0	0	3.54801e-08
rs115838148	3	27967260	0.696	0.0104	0.0267	0.0377	0.0377	49053	1411006	0.0335965875351613	T	C	FALSE	0	1.97245985981938e-10	0	0	0	0	0	3.92383e-08
rs1158458	3	28780182	0.9286	-9e-04	0.0103	0.3673	0.3673	49053	1411006	0.0335965875351613	A	G	FALSE	0	7.14298413720553e-11	0	0	0	0	0	9.60597e-08
rs115851804	3	27983741	0.3013	-0.0575	0.0557	0.018	0.018	35345	1315724	0.0261607660304544	T	C	FALSE	0	6.08625456429282e-10	0	0	0	0	0	3.17e-08
rs1158561	3	29298645	0.6021	-0.0096	0.0185	0.9148	0.0852000000000001	49053	1411006	0.0335965875351613	T	C	FALSE	0	1.45633878186708e-10	0	0	0	0	0	6.40499e-08
rs115859681	3	28143536	0.1892	0.0677	0.0516	0.9823	0.0177000000000001	49053	1411006	0.0335965875351613	C	G	FALSE	0	7.7461495070551e-10	0	0	0	0	0	1.00884e-06
rs115861581	3	27750827	0.9119	0.0053	0.0477	0.987	0.013	49053	1411006	0.0335965875351613	T	G	FALSE	0	3.22853657385976e-10	0	0	0	0	0	3.10766e-08
rs115872958	3	28051249	0.4678	0.0202	0.0278	0.9631	0.0369	49053	1411006	0.0335965875351613	A	C	FALSE	0	2.46790549353548e-10	0	0	0	0	0	1.46698e-07
rs115873366	3	27867012	0.8372	-0.009	0.0438	0.9681	0.0319	16727	879305	0.0186678600764258	C	G	FALSE	0	3.02005177060368e-10	0	0	0	0	0	3.01093e-08
rs115896836	3	28399382	0.6641	0.0115	0.0264	0.0381	0.0381	49053	1411006	0.0335965875351613	A	G	FALSE	0	1.98753891270365e-10	0	0	0	0	0	6.29195e-08
rs1159028	3	28035785	0.4048	0.0094	0.0112	0.7183	0.2817	49053	1411006	0.0335965875351613	T	C	FALSE	0	1.09896193771289e-10	0	0	0	0	0	5.35388e-08
rs115914064	3	29311870	0.7287	0.0061	0.0176	0.0967	0.0967	49053	1411006	0.0335965875351613	T	G	FALSE	0	1.2873186603813e-10	0	0	0	0	0	5.26062e-08
rs115935507	3	29032385	0.1954	0.0543	0.0419	0.0155	0.0155	49053	1411006	0.0335965875351613	T	C	FALSE	0	6.34174839898842e-10	0	0	0	0	0	4.99721e-07
rs115944578	3	27734566	0.2279	-0.0503	0.0417	0.0169	0.0169	49053	1411006	0.0335965875351613	A	G	FALSE	0	5.67083124460417e-10	0	0	0	0	0	3.02901e-08
rs115953847	3	28203341	0.6697	-0.0164	0.0386	0.0345	0.0345	49053	1411006	0.0335965875351613	T	C	FALSE	0	2.86022719466414e-10	0	0	0	0	0	4.69153e-08
rs115957090	3	28196145	0.7231	0.0263	0.0743	0.0124	0.0124	15558	878337	0.0174047287433088	C	G	FALSE	0	5.09081509422968e-10	0	0	0	0	0	3.22287e-08
rs1159654	3	28045805	0.7303	0.0069	0.0201	0.9276	0.0724	49053	1411006	0.0335965875351613	C	G	FALSE	0	1.4665992122283e-10	0	0	0	0	0	3.28824e-08
rs115969256	3	28391547	0.1796	-0.0773	0.0576	0.0185	0.0185	49053	1411006	0.0335965875351613	T	C	FALSE	0	8.79452824866707e-10	0	0	0	0	0	8.43187e-08
rs115978413	3	28616570	0.9063	0.0034	0.0292	0.9329	0.0671	35345	1315724	0.0261607660304544	A	G	FALSE	0	2.0120996445276e-10	0	0	0	0	0	8.02861e-08
rs115978578	3	29012277	0.6294	0.0208	0.0432	0.0143	0.0143	56306	1417791	0.0381969436203995	T	C	FALSE	0	3.26318663563164e-10	0	0	0	0	0	5.12592e-08
rs115991597	3	27769884	0.8328	0.0073	0.0347	0.0295	0.0295	49053	1411006	0.0335965875351613	C	G	FALSE	0	2.41647855841366e-10	0	0	0	0	0	7.04718e-08
rs115995900	3	28377006	0.5626	-0.0227	0.0392	0.0266	0.0266	56306	1417791	0.0381969436203995	A	G	FALSE	0	3.12743144327699e-10	0	0	0	0	0	3.09941e-08
rs116061381	3	29093578	0.7868	0.0052	0.0193	0.0741	0.0741	49053	1411006	0.0335965875351613	A	T	FALSE	0	1.37761055031799e-10	0	0	0	0	0	3.13173e-08
rs116062512	3	29168764	0.5667	0.08	0.1397	0.9878	0.0122	25252	441303	0.0541243797623003	A	G	FALSE	0	8.84570954122145e-10	0	0	0	0	0	5.21266e-08
rs116074166	3	28992331	0.7622	-0.0114	0.0377	0.9588	0.0412	35345	1315724	0.0261607660304544	A	G	FALSE	0	2.67853819067923e-10	0	0	0	0	0	3.87555e-08
rs116077963	3	28885191	0.6791	0.0218	0.0528	0.9805	0.0195	49053	1411006	0.0335965875351613	T	C	FALSE	0	3.82448395322825e-10	0	0	0	0	0	6.65179e-08
rs116081646	3	28166228	0.5521	0.0279	0.047	0.9834	0.0165999999999999	47884	1410038	0.032844006743845	A	G	FALSE	0	3.74027403165398e-10	0	0	0	0	0	3.97103e-08
rs116087708	3	29072643	0.8549	0.0035	0.0192	0.0748	0.0748	49053	1411006	0.0335965875351613	T	C	FALSE	0	1.34407411247232e-10	0	0	0	0	0	3.07018e-08
rs116119735	3	28557092	0.6888	0.0167	0.0416	0.9775	0.0225	42598	1322509	0.0312048799105125	C	G	FALSE	0	3.04371267828539e-10	0	0	0	0	0	3.46402e-08
rs116129839	3	28887926	0.7859	-0.0085	0.0314	0.9536	0.0464	49053	1411006	0.0335965875351613	T	G	FALSE	0	2.2240046227545e-10	0	0	0	0	0	4.31034e-08
rs116138383	3	28425049	0.002173	0.181	0.059	0.015	0.015	35345	1315724	0.0261607660304544	A	T	FALSE	0	2.96988671933169e-08	0	0	0	0	0	3.21745e-05
rs116166751	3	27756233	0.6609	-0.0166	0.0377	0.9807	0.0193	49053	1411006	0.0335965875351613	T	C	FALSE	0	2.81435953765974e-10	0	0	0	0	0	3.03704e-08
rs116168696	3	28014995	0.2941	-0.0253	0.0241	0.9378	0.0622	49053	1411006	0.0335965875351613	T	C	FALSE	0	2.8492850164393e-10	0	0	0	0	0	1.99021e-07
rs116172643	3	27910867	0.939	0.0039	0.0504	0.9809	0.0191	49053	1411006	0.0335965875351613	A	G	FALSE	0	3.39037437972595e-10	0	0	0	0	0	3.10621e-08
rs116211084	3	29480119	0.448	0.0184	0.0242	0.0518	0.0518	49053	1411006	0.0335965875351613	A	G	FALSE	0	2.20976056473053e-10	0	0	0	0	0	4.11212e-08
rs116212717	3	29346461	0.7097	0.0232	0.0624	0.0125	0.0125	47884	1410038	0.032844006743845	A	T	FALSE	0	4.38865176665391e-10	0	0	0	0	0	3.25941e-08
rs116218948	3	29435337	0.4417	-0.013	0.0169	0.0997	0.0997	49053	1411006	0.0335965875351613	T	C	FALSE	0	1.56273149562258e-10	0	0	0	0	0	3.00074e-08
rs116238449	3	29057691	0.8449	0.0213	0.1091	0.9894	0.0106000000000001	13110	306926	0.0409641415340774	A	G	FALSE	0	6.72360378203942e-10	0	0	0	0	0	3.65531e-08
rs116244722	3	29700128	0.3256	-0.0497	0.0506	0.0216	0.0216	49053	1411006	0.0335965875351613	T	G	FALSE	0	5.33986944197033e-10	0	0	0	0	0	4.67336e-08
rs116260182	3	29589270	0.01259	0.134	0.0537	0.0166	0.0166	49053	1411006	0.0335965875351613	C	G	FALSE	0	6.54666377529118e-09	0	0	0	0	0	8.73823e-07
rs116285738	3	29548267	0.1163	-0.0563	0.0358	0.9776	0.0224	49053	1411006	0.0335965875351613	A	G	FALSE	0	8.07911270819288e-10	0	0	0	0	0	7.45931e-08
rs116339945	3	28292730	0.324	-0.0395	0.0401	0.028	0.028	49053	1411006	0.0335965875351613	A	G	FALSE	0	4.33615610635758e-10	0	0	0	0	0	5.99551e-08
rs116346198	3	28084403	0.2829	0.0493	0.0459	0.9862	0.0138	49053	1411006	0.0335965875351613	C	G	FALSE	0	5.35309689742477e-10	0	0	0	0	0	1.3623e-07
rs116357547	3	27725548	0.5918	-0.0226	0.0422	0.0161	0.0161	49053	1411006	0.0335965875351613	A	C	FALSE	0	3.27674805529609e-10	0	0	0	0	0	3.26911e-08
rs116366412	3	29016277	0.9508	0.0027	0.0444	0.0149	0.0149	37688	981372	0.0369831020744608	T	C	FALSE	0	3.00376406318038e-10	0	0	0	0	0	3.82885e-08
rs116375996	3	27739252	0.2379	-0.0494	0.0419	0.0169	0.0169	49053	1411006	0.0335965875351613	A	T	FALSE	0	5.52080119170798e-10	0	0	0	0	0	3.02091e-08
rs116393478	3	28058859	0.3841	-0.0253	0.0291	0.035	0.035	49053	1411006	0.0335965875351613	A	C	FALSE	0	2.8843189646228e-10	0	0	0	0	0	3.0388e-08
rs116402136	3	29410739	0.07692	-0.1013	0.0573	0.9827	0.0173	35345	1315724	0.0261607660304544	A	C	FALSE	0	1.61504699672045e-09	0	0	0	0	0	1.05446e-07
rs116408987	3	29033299	0.436	0.0423	0.0543	0.9881	0.0119	49053	1411006	0.0335965875351613	T	C	FALSE	0	4.80893652583139e-10	0	0	0	0	0	3.28604e-08
rs116421455	3	27934154	0.2208	0.0753	0.0615	0.9841	0.0159	35345	1315724	0.0261607660304544	A	G	FALSE	0	8.06548381978692e-10	0	0	0	0	0	1.41636e-07
rs116446188	3	28315391	0.7603	-0.0048	0.0156	0.8812	0.1188	49053	1411006	0.0335965875351613	A	G	FALSE	0	1.1277311154517e-10	0	0	0	0	0	8.9837e-08
rs116451277	3	28632509	0.1508	0.0778	0.0542	0.9787	0.0213	49053	1411006	0.0335965875351613	A	G	FALSE	0	9.4489373109913e-10	0	0	0	0	0	7.77304e-08
rs116464489	3	28964467	0.7517	0.0146	0.0463	0.9864	0.0135999999999999	37688	981372	0.0369831020744608	A	C	FALSE	0	3.27116714843703e-10	0	0	0	0	0	4.6035e-08
rs116468290	3	27814410	0.9037	0.0042	0.0349	0.9794	0.0206	49053	1411006	0.0335965875351613	T	C	FALSE	0	2.39512361925766e-10	0	0	0	0	0	3.01496e-08
rs116469282	3	27710045	0.3545	0.0315	0.034	0.052	0.052	35345	1315724	0.0261607660304544	C	G	FALSE	0	3.51891647771914e-10	0	0	0	0	0	3.03136e-08
rs116471345	3	27741868	0.2461	-0.049	0.0422	0.0169	0.0169	49053	1411006	0.0335965875351613	T	C	FALSE	0	5.44635420091989e-10	0	0	0	0	0	3.01584e-08
rs116487617	3	29337766	0.7861	0.0056	0.0207	0.9349	0.0651000000000001	49053	1411006	0.0335965875351613	A	T	FALSE	0	1.47687805236175e-10	0	0	0	0	0	3.05914e-08
rs116544315	3	29316787	0.5901	-0.0225	0.0418	0.9798	0.0202	49053	1411006	0.0335965875351613	A	G	FALSE	0	3.25192153205309e-10	0	0	0	0	0	3.7559e-08
rs116548005	3	27803298	0.8465	0.0068	0.0351	0.9796	0.0204	49053	1411006	0.0335965875351613	T	G	FALSE	0	2.43551288034318e-10	0	0	0	0	0	3.03987e-08
rs116571985	3	29495265	0.9815	7e-04	0.0308	0.0286	0.0286	49053	1411006	0.0335965875351613	A	C	FALSE	0	2.10636981847893e-10	0	0	0	0	0	3.94711e-08
rs116593539	3	27939823	0.6264	0.0151	0.031	0.034	0.034	49053	1411006	0.0335965875351613	A	G	FALSE	0	2.37948413035874e-10	0	0	0	0	0	3.44337e-08
rs116601986	3	29477256	0.03901	0.1149	0.0557	0.0114	0.0114	28880	973126	0.0288221827015008	T	C	FALSE	0	2.67370124869047e-09	0	0	0	0	0	1.61632e-07
rs116607552	3	28090693	0.6626	0.0235	0.0538	0.9806	0.0194	35345	1315724	0.0261607660304544	T	C	FALSE	0	3.92835904682757e-10	0	0	0	0	0	4.08494e-08
rs116623975	3	28065444	0.3834	0.0242	0.0278	0.9633	0.0367	49053	1411006	0.0335965875351613	T	C	FALSE	0	2.76238041501511e-10	0	0	0	0	0	1.75141e-07
rs116637435	3	28440570	0.7241	0.0112	0.0318	0.9473	0.0527	35345	1315724	0.0261607660304544	C	G	FALSE	0	2.30803163855532e-10	0	0	0	0	0	1.15493e-07
rs116638617	3	28561869	0.3339	0.0476	0.0493	0.9711	0.0289	35345	1315724	0.0261607660304544	T	C	FALSE	0	5.13849846520809e-10	0	0	0	0	0	9.2792e-08
rs116650468	3	29219082	0.7072	0.0207	0.0551	0.0178	0.0178	30435	974587	0.0302829191798786	A	G	FALSE	0	3.92387277018615e-10	0	0	0	0	0	4.69001e-08
rs116671965	3	28683964	0.09638	-0.0461	0.0277	0.0389	0.0389	49053	1411006	0.0335965875351613	A	G	FALSE	0	7.38658957269922e-10	0	0	0	0	0	0.189522
rs116681721	3	28989171	0.6648	-0.0188	0.0434	0.9861	0.0139	56306	1417791	0.0381969436203995	A	G	FALSE	0	3.20904728096469e-10	0	0	0	0	0	3.06917e-08
rs116684903	3	29001283	0.6559	-0.0191	0.0428	0.9856	0.0144	56306	1417791	0.0381969436203995	A	G	FALSE	0	3.18445721411555e-10	0	0	0	0	0	3.04591e-08
rs116690235	3	29559307	0.3973	-0.0761	0.0899	0.0112	0.0112	15558	878337	0.0174047287433088	A	G	FALSE	0	7.64198846852829e-10	0	0	0	0	0	4.10252e-08
rs116753621	3	29571564	0.5595	-0.0315	0.054	0.0163	0.0163	49053	1411006	0.0335965875351613	A	C	FALSE	0	4.22618008489745e-10	0	0	0	0	0	3.50719e-08
rs6765744	3	28691680	1.442e-08	-0.053	0.0094	0.5286	0.4714	56306	1417791	0.0381969436203995	T	G	FALSE	0	0.000501874946485991	0	0	2	1	0	1
rs6808178	3	28705690	8.091e-12	0.0658	0.0096	0.3794	0.3794	56306	1417791	0.0381969436203995	T	C	TRUE	1	0.999484482222647	0	0	1	1	0	1
