snp	V.df1	z.df1	r.df1	lABF.df1	V.df2	z.df2	r.df2	lABF.df2	internal.sum.lABF	SNP.PP.H4
rs1035812	0.00017161	-2.29007633587786	0.995728077615012	-0.116822801697968	0.000274360418796395	-2.24847457972394	0.989489664380863	0.223552661451797	0.106729859753829	3.14051080076056e-34
rs1035813	0.00017161	-2.29007633587786	0.995728077615012	-0.116822801697968	0.000274090203054063	-2.25413631198326	0.989499907247818	0.235703491506227	0.118880689808259	3.17890339234835e-34
rs10459264	0.000324	-5.32222222222222	0.991965082829084	11.6372466668826	0.000742740335506446	1.4797972686827	0.97204826915227	-0.724342448657891	10.9129042182247	1.54903840662581e-29
rs10459265	8.649e-05	3.73118279569893	0.997842415237652	3.87646095229808	0.000234711213349482	1.02136184545113	0.990994888019487	-1.83808839930376	2.03837255299432	2.16721528000388e-33
rs10467144	8.836e-05	-3.82978723404255	0.997795868925543	4.25875987679569	0.000260818529514297	2.48129664807362	0.99000324781297	0.74489485069412	5.00365472748981	4.20443593882759e-32
rs10506147	0.00093636	-6.09150326797386	0.977126447002127	16.2399413270452	0.000626406333152844	4.52070746382505	0.976322635326105	8.10483536909236	24.3447766961376	1.05548067105292e-23
rs10506148	0.00094864	1.23051948051948	0.976833418643452	-1.14297231893567	0.00119988859607753	0.870953561351013	0.955608014088848	-1.1949051034209	-2.33787742235657	2.72471346730854e-35
rs10506151	0.00017161	0.519083969465649	0.995728077615012	-2.59369712004944	0.00101376552751513	1.02873114844747	0.962233908477826	-1.12901162291773	-3.72270874296717	6.82175687754417e-36
rs10506153	0.00016129	-7.94488188976378	0.995983943742843	28.6750976357523	0.000536374800741536	0.397280235442717	0.979656482457658	-1.87018611514154	26.8049115206107	1.23558680998783e-22
rs10506154	0.00088804	-6.98657718120805	0.978281179533184	21.9612699451762	0.000556600411389318	3.44218486821614	0.978905551315416	3.86997542009458	25.8312453652707	4.66675955164881e-23
rs10506155	1e-04	-5.64	0.997506234413965	12.868156443454	0.000367990664113885	-3.57365077787776	0.985953213785017	4.16311350477527	17.0312699482292	7.03452310677613e-27
rs10732751	0.00017161	2.27480916030534	0.995728077615012	-0.151520394519702	0.000276347986634822	-2.19973595950361	0.989414329642597	0.119680949474646	-0.0318394450450557	2.73413784899584e-34
rs10735931	8.836e-05	-3.74468085106383	0.997795868925543	3.93715251659877	0.000261727330629786	2.52925238767845	0.989968764353599	0.865447578262744	4.80260009486151	3.43867255318768e-32
rs10735934	8.649e-05	3.73118279569893	0.997842415237652	3.87646095229808	0.000232776215063073	1.10816275672968	0.991068464586646	-1.75055520537038	2.1259057469277	2.36546887065574e-33
rs10748014	8.836e-05	0.25531914893617	0.997795868925543	-3.02618886654119	0.000311786569912598	-5.76653054098535	0.988073024913909	14.2136578221987	11.1874689556575	2.03846911644458e-29
rs10748029	8.836e-05	3.85106382978723	0.997795868925543	4.34029095617145	0.000259966232172114	2.4859512438351	0.990035589481761	0.754819254958527	5.09511021112998	4.60708634301792e-32
rs10748030	8.836e-05	3.79787234042553	0.997795868925543	4.13731018722694	0.000261391300108021	2.52747571728148	0.989981514382476	0.860405373558612	4.99771556078555	4.17953909931329e-32
rs10748033	8.836e-05	3.79787234042553	0.997795868925543	4.13731018722694	0.000261599080478089	2.52980635633786	0.98997363051905	0.866607763723571	5.00391795095051	4.20554279067402e-32
rs10748034	8.836e-05	3.80851063829787	0.997795868925543	4.17768049315053	0.000261848183574484	2.52934162788748	0.989964178902419	0.865884867603981	5.04356536075452	4.37563117118753e-32
rs10748040	0.00017424	2.37878787878788	0.995662892440529	0.0967710318136605	0.000275115720645953	-2.23344958828837	0.989461034840764	0.19152482577266	0.288295857586321	3.76576662703971e-34
rs10784428	8.836e-05	0.191489361702128	0.997795868925543	-3.04041728205552	0.00027909737917482	-5.6243723711143	0.989310138387267	13.3784733209387	10.3380560388831	8.71783798120973e-30
rs10784444	9.604e-05	5.19387755102041	0.997604750992866	10.4387404109614	0.000286558936228754	-2.53106658567948	0.989027485029115	0.911821543878561	11.3505619548399	2.39957608909015e-29
rs10784451	0.000144	-2.24166666666667	0.996412913511359	-0.311685441647215	0.000550661653313592	-1.85828928360681	0.979125924546854	-0.244045705028346	-0.555731146675561	1.61918746023676e-34
rs10784452	0.00010609	-4.6504854368932	0.997354765822348	7.8174052992165	0.000363771537676374	-1.84743475202288	0.986112027852305	-0.45555841155088	7.36184688766562	4.4448548378057e-31
rs10784461	8.836e-05	-5.97872340425532	0.997795868925543	14.7744623333467	0.000283347303344159	-0.597458153394076	0.989149126004375	-2.08521334591383	12.6892489874328	9.15206122857409e-29
rs10784470	1e-04	0.44	0.997506234413965	-2.900422110162	0.000400239179670648	-1.64362486910185	0.984741020344955	-0.761153291973442	-3.66157540213544	7.25180487521946e-36
rs10784485	0.00037249	4.99481865284974	0.990773667910996	10.0161695868219	0.000507583611193224	0.91837393998661	0.980727423616155	-1.56095805482449	8.45521153199741	1.32647727428248e-30
rs10784486	1e-04	-3.25	0.997506234413965	2.27109908684548	0.000296475137683201	2.08446839696409	0.988652096447303	-0.0915102502786276	2.17958883656685	2.49592486005742e-33
rs10784497	0.00034225	5.08648648648649	0.991516338330162	10.4416197179127	0.000524545347070363	0.779674178651769	0.980096217506707	-1.66052650603946	8.78109321187323	1.83750457561914e-30
rs10784498	9.409e-05	2.88659793814433	0.997653270095418	1.12908060126853	0.000240699856452399	3.3952767946073	0.990767244468755	3.36823622679674	4.49731682806527	2.53400801382772e-32
rs10784499	9.409e-05	2.96907216494845	0.997653270095418	1.36998486629742	0.000240537472901813	3.74917873988766	0.990773415700895	4.62049142116405	5.99047628746147	1.1279215590594e-31
rs10784501	8.836e-05	-3.81914893617021	0.997795868925543	4.21816372300678	0.000261807408969623	2.47508209727706	0.989965725984177	0.731406233060842	4.94956995606763	3.98307993251275e-32
rs10784504	8.836e-05	-3.82978723404255	0.997795868925543	4.25875987679569	0.000260777231124985	2.48147759741918	0.990004814892022	0.745265806747549	5.00402568354323	4.20599588910897e-32
rs10784506	8.836e-05	3.88297872340426	0.997795868925543	4.46343450472999	0.000259705197322146	2.55209587142185	0.990045495253502	0.919313815507948	5.38274832023794	6.1425117393989e-32
rs10784509	8.836e-05	3.79787234042553	0.997795868925543	4.13731018722694	0.000260459432869087	2.5035153899464	0.990016874002615	0.799080081213468	4.93639026844041	3.93092860720282e-32
rs10784518	0.00017161	-2.29007633587786	0.995728077615012	-0.116822801697968	0.000274090203054063	-2.25413631198326	0.989499907247818	0.235703491506227	0.118880689808259	3.17890339234835e-34
rs10784522	1e-04	2.29	0.997506234413965	-0.381469491708134	0.000335368673848948	0.0390702291800348	0.987182486005718	-2.17771792270151	-2.55918741440965	2.18377117910565e-35
rs10784528	0.00020449	-0.692307692307692	0.994913752170467	-2.40218136598675	0.000529665327190241	0.312152782986314	0.979905844573793	-1.90592244136639	-4.30810380735313	3.79893962208781e-36
rs10784536	0.00017689	2.32330827067669	0.995597220193001	-0.0257614985880332	0.0002750362764682	-2.2067300148368	0.989464046075792	0.13269459254969	0.106933093961657	3.14114912484778e-34
rs10784548	9.801e-05	-0.595959595959596	0.997555739050392	-2.82985637735629	0.000247121671711733	-0.229191246602765	0.990523251120247	-2.30344156990036	-5.13329794725665	1.66450509843136e-36
rs10878220	8.649e-05	0.258064516129032	0.997842415237652	-3.03615612165114	0.000307152517141641	-5.88021703289649	0.988248211124993	14.8634307523312	11.8272746306801	3.86516653100864e-29
rs10878222	8.649e-05	0.268817204301075	0.997842415237652	-3.03332953601427	0.000308064597243559	-5.86487621103416	0.988213725844339	14.7752717713714	11.7419422353571	3.54902306523916e-29
rs10878224	8.836e-05	0.170212765957447	0.997795868925543	-3.04425669576574	0.000308124832086049	-5.72804027981884	0.988211448480572	13.991515696005	10.9472590002393	1.60317996926053e-29
rs10878244	0.00013689	8.46153846153846	0.99658942185107	32.8362851780442	0.000686297367216805	1.81370157947749	0.974117423331179	-0.224906458011183	32.6113787200331	4.10761685808499e-20
rs10878245	9.216e-05	-5.29166666666667	0.997701296213524	10.9309792641372	0.000277121344495769	-2.56331067805048	0.989385020177275	0.977663084201179	11.9086423483383	4.19281558550455e-29
rs10878246	0.00013225	-8.28695652173913	0.996704645266587	31.3660514510855	0.000671343478547875	1.37828000233496	0.974667097875454	-0.912059638816381	30.4539918122691	4.74950881667591e-21
rs10878247	0.00010816	-7.80769230769231	0.997303291898706	27.439972107302	0.000370251140460656	-0.124056888961973	0.985868147204797	-2.12207567252503	25.317896434777	2.79299923811716e-23
rs10878249	8.836e-05	1.56382978723404	0.997795868925543	-1.83862432879159	0.000358173222616716	-3.82226746601652	0.986322835588734	5.05894062690009	3.2203162981085	7.06665192874007e-33
rs10878258	0.00010816	5.49038461538462	0.997303291898706	12.0736546563167	0.000445868999724572	-1.06377115477088	0.983030919080363	-1.48197782823964	10.591676828077	1.12345298565579e-29
rs10878262	9.216e-05	1.33333333333333	0.997701296213524	-2.15085934637091	0.000371147652680587	-2.24511187922389	0.985834413589482	0.356092788247692	-1.79476655812322	4.69019489582793e-35
rs10878278	0.00015876	-2.78571428571429	0.996046690684673	1.09816167253393	0.000561110203913802	-1.61916127222813	0.978738269863677	-0.642452412627877	0.45570925990605	4.45205088144336e-34
rs10878284	0.00014884	-3.00819672131148	0.996292794511622	1.70911158511813	0.000462180997364296	-1.5328274302724	0.982421023002956	-0.866397254348684	0.84271433076945	6.55592966908729e-34
rs10878307	0.00033489	0.628415300546448	0.991697262593254	-2.19977150981308	0.00197676167056897	-2.95300731585735	0.928909498150316	2.7282617810554	0.528490271242321	4.78815841783409e-34
rs10878336	0.00033856	4.98913043478261	0.991607038030113	9.95107397391639	0.000517386810443493	0.734621658612477	0.980362512821665	-1.70062184485815	8.25045212905824	1.08087117492111e-30
rs10878340	8.836e-05	-5.20212765957447	0.997795868925543	10.4425308908628	0.000260308994268849	-2.37431260611579	0.990022582618829	0.486841526407532	10.9293724172704	1.57475948808285e-29
rs10878341	1e-04	2.88	0.997506234413965	1.13987714170832	0.000243830304623544	3.41790181249406	0.990648289793152	3.45030479243036	4.59018193413868	2.7806017204547e-32
rs10878343	0.00013225	-1.39130434782609	0.996704645266587	-1.89294629009023	0.000470312768648188	-2.45425222216803	0.982117263402769	0.945860225063585	-0.947086065026641	1.09479763427831e-34
rs10878356	0.00012996	-1.30701754385965	0.996761521815621	-2.01494458568929	0.000473539770541988	-2.51767041788039	0.981996771880726	1.10367185795223	-0.911272727737067	1.13471653926457e-34
rs10878358	8.836e-05	3.88297872340426	0.997795868925543	4.46343450472999	0.000259081469300892	2.55252082010569	0.990069165337955	0.9192743995416	5.38270890427159	6.14226963113443e-32
rs10878371	8.836e-05	-3.80851063829787	0.997795868925543	4.17768049315053	0.000263008584031546	2.52806641809458	0.98992015268215	0.864740569443506	5.04242106259404	4.37062700816077e-32
rs10878372	0.00012996	1.28070175438597	0.996761521815621	-2.04888325708075	0.000471254604536691	-2.40151145553575	0.98208209357531	0.820982693859784	-1.22790056322097	8.26756586112543e-35
rs10878377	9.801e-05	-1.66666666666667	0.997555739050392	-1.62151215390906	0.000292382783451931	2.07328696868318	0.988806982424452	-0.121029834212711	-1.74254198812177	4.94164715203473e-35
rs10878386	0.00032041	5.37430167597765	0.992053404218856	11.9092921955559	0.000721381607169829	1.52594750960702	0.97283022844485	-0.670199851944765	11.2390923436111	2.14646538216256e-29
rs10878405	0.00010201	2.27722772277228	0.997456237231002	-0.400768073203538	0.00037415340551822	0.0275682702794964	0.985721331126232	-2.1241196924682	-2.52488776567174	2.25997314316865e-35
rs10878434	0.00012996	-0.149122807017544	0.996761521815621	-2.8552430800731	0.0003053170484569	0.611394756817286	0.988317616549973	-2.04011831381225	-4.89536139388535	2.1116389392618e-36
rs10878441	9.801e-05	-0.494949494949495	0.997555739050392	-2.8848181260643	0.000247215211529812	-0.224172972871808	0.990519698014141	-2.30438100248509	-5.18919912854938	1.57401024642877e-36
rs11175593	0.00093636	6.09150326797386	0.977126447002127	16.2399413270452	0.000580811997632358	4.85440404582939	0.978008142419313	9.61495613201759	25.8548974590628	4.77845388168523e-23
rs11175645	0.000196	-9.02142857142857	0.995123892924669	37.8329588325806	0.000914669893706557	3.70696402431454	0.965799289292853	4.94805077160504	42.7810096041857	1.07202398839927e-15
rs11175655	0.00019321	8.98561151079137	0.995192969160712	37.5077065207502	0.000916524543297425	3.73142675971352	0.965732317892552	5.03643272246593	42.5441392432161	8.45927245472706e-16
rs11175656	8.836e-05	0.234042553191489	0.997795868925543	-3.03138336744325	0.000314420951774341	-5.6404128722843	0.987973462156814	13.5055012078097	10.4741178403664	9.98848641056659e-30
rs11175658	0.000196	-8.94285714285714	0.995123892924669	37.1306602994745	0.000917390693045884	3.74591306390225	0.965701044405051	5.08897300212992	42.2196333016044	6.1150761989395e-16
rs11175666	0.000196	8.97142857142857	0.995123892924669	37.3853307814597	0.000925948217554064	3.86823959564962	0.965392172440185	5.5408778235248	42.9262086049845	1.23954879752472e-15
rs11175729	0.00014641	-3.17355371900826	0.996353098570956	2.21041812566429	0.000605894486090055	-1.19052181876248	0.977080186891121	-1.19544827931965	1.01496984634464	7.78832212747135e-34
rs11175766	0.00024025	3.98064516129032	0.994029609656998	5.3149944479794	0.000811475328016032	-0.612554346897695	0.96954033881442	-1.56377919356907	3.75121525441033	1.20165607845701e-32
rs11175769	8.836e-05	-6	0.997795868925543	14.9016146815144	0.000283322175411057	-0.598021823662843	0.989150077845781	-2.08492376546643	12.816690916048	1.03959993412687e-28
rs11175775	1e-04	-0.05	0.997506234413965	-2.99573383086025	0.000395051017498886	-1.77826265730813	0.984935837580711	-0.54042739704855	-3.5361612279088	8.22077560467602e-36
rs11175780	0.00024649	-4.01273885350319	0.993875490757082	5.45399958073851	0.000808081374789455	-0.65487438766037	0.969663870058408	-1.53978268632198	3.91421689441653	1.41439561234674e-32
rs11175784	8.836e-05	6.12765957446809	0.997795868925543	15.6740143808637	0.000285886554471173	-0.519443894446801	0.989052949091526	-2.12390848883467	13.5501058920291	2.1646332258335e-28
rs11175793	0.00034596	-5.12903225806452	0.991425163758651	10.6612352724251	0.000492188111049701	0.823668885634589	0.981301048852387	-1.65677167471089	9.00446359771424	2.29740179047126e-30
rs11175836	0.00010201	0.336633663366337	0.997456237231002	-2.93053846528671	0.000405054349458386	-1.6389111695563	0.984560278042731	-0.763126737208027	-3.69366520249474	7.02279007621482e-36
rs11175845	8.836e-05	-6.09574468085106	0.997795868925543	15.4793899829356	0.000289611266481864	-0.318343022683551	0.988911905385154	-2.20083235809244	13.2785576248431	1.64988018350205e-28
rs11175847	8.649e-05	6.2258064516129	0.997842415237652	16.2691353510919	0.000289747712103771	-0.31468001724883	0.988906739361242	-2.20174624255073	14.0673891085412	3.6310946268441e-28
rs11175852	0.00034225	-4.92972972972973	0.991516338330162	9.66322507258255	0.000516304324113733	0.674065818955889	0.980402793569223	-1.74345390151813	7.91977117106442	7.76534972654161e-31
rs11175902	0.00034969	5.16577540106952	0.991333514582144	10.8528381734199	0.00076073393491209	1.2764912804869	0.971390484723173	-0.985601563755351	9.86723660966455	5.44420554338893e-30
rs11175911	8.649e-05	-6.23655913978495	0.997842415237652	16.3359927542171	0.000278894753720597	-0.400757647543234	0.989317816352767	-2.19014347155663	14.1458492826605	3.92746557909377e-28
rs11175913	0.00034596	-5	0.991425163758651	10.0133528553175	0.000524081619915683	0.775408240069749	0.980113463628984	-1.66420566979737	8.34914718552012	1.19298958845494e-30
rs11175922	8.649e-05	6.24731182795699	0.997842415237652	16.4029655281847	0.00027886672050705	-0.391964494366623	0.989318878607995	-2.19364114669675	14.2093243814879	4.18484399414223e-28
rs11175935	0.00014641	-2.96694214876033	0.996353098570956	1.57838278634472	0.000523344755294349	-2.37048367882616	0.980140869046567	0.794254602265258	2.37263738860998	3.02741130011606e-33
rs11175941	0.00033124	-5.14835164835165	0.991787011755651	10.7428983433911	0.00076213508668869	1.46109210894581	0.971339300766796	-0.739311443482487	10.0035868999086	6.23951297383217e-30
rs11175958	0.00012996	-1.34210526315789	0.996761521815621	-1.96861925795948	0.000470189643379332	-2.45370629101368	0.982121861305506	0.944429746590103	-1.02418951136938	1.01355716712529e-34
rs11175963	0.00034596	-5.26881720430108	0.991425163758651	11.3817350835946	0.000770643420196952	1.46064679374331	0.971028607847509	-0.734883752704521	10.6468513308901	1.18718085634833e-29
rs11175964	0.00034596	-5.26344086021505	0.991425163758651	11.3536653371528	0.000770360818986703	1.46418447610348	0.971038924208874	-0.730027093351539	10.6236382438013	1.15994011776407e-29
rs11175966	0.00012996	-1.32456140350877	0.996761521815621	-1.99193531694932	0.000469656522533448	-2.45112180943273	0.982141770289138	0.937707542642426	-1.05422777430689	9.83564391049967e-35
rs11175985	0.00019321	-2.10791366906475	0.995192969160712	-0.457867359333711	0.000996344650054415	-2.41611787997712	0.962858789229309	1.1638905016785	0.706023142344785	5.71834109334604e-34
rs11176013	8.836e-05	-3.76595744680851	0.997795868925543	4.01687681305208	0.000261169553833455	2.52124335581478	0.989989928296283	0.844436916849152	4.86131372990123	3.64661429334255e-32
rs11176022	0.00034596	5.20967741935484	0.991425163758651	11.0745440198037	0.000749586784840195	1.57296029670644	0.971797881422344	-0.581965939625411	10.4925780801783	1.01745887267841e-29
rs11176052	0.00011236	5.70754716981132	0.997198868378724	13.3035564868398	0.000262045037562145	3.928216564485	0.989956709879957	5.33752900081886	18.6410854876586	3.5185900171162e-26
rs11176053	0.00011236	5.70754716981132	0.997198868378724	13.3035564868398	0.000262024991962434	3.92690226755978	0.989957470443772	5.33238686326099	18.6359433501007	3.50054338214329e-26
rs11176143	0.00027556	-1.80722891566265	0.993158133617509	-0.870482213014952	0.0011843251599158	-0.424472404008217	0.956158566992436	-1.47744916897833	-2.34793138199328	2.69745655761997e-35
rs11176153	0.000144	3.24166666666667	0.996412913511359	2.42014662956309	0.000516728960768899	-2.3396106520582	0.980386991883295	0.717429248679105	3.1375758782422	6.50548968634683e-33
rs11176195	0.000324	5.16666666666667	0.991965082829084	10.8279991030141	0.000741302910597308	1.56850065272765	0.972100854916245	-0.593801126409864	10.2341979766042	7.85785137385282e-30
rs112259589	0.000324	-5.19444444444445	0.991965082829084	10.9707471647021	0.000746449627245513	1.54412609755898	0.971912597254552	-0.627539103400665	10.3432080613014	8.76286837712786e-30
rs112677925	0.00044944	3.82075471698113	0.988888844938274	4.96807919987994	0.00332126934582408	1.69638664011633	0.886065839747038	0.188860806209793	5.15694000608973	4.90093215353396e-32
rs113772607	0.00023716	-3.79220779220779	0.994105945847073	4.58113364150587	0.000678290771487162	-0.701488059020438	0.974411652378557	-1.59306217998146	2.98807146152441	5.60210248409364e-33
rs11564107	0.00093636	-5.87908496732026	0.977126447002127	14.9976364368375	0.000588104002014038	4.80020657896394	0.977738184648722	9.36207222054786	24.3597086573854	1.0713593222039e-23
rs11564115	0.00092416	-1.39802631578947	0.977417740522958	-0.940124800029342	0.00114501637556928	1.11619659820707	0.957551934685869	-0.98323246142216	-1.9233572614515	4.12424690189024e-35
rs11564128	0.00024649	6.3375796178344	0.993875490757082	17.4117341836696	0.000666882522695694	1.37720554368361	0.974831193693662	-0.916596169247961	16.4951380144216	4.11524333402386e-27
rs11564129	0.00024025	3.83225806451613	0.994029609656998	4.73878827279154	0.00110086093591165	-0.349067151365753	0.959121951296432	-1.54014754688985	3.19864072590169	6.91512633909274e-33
rs11564146	0.00087616	-7.24662162162162	0.978565501260392	23.7725851393765	0.000390471546799807	2.57037952718101	0.985107862306674	1.1507694516686	24.9233545910451	1.88245009512774e-23
rs11564147	0.00018769	6.85401459854015	0.995329664382302	20.6957955035552	0.00083456259345731	0.161089604902307	0.968700855772275	-1.71951343520278	18.9762820683524	4.91974611601893e-26
rs11564149	0.00023409	-3.82352941176471	0.994181799563504	4.69377721381878	0.000677727128392917	-0.703245976936471	0.974432372019616	-1.59225897571707	3.10151823810172	6.27509577246281e-33
rs11564150	0.00023409	4.03267973856209	0.994181799563504	5.51056154331621	0.000727692790455655	-0.319531094670784	0.972599040304597	-1.74893738082299	3.76162416249322	1.21422932951126e-32
rs11564152	0.00085849	-6.41638225255973	0.978988699778186	18.2211159578272	0.000558799879541391	3.23286624488299	0.978823959438137	3.18760973841214	21.4087256962393	5.60195397859711e-25
rs11564153	0.00085264	6.1541095890411	0.979128888610381	16.606611286389	0.000558569471907801	3.27290439194877	0.978832506044528	3.31493521773319	19.9215465041222	1.26609361883316e-25
rs11564173	0.00018225	6.6962962962963	0.995464415257981	19.6206027309877	0.00063798586434221	0.358869165896782	0.975895494077529	-1.79983687944148	17.8207658515462	1.54920316234327e-26
rs11564175	0.00016129	7.93700787401575	0.995983943742843	28.6128216231498	0.000666664551820308	1.06131247489882	0.974839213146572	-1.29221255814008	27.3206090650097	2.06936863067921e-22
rs11564177	0.00016129	-8.01574803149606	0.995983943742843	29.2383605499348	0.000660361537163147	1.24440991351475	0.975071166943985	-1.09088892666673	28.1474716232681	4.73085576833445e-22
rs11564180	0.00023716	-3.87012987012987	0.994105945847073	4.87790671017669	0.000678592054464338	-0.699681167008851	0.974400577513055	-1.5940820221461	3.28382468803059	7.53000117138437e-33
rs11564183	0.00051984	-3.75438596491228	0.987170729203274	4.77927707645262	0.000565066216022436	-0.00611902192653178	0.978591576819701	-1.92196709349754	2.85730998295508	4.91543617006021e-33
rs11564185	0.00077841	5.4910394265233	0.98091122238459	12.8086518812095	0.000569522644237718	3.38980242687865	0.978426380484993	3.70328958449661	16.5119414657061	4.18497787456574e-27
rs11564187	0.00085849	-6.16040955631399	0.978988699778186	16.6452793033455	0.000562049237760205	3.3386048319095	0.978703445531358	3.52984741788171	20.1751267212272	1.63152716399493e-25
rs11564203	0.00015876	7.97619047619048	0.996046690684673	28.917452124151	0.000683769792829662	1.19893076232855	0.974210288282161	-1.12870784895827	27.7887442751927	3.3048092683289e-22
rs11564204	0.00016129	8.00787401574803	0.995983943742843	29.1755287771802	0.000662256164992381	1.21198373920496	0.975001432178424	-1.1283763348318	28.0471524423484	4.2792892330449e-22
rs11564205	0.00016129	-8.01574803149606	0.995983943742843	29.2383605499348	0.000580596550306212	1.02621075643612	0.978016120776167	-1.39374437529622	27.8446161746386	3.49471092429516e-22
rs11564210	0.00085264	6.15753424657534	0.979128888610381	16.627252872255	0.000558508137802893	3.2721991163605	0.9788347811612	3.31263445898462	19.9398873312396	1.28952907892873e-25
rs11564212	0.00093636	6.16339869281046	0.977126447002127	16.6704004019613	0.000612669055817249	4.68326537195937	0.976829855845264	8.82994682165838	25.5003472236196	3.35203224774557e-23
rs11564266	0.00089401	-7.15384615384615	0.978138363051215	23.1178343144058	0.000559109436959625	3.50765925440259	0.978812477130749	4.09432313401856	27.2121574484244	1.85668369156542e-22
rs11564267	0.00016384	7.9296875	0.99592070877685	28.5608031095665	0.000591151779648877	0.891187318201934	0.977625396830831	-1.51169207805001	27.0491110315165	1.57734888666988e-22
rs11564270	0.00024025	3.64516129032258	0.994029609656998	4.04346404365145	0.00103612451918519	-0.309216336488335	0.961433086838088	-1.58171668239696	2.46174736125449	3.3095686729076e-33
rs11564271	0.00086436	-6.56802721088435	0.978848072011895	19.185242297071	0.000572453147123961	3.35692918449269	0.978317779411452	3.59668724870142	22.7819295457725	2.21163977087023e-24
rs11564273	0.00031329	-7.9774011299435	0.99222861741128	29.1435295668951	0.00153492056062619	3.00064884879447	0.943908181631298	2.80904171848334	31.9525712853784	2.12556061371083e-20
rs11564274	0.00026244	7.07407407407407	0.993481766132405	22.3415916558766	0.000714497455237563	0.722262395180577	0.973082530648827	-1.55367933217151	20.7879123237051	3.01108984836613e-25
rs11613206	0.00045796	-5.56542056074766	0.988680595858022	13.0710315063463	0.000628666077508164	-1.18857577527187	0.976239249392076	-1.18028746328497	11.8907440430613	4.11843888615349e-29
rs117203131	0.00095481	6.16504854368932	0.976686254923414	16.6815033310421	0.0055894971266199	-1.13170891061332	0.822098214399853	-0.336804489857807	16.3446988411842	3.54046754245148e-27
rs117297508	9e-04	6.22666666666667	0.97799511002445	17.0508636484354	0.00059332684280793	4.47056258562052	0.977544921098729	7.87045287098021	24.9213165194156	1.87861743394042e-23
rs117408408	0.001089	-6.00909090909091	0.973496556255932	15.7608377509832	0.0075082771990056	0.91647549998794	0.774781763756539	-0.419962510240997	15.3408752407423	1.29749462325366e-27
rs117502843	0.00095481	6.11650485436893	0.976686254923414	16.3903571079112	0.00558932355403805	-1.13216942760119	0.822102756061723	-0.336385802703577	16.0539713052076	2.64727618476341e-27
rs117528165	0.00099225	6.10793650793651	0.975794205002165	16.341341140482	0.00766104066097671	0.860318679201058	0.771247681784723	-0.452138917103397	15.8892022233786	2.24512719085317e-27
rs117762348	0.00030976	-8.04545454545455	0.992315508700622	29.6816878518371	0.00152762149507988	2.96666773123143	0.944160022661276	2.71219900173393	32.393886853571	3.30471803170377e-20
rs118075840	0.00063001	-1.05179282868526	0.984493973789325	-1.53870610567769	0.00422040324077454	-3.54529744005036	0.859553554190479	4.42045735919229	2.88175125351459	5.03705589133865e-33
rs11829088	0.00015876	-8.00793650793651	0.996046690684673	29.1701654064688	0.000583018690343055	0.87330638814176	0.977926432575408	-1.53377254956664	27.6363928569021	2.8377950032632e-22
rs11834950	0.00015876	8.00793650793651	0.996046690684673	29.1701654064688	0.000552847205229219	0.318892776895469	0.979044812359654	-1.8829037138136	27.2872616926552	2.0014985581474e-22
rs11835105	0.00012769	-1.66371681415929	0.996817908033082	-1.49553534628306	0.000373483796044939	1.37569639773986	0.985746520934504	-1.1925944829422	-2.68812982922526	1.91958854982057e-35
rs11836288	0.000324	-5.18333333333333	0.991965082829084	10.9135560914081	0.000742736443172568	1.55947450646475	0.972048411539053	-0.606648839051406	10.3069072523567	8.45047356266865e-30
rs12230685	0.00018496	-2.90441176470588	0.995397282963576	1.50783624696366	0.000798212455124324	1.82213484289875	0.970023252485681	-0.143342977121464	1.3644932698422	1.10468892465328e-33
rs12306060	0.00018225	2.35555555555556	0.995464415257981	0.0638371877526125	0.000276125544689495	-2.2057696595015	0.989422760284483	0.132453148144187	0.196290335896799	3.43475616679849e-34
rs12311273	1e-04	-2.4	0.997506234413965	-0.124162758541052	0.00033438121582424	0.0449448573137693	0.98721974351193	-2.17892976858898	-2.30309252713004	2.82116005730914e-35
rs12314692	0.00034225	5	0.991516338330162	10.0091476682825	0.000530933047698486	0.824771555408359	0.979858719158491	-1.61921837330244	8.38992929498008	1.24264792389811e-30
rs12368229	0.00014641	-3.28099173553719	0.996353098570956	2.55588540965414	0.00051545981136688	-2.33764679155257	0.980434221303729	0.711850145233115	3.26773555488726	7.40981938287916e-33
rs12369882	8.649e-05	-6.2258064516129	0.997842415237652	16.2691353510919	0.000278900697882849	-0.400219855202177	0.989317591112475	-2.19034602596169	14.0787893251302	3.67272674875684e-28
rs12371502	9.025e-05	-5.34736842105263	0.997748829204108	11.2168367113164	0.000288148486681404	-1.2398460412732	0.988967291685084	-1.49331620454486	9.72352050677153	4.71540937901011e-30
rs12422796	0.00087025	6.25762711864407	0.978707005707085	17.2373655542602	0.000569414191328862	3.3884752905443	0.97843040008799	3.69881867730925	20.9361842315694	3.49234697880691e-25
rs12426891	0.00051529	3.4625550660793	0.987281591715128	3.73604903366766	0.000491809152421806	0.816012345614226	0.98131517703966	-1.66330466039951	2.07274437326815	2.24300140652655e-33
rs12427245	0.00087025	6.10169491525424	0.978707005707085	16.2942754987062	0.000575363345549884	3.25260523350311	0.97820995465379	3.26130613058063	19.5555816292868	8.78070313077268e-26
rs12820920	8.649e-05	-6.26881720430108	0.997842415237652	16.5372571886468	0.000278896404201616	-0.395116702798796	0.989317753811592	-2.19236131196271	14.3448958766841	4.79244596544087e-28
rs12827541	8.836e-05	0.234042553191489	0.997795868925543	-3.03138336744325	0.000300509839044073	-5.87161849734692	0.988499439990176	14.807026014899	11.7756426474558	3.67066478071856e-29
rs1365763	0.00017424	2.23484848484848	0.995662892440529	-0.233830877289569	0.000275652960007961	-2.21851013250531	0.989440671916573	0.159535405475269	-0.0742954718143003	2.62048687463808e-34
rs1365764	0.00017161	-2.29007633587786	0.995728077615012	-0.116822801697968	0.000274356856210422	-2.25171729254914	0.989489799423777	0.230766306648751	0.113943504950783	3.16324723912016e-34
rs1365765	0.00017689	2.18045112781955	0.995597220193001	-0.346042236985244	0.000274090203054063	-2.25413631198326	0.989499907247818	0.235703491506227	-0.110338745479017	2.52771784183842e-34
rs1365766	0.00017161	-2.27480916030534	0.995728077615012	-0.151520394519702	0.000274090203054063	-2.25413631198326	0.989499907247818	0.235703491506227	0.0841830969865249	3.07049473267471e-34
rs1365768	0.00089401	7.24080267558528	0.978138363051215	23.7300064119152	0.00055845914590607	3.5342758984077	0.978836598465739	4.18563494981903	27.9156413617343	3.7519505377075e-22
rs1365769	0.00089401	-7.24414715719064	0.978138363051215	23.753699196394	0.000558450906247154	3.53446276448363	0.978836904108162	4.18627611414147	27.9399753105355	3.84437021746221e-22
rs1388593	0.00022801	3.25827814569536	0.994332058682495	2.69163708267357	0.000684696105960791	2.0330175243587	0.974176252797767	0.184982896297826	2.87661997897139	5.01127557417955e-33
rs1388594	9.025e-05	2.24210526315789	0.997748829204108	-0.540292774975449	0.000272246982858187	-4.16018207088101	0.989569782480691	6.2817748676002	5.74148209262475	8.79310163515821e-32
rs1388596	0.00042436	-0.592233009708738	0.989502369363423	-2.1047738507347	0.000653248804766563	0.363495645426887	0.97533305132069	-1.78671058933111	-3.8914844400658	5.76232678149107e-36
rs1388597	0.000961	-6.41612903225806	0.976538658724152	18.2242421101523	0.000602415723927149	4.72672264735841	0.977208782509455	9.02566385439426	27.2499059645466	1.92811039035139e-22
rs1388598	0.00045796	-5.60747663551402	0.988680595858022	13.3033161790499	0.000588010878174889	-1.23982855698559	0.977741631252985	-1.15103868578208	12.1522774932678	5.34952424419573e-29
rs1388599	0.00026569	4.03067484662577	0.993401578366098	5.55910735740918	0.00117687334686724	-0.0512279522164924	0.956422397780259	-1.56535101446291	3.99375634294626	1.5314909825623e-32
rs140812745	0.00098596	-6.74522292993631	0.975943957394191	20.3380803535341	0.00598456694259372	-0.947981954632578	0.811889330749265	-0.470552205874936	19.8675281476591	1.19951572525142e-25
rs141409298	0.00084681	-6.46735395189003	0.979268638113968	18.5417178538866	0.000571984387975539	3.36514798543944	0.978335149467704	3.62340964323762	22.1651274971242	1.19355013130457e-24
rs1427263	9.604e-05	1.54081632653061	0.997604750992866	-1.83291986416328	0.0002917324405663	2.20134353874218	0.988831600841253	0.148562644192993	-1.68435721997029	5.23770526223932e-35
rs1427264	9.025e-05	3.67368421052632	0.997748829204108	3.68463456650535	0.000260036486266335	2.49345372466594	0.990032923507526	0.773437544764188	4.45807211126954	2.43648768186099e-32
rs1427265	8.836e-05	3.79787234042553	0.997795868925543	4.13731018722694	0.000259775229551565	2.48721294344076	0.990042837645301	0.757583897542152	4.89489408476909	3.77114813850817e-32
rs1427266	8.836e-05	3.85106382978723	0.997795868925543	4.34029095617145	0.000260304324649831	2.48418399281223	0.990022759815514	0.751075051107047	5.0913660072785	4.58986872583713e-32
rs1427267	9.604e-05	-1.53061224489796	0.997604750992866	-1.84855288322039	0.000290104070982634	2.17873966263718	0.988893247365457	0.0969908954510177	-1.75156198776937	4.89727392058244e-35
rs1427271	0.00017161	2.29007633587786	0.995728077615012	-0.116822801697968	0.000276850630677726	-2.18682930987105	0.989395279754238	0.0925261143515055	-0.0242966873464625	2.75483876114259e-34
rs144202154	0.00095481	-6.50485436893204	0.976686254923414	18.7839703257459	0.00739841131815658	-0.456893765048889	0.777343527553463	-0.669926614754788	18.1140437109911	2.07719529803115e-26
rs144326430	0.00188356	-0.354838709677419	0.955028655634812	-1.49074081947416	0.00407404543768131	0.583931533421278	0.863760491328952	-0.84940961041741	-2.34015042989157	2.7185272064389e-35
rs1463717	0.00085849	6.13310580204778	0.978988699778186	16.4809760594358	0.000569417524858797	3.38914127843256	0.978430276536484	3.70102905647628	20.1820051159121	1.64278813607471e-25
rs146794882	0.000625	0.58	0.984615384615384	-1.92158132725551	0.00497919865893429	-3.64615788082937	0.838383392642375	4.66166611085576	2.74008478360025	4.37171461665078e-33
rs146906071	0.00084681	6.36769759450172	0.979268638113968	17.9154292972014	0.00057522908009006	3.28104391055832	0.978214928754029	3.35209853722337	21.2675278344247	4.86427460561091e-25
rs147015277	0.00087025	-6.49830508474576	0.978707005707085	18.7397159526272	0.000573042439356746	3.3460392094203	0.978295943829001	3.56136206575515	22.3010780183823	1.36736111755191e-24
rs1472117	0.000625	0.176	0.984615384615384	-2.07194391187089	0.000899298026462443	1.1445974753295	0.966354725192413	-1.06292903112536	-3.13487294299625	1.22797657318906e-35
rs147831725	0.00085264	6.34931506849315	0.979128888610381	17.8015093419695	0.000569485977620914	3.38984500563373	0.978427739460456	3.70340711595595	21.5049164579255	6.16757804339288e-25
rs148217035	0.00264196	0.38715953307393	0.93804318563218	-1.32035601854425	0.0055399983592749	2.31238434566679	0.823395424744506	1.3344765906977	0.0141205721534488	2.86273131540619e-34
rs148319899	0.00088804	-6.95973154362416	0.978281179533184	21.7781369069283	0.000556648122489151	3.44662078144068	0.978903781271302	3.88496362863675	25.6631005355651	3.94449176158571e-23
rs148547517	0.00095481	-6.10032362459547	0.976686254923414	16.2938198226833	0.00559227285475584	-1.12935284483042	0.822025592127121	-0.338836481347146	15.9549833413362	2.3977799602881e-27
rs1491922	0.00010201	-4.35643564356436	0.997456237231002	6.47807187280185	0.000265578535200285	5.09175609593151	0.989822661284952	10.5372654670634	17.0153373398652	6.92333293194994e-27
rs1491923	1e-04	-4.85	0.997506234413965	8.73493948584797	0.000263787064946915	5.12109710445127	0.989890618890325	10.6831095725422	19.4180490583902	7.65243514486275e-26
rs1491932	0.00010201	-8.55445544554456	0.997456237231002	33.5092239039788	0.000277375144295505	0.456872306764295	0.989375401805066	-2.16903438700682	31.340189516972	1.15217771560375e-20
rs1491936	0.000169	-8.06923076923077	0.995792775523413	29.6837951238426	0.000761750815563071	1.84427619142472	0.971353337621841	-0.124400563809042	29.5593945600336	1.94146715642506e-21
rs1491938	9.025e-05	5.29473684210526	0.997748829204108	10.9374117621958	0.000287524282325375	-1.22741240804916	0.98899092827913	-1.50954002253419	9.42787173966162	3.5084942962811e-30
rs1491939	0.00041209	-0.438423645320197	0.989802804061854	-2.19769363436891	0.000513124228674091	0.226644517975194	0.980521148273387	-1.9440293878961	-4.14172302226501	4.48663405101655e-36
rs1491941	0.00015129	7.08130081300813	0.99623200151228	22.1873321351142	0.000286955497320361	0.641999905978247	0.989012467305982	-2.05167941261662	20.1356527224976	1.56837882117945e-25
rs1491945	0.09078169	0.440756720876203	0.305853212326588	-0.152827401064435	0.000633867938093506	4.65789641375589	0.976047351711624	8.72232299120708	8.56949559014264	1.48707457941988e-30
rs149406366	0.00091809	6.18481848184819	0.97756273569954	16.7983388792039	0.00058970929861794	4.59566330901175	0.977678774872675	8.42323850745268	25.2215773866566	2.53652990052714e-23
rs150082974	0.00066049	6.80933852140078	0.983755975395279	20.7469363879536	0.00345782410717373	3.23972869420294	0.881934479862622	3.5600647061991	24.3070010941527	1.01635294287918e-23
rs150540643	0.00091809	6.17821782178218	0.97756273569954	16.7584522666939	0.000596544179824786	4.67204442861291	0.977425906293554	8.77214975923866	25.5306020259326	3.45499705674204e-23
rs150645252	0.00101124	6.19811320754717	0.975342369555273	16.8833379760574	0.00558822055107279	-1.13066889131321	0.822131618166574	-0.337844193647791	16.5454937824096	4.32777578184335e-27
rs1602578	8.836e-05	-0.265957446808511	0.997795868925543	-3.02342223019118	0.000302477354698656	-5.8311601589689	0.988425014412059	14.5749711260618	11.5515488958706	2.9337428564884e-29
rs17443407	0.000441	-5.1952380952381	0.989095225142801	11.0888095137098	0.000676002048069199	-0.841507167424675	0.974495791818147	-1.48941895290089	9.59939056080895	4.1649563325011e-30
rs17443414	0.00043681	5.21052631578947	0.989197713667324	11.1641547161502	0.000681071133598789	-0.794994454578709	0.974309458563085	-1.52292652370996	9.64122819244023	4.34290475579251e-30
rs17443552	0.00016641	8.17054263565892	0.995856985974101	30.4974284329075	0.000752939727904292	1.76585083939112	0.971675304939142	-0.267057470861527	30.2303709620459	3.79779393777321e-21
rs17443607	0.00046656	-1.37962962962963	0.988470480317576	-1.29070586091146	0.00332118576513017	-1.03540328672257	0.886068380269681	-0.611119199859538	-1.901825060771	4.21401398704193e-35
rs17443656	0.00088209	6.62289562289562	0.978423559069509	19.5400956085689	0.000571302252065415	3.37292453860608	0.978360427386427	3.64860158737045	23.1886971959393	3.32178360248533e-24
rs17443815	8.649e-05	-6.23655913978495	0.997842415237652	16.3359927542171	0.000278793339556948	-0.388404872437955	0.989321659223942	-2.19514519372449	14.1408475604926	3.90787053278318e-28
rs17443854	0.00065025	-1.69803921568627	0.984003788414585	-0.649094327126423	0.00432223585800983	-4.11639612724429	0.856650551688196	6.28661564824567	5.63752132111925	7.92487651127737e-32
rs17443909	0.00137641	-4.89487870619946	0.966734426693858	9.87978378230671	0.00742492315599276	-0.49440697082412	0.77672379644442	-0.654742342626635	9.22504143968007	2.8643936006248e-30
rs17444028	0.00085264	6.33561643835617	0.979128888610381	17.7164395961586	0.000571689001638608	3.24715405350846	0.978346095442437	3.24156049063846	20.958000086797	3.56937265046401e-25
rs17444054	0.00085264	-6.33561643835617	0.979128888610381	17.7164395961586	0.000569697191610396	3.25053919846669	0.97841991128441	3.25100277280263	20.9674423689612	3.60323529290138e-25
rs17444068	0.00106276	-1.98773006134969	0.97411864180586	0.0972896939890926	0.00378239608847467	-0.655461327513458	0.872267718145608	-0.84153338228124	-0.744243688292147	1.34099505137837e-34
rs17444103	0.00098596	-6.67834394904459	0.975943957394191	19.9000013270586	0.00886727635361143	0.112017799732792	0.744435212069431	-0.677469082332627	19.222532244726	6.29343548164553e-26
rs17444124	8.649e-05	-4.33333333333333	0.997842415237652	6.29924864104715	0.000279002219052865	-0.60043500767068	0.989313744218177	-2.0910636517812	4.20818498926595	1.89775271701193e-32
rs17444145	0.00017161	0.633587786259542	0.995728077615012	-2.52798637779089	0.00082714874714782	0.774031222580199	0.968970274376164	-1.44613798650142	-3.97412436429231	5.30527402076393e-36
rs17444202	0.00017956	6.11194029850746	0.995531061066871	15.8891345431665	0.000613617649038736	0.0947178877136893	0.976794814065802	-1.87730810010546	14.011826443061	3.43484392319159e-28
rs17444223	0.00014884	-3.14754098360656	0.996292794511622	2.1364049910416	0.000433535723435455	-2.09322505440193	0.983492556049032	0.102659203569631	2.23906419461124	2.64887415870729e-33
rs17461575	0.00091809	6.14851485148515	0.97756273569954	16.5794895758872	0.000587788109610872	4.80363583708341	0.977749876233761	9.37804489131392	25.9575344672011	5.29495270289298e-23
rs17461664	0.00085264	6.39041095890411	0.979128888610381	18.0578209951149	0.000569565857944924	3.39031901038742	0.97842477885945	3.7050309670383	21.7628519621532	7.98242082945889e-25
rs17461720	0.00046656	1.37962962962963	0.988470480317576	-1.29070586091146	0.00332362947270996	-1.05604098155423	0.885994107234274	-0.591712264628842	-1.88241812554031	4.29659380229861e-35
rs17462055	0.000144	3.26666666666667	0.996412913511359	2.50120897179772	0.000517659892219953	-2.42519075389532	0.980352351610527	0.918096969971079	3.4193059417688	8.622511944615e-33
rs17465610	0.00093636	6.21895424836601	0.977126447002127	17.0064871945984	0.000621834062032636	4.71483306399945	0.976491398474942	8.97833695786122	25.9848241524596	5.44144000076686e-23
rs17465681	0.00047961	5.79452054794521	0.988151812727445	14.3715338496763	0.00117133399319633	3.00842062214711	0.956618612472649	2.7601212488304	17.1316550985067	7.77734523003911e-27
rs17465870	0.00016129	-0.401574803149606	0.995983943742843	-2.67842010223468	0.000642754021215851	-2.98022927847636	0.97571971677555	2.4740120484669	-0.204408053767782	2.30077851068636e-34
rs17465912	0.00016129	8.22834645669291	0.995983943742843	30.9581603406974	0.000751542419462667	1.82717781026322	0.971726383812286	-0.1608205716266	30.7973397690708	6.69518869013795e-21
rs17465946	0.00094249	6.49185667752443	0.976980149473078	18.7013257480961	0.00558577339745656	-1.13560022628301	0.822195659686125	-0.333388996126862	18.3679367519692	2.67757520403796e-26
rs17466016	0.00084681	6.48797250859107	0.979268638113968	18.6725090384152	0.000571492957924851	3.37104219494847	0.978353360265527	3.64251481706812	22.3150238554833	1.38656369977825e-24
rs17466044	0.00046225	-4.18604651162791	0.988575771243567	6.42538997722378	0.00307866221249991	2.1597440241211	0.893502003682759	0.964052925182672	7.38944290240646	4.5692232613275e-31
rs17466150	0.00016129	8.13385826771654	0.995983943742843	30.188247276615	0.000751633235209284	1.69220277314115	0.9717230638624	-0.391565492751105	29.7966817838639	2.46140217470381e-21
rs17466178	0.00023409	-4.03267973856209	0.994181799563504	5.51056154331621	0.000816430233678373	-0.115685253241672	0.969360049388709	-1.73623876251993	3.77432278079628	1.22974668023589e-32
rs17466185	0.00024964	3.72151898734177	0.993797708501244	4.34048360788591	0.000725753377886505	-0.578266881179944	0.972670072209407	-1.63725963026569	2.70322397762022	4.213503500297e-33
rs17466339	0.00015129	7.11382113821138	0.99623200151228	22.4172774156536	0.000564786516623467	1.78275637989067	0.97860194691976	-0.367121377752997	22.0501560379006	1.06392054278551e-24
rs17466360	0.00068121	-0.831417624521073	0.983254922850131	-1.70498541090511	0.00530725474647519	-3.52392167843755	0.82955020798369	4.26602994391422	2.56104453300911	3.65506925980274e-33
rs17466430	0.00016129	8.10236220472441	0.995983943742843	29.9335856246839	0.000747117816630754	1.19963198685621	0.971888161433256	-1.08645190412475	28.8471337205592	9.52355503333937e-22
rs17466486	0.00024649	-3.57324840764331	0.993875490757082	3.79722458063858	0.000674539327550376	-0.801172171329323	0.974549572848972	-1.52274097202319	2.2744836086154	2.74437707371938e-33
rs17466605	9.801e-05	-0.595959595959596	0.997555739050392	-2.82985637735629	0.000247429719170808	-0.204901593034989	0.990511550046558	-2.30804686048578	-5.13790323784207	1.65685719270314e-36
rs17466626	0.00094864	-7.46428571428571	0.976833418643452	25.3298888225097	0.00470335916085028	-1.6736766286973	0.845957501305822	0.249581934421586	25.5794707569313	3.62803194134829e-23
rs17484286	0.00025281	0.383647798742138	0.993719444679763	-2.4620178248279	0.000779429361603703	-0.664294745960255	0.970707986234034	-1.55103952905991	-4.01305735388781	5.10269297374938e-36
rs17484342	0.00083521	6.43598615916955	0.979546817562589	18.3425455051613	0.000541065460509175	3.06116807535474	0.979482226283718	2.64600964994564	20.9885551551069	3.68011838131143e-25
rs17484493	0.00119025	-5.97971014492754	0.971103598545773	15.589824252889	0.000556673044237226	3.4466403505948	0.97890285669668	3.88504607452592	19.474870327415	8.09984710682943e-26
rs17484541	0.00089401	7.15384615384615	0.978138363051215	23.1178343144058	0.00055887851243378	3.4917518193565	0.978821042709642	4.03968137224621	27.157515686652	1.75795319176016e-22
rs17491061	0.00016129	-8.09448818897638	0.995983943742843	29.8700745895212	0.00076856339320615	1.58511621244487	0.971104544394856	-0.552040033006878	29.3180345565143	1.5251365544151e-21
rs17491466	0.000676	0.496153846153846	0.983380863408398	-1.9275614560259	0.00378022328649002	-1.50386185264603	0.872331726326101	-0.0427270735806253	-1.97028852960653	3.93516245532569e-35
rs17491536	0.00040401	-5.37313432835821	0.990000744975561	11.9883218035137	0.00210083424802546	-0.847348269114049	0.924783082715136	-0.961692849181317	11.0266289543323	1.73561026915495e-29
rs17519419	0.00045369	-5.53051643192488	0.988784953857114	12.8765413710929	0.00057695439286048	-1.28834124063261	0.978151015357411	-1.10002156310828	11.7765198079846	3.67388595551604e-29
rs17519573	0.00013225	8.26956521739131	0.996704645266587	31.2225561282433	0.000675347892451801	1.35847056192163	0.97451984295418	-0.935717587996712	30.2868385402466	4.0184165566775e-21
rs17519846	8.649e-05	6.20430107526882	0.997842415237652	16.1357666573684	0.000290116396038755	-0.304553744132964	0.98889278073682	-2.20421862132822	13.9315480360402	3.16987793365218e-28
rs17520278	0.00016129	-7.93700787401575	0.995983943742843	28.6128216231498	0.000579369942260768	0.888632357755941	0.978061546501624	-1.52358546507288	27.0892361580769	1.64192715175032e-22
rs1817817	0.00041616	0.416666666666667	0.98970312864953	-2.20204586121762	0.000927593116080302	1.10027507643679	0.965332824749621	-1.09666250912565	-3.29870837034328	1.04240685709638e-35
rs186675266	0.00101761	0.811912225705329	0.975190899713562	-1.52684873951107	0.00345713043414335	-1.38127303240139	0.881955369052862	-0.226998226054254	-1.75384696556533	4.88609653331722e-35
rs187455350	0.00136161	-4.60975609756098	0.967080343342534	8.56831406902146	0.0055916801345507	-1.13113468856954	0.822041098580103	-0.337214635018351	8.23109943400311	1.0601545128753e-30
rs1896252	8.836e-05	-3.78723404255319	0.997795868925543	4.097052805236	0.000261023224625902	2.51758968540183	0.989995480672355	0.835064122911483	4.93211692814748	3.91416625272815e-32
rs1896254	8.836e-05	-3.78723404255319	0.997795868925543	4.097052805236	0.000260925706005747	2.51537104260136	0.989999180993862	0.829363548241562	4.92641635347756	3.89191673350953e-32
rs1907630	0.00022801	3.23841059602649	0.994332058682495	2.62746622944997	0.00068531075962219	2.03735199560741	0.974153669916683	0.193966733886118	2.82143296333609	4.74221095273475e-33
rs1907631	0.00023104	-3.19736842105263	0.994257170582714	2.50232583400946	0.000685182004078711	2.03689620859906	0.974158400414564	0.192980530297721	2.69530636430718	4.1802743303384e-33
rs1907632	0.00016129	8.22047244094488	0.995983943742843	30.8936612874865	0.000739124188411222	1.50807786722689	0.972180570638115	-0.685495723588942	30.2081655638975	3.7143918268021e-21
rs1907633	0.00016129	8.20472440944882	0.995983943742843	30.7648484344486	0.000739179438216099	1.5167987562841	0.972178548980597	-0.67263884132281	30.0922095931258	3.30771952451782e-21
rs1907634	0.00041209	0.236453201970443	0.989802804061854	-2.265151257102	0.000897136128421651	1.16778025221881	0.966432892895453	-1.03813687648259	-3.30328813358459	1.03764379566172e-35
rs2046928	0.00024025	4	0.994029609656998	5.39176539244219	0.000794602104455004	-0.397727367099424	0.970154792059235	-1.67913252857238	3.71263286386981	1.15617631496883e-32
rs2114568	9.025e-05	3.77894736842105	0.997748829204108	4.07599532610452	0.000260344203174322	2.50054409258509	0.990021246558695	0.79151464901509	4.86750997511961	3.66927975759115e-32
rs2114569	9.025e-05	-3.78947368421053	0.997748829204108	4.11573944844235	0.000260265254102726	2.49889452257674	0.990024242416777	0.787291553427152	4.9030310018695	3.80195884035152e-32
rs2131086	9.025e-05	2.17894736842105	0.997748829204108	-0.6795906724599	0.000343405163399973	-4.21396515562553	0.986879367982043	6.59547167731649	5.91588100485659	1.04684547035569e-31
rs2162469	8.836e-05	3.77659574468085	0.997795868925543	4.05690834717771	0.00026042132110468	2.50240645668785	0.990018320203917	0.796264264480626	4.85317261165834	3.61704729272113e-32
rs2162471	0.000144	3.26666666666667	0.996412913511359	2.50120897179772	0.000520517063640448	-2.3502764386894	0.980246050583996	0.745140324175289	3.24634929597301	7.25303357374516e-33
rs2172240	0.000225	3.12	0.994406463642014	2.24690335501034	0.00068552338527238	2.03956384050961	0.974145858119146	0.198493801310389	2.44539715632073	3.25589651790249e-33
rs2172241	0.000225	3.23333333333333	0.994406463642014	2.60491177984288	0.000685419124269578	2.03769499673696	0.974149688618973	0.194716290569883	2.79962807041276	4.63992675130225e-33
rs2201141	1e-04	8.58	0.997506234413965	33.7194282639028	0.000277961267924339	0.527323542270748	0.989353189912629	-2.13369269775595	31.5857355661469	1.47285083549878e-20
rs2201144	4e-04	-0.295	0.99009900990099	-2.26447857525232	0.000897326903159895	1.16785929150872	0.966425994548441	-1.03794963150661	-3.30242820675893	1.03853647716246e-35
rs2263419	1e-04	8.54	0.997506234413965	33.3778821292395	0.000277894191236665	0.503778140760994	0.989355731817574	-2.14582137498071	31.2320607542588	1.03409335227946e-20
rs2263420	1e-04	8.55	0.997506234413965	33.4631190369702	0.000277910877425488	0.506821970823899	0.989355099484804	-2.14427007799496	31.3188489589752	1.12785010588949e-20
rs2279535	1e-04	-8.64	0.997506234413965	34.2347399846011	0.000307114615974795	-0.325136947934316	0.98824964420075	-2.16969995033716	32.0650400342639	2.3785815787036e-20
rs2404580	9.025e-05	-5.29473684210526	0.997748829204108	10.9374117621958	0.000292261973273821	-1.29689888215853	0.988811555542869	-1.41487271750098	9.52253904469482	3.85686344853406e-30
rs2404581	9.216e-05	6.97916666666667	0.997701296213524	21.2606952235666	0.000269217036880031	1.06008693009245	0.989684667133869	-1.73096588631978	19.5297293372468	8.55661095796052e-26
rs2404832	9.409e-05	-2.95876288659794	0.997653270095418	1.33950072184504	0.000242039667419962	3.2845372573167	0.990716329163162	3.00426639509964	4.34376711694467	2.17331256945739e-32
rs2404833	0.00072361	-0.219330855018587	0.982231192175743	-1.99152974551752	0.00580220874740402	-0.153588107955057	0.816569907333027	-0.83832966615626	-2.82985941167378	1.66592626432716e-35
rs2404834	0.00018769	-4.13868613138686	0.995329664382302	5.84110083318844	0.000647308283913341	-1.81197836164626	0.975551883760826	-0.254103093503383	5.58699773968506	7.53442980258454e-32
rs2404835	1e-04	-4.37	0.997506234413965	6.52765769033675	0.000255734546088057	1.66181904922284	0.990196198293726	-0.945208541463066	5.58244914887369	7.5002365888384e-32
rs2638230	1e-04	-8.28	0.997506234413965	31.1967349970699	0.000277819906002306	0.481096445734784	0.989358546909278	-2.1570037251339	29.039731271936	1.15463083020169e-21
rs2638272	1e-04	8.67	0.997506234413965	34.4937424783667	0.000279090671892181	0.516780784096414	0.989310392540421	-2.13713784407175	32.3566046342949	3.18377925053289e-20
rs2708419	1e-04	8.15	0.997506234413965	30.1314482140275	0.000458767421501025	1.86340246444933	0.982548591990603	-0.318331089717101	29.8131171243104	2.50219042365915e-21
rs2708426	0.00022801	3.19205298013245	0.994332058682495	2.47926055858323	0.000679244429745383	2.05805720566447	0.974376597702969	0.231409899978718	2.71067045856195	4.24499638386506e-33
rs2708435	1e-04	-8.78	0.997506234413965	35.4510990868455	0.000280882180504027	0.576453918885387	0.989242513122653	-2.10171444797199	33.3493846388735	8.5921495152287e-20
rs2708436	0.00041209	0.241379310344828	0.989802804061854	-2.26398633109076	0.000897061246938383	1.16689019387268	0.966435600610298	-1.0391794878652	-3.30316581895596	1.03777072243958e-35
rs2708437	0.00041209	0.246305418719212	0.989802804061854	-2.26279738598651	0.000897061609677808	1.16685963702352	0.966435587493601	-1.03921376064673	-3.30201114663324	1.03896969964979e-35
rs2708438	0.00042436	-0.281553398058252	0.989502369363423	-2.23908277823807	0.000892953688120323	1.09850603982391	0.966584153206574	-1.11616646900944	-3.35524924724751	9.85103515044636e-36
rs2708441	0.00041616	0.411764705882353	0.98970312864953	-2.2040554227894	0.000919664600202992	1.1000390612995	0.965618951603775	-1.10088393594319	-3.30493935873259	1.03593182594437e-35
rs2723259	1e-04	8.57	0.997506234413965	33.6338921043018	0.000404911521178539	1.03589520097835	0.984565638292856	-1.55732119772782	32.076570906574	2.40616743802449e-20
rs2723260	0.000225	3.24	0.994406463642014	2.62636886153613	0.000679366714155568	2.05756465333801	0.974372102941554	0.230500477764603	2.85686933930073	4.91327069144079e-33
rs2723264	0.00014641	-2.41322314049587	0.996353098570956	0.0942651338493543	0.0004391884719943	1.39978288580308	0.983280918744549	-1.08228586523694	-0.988020731387588	1.05088731682809e-34
rs2723268	0.00041616	-0.450980392156863	0.98970312864953	-2.18731303999025	0.000935515858316734	1.10704068106773	0.965047075588224	-1.08552512228425	-3.2728381622745	1.06972599159453e-35
rs2723270	0.00073441	0.498154981549816	0.981970771149011	-1.8860383658463	0.0055970362949956	0.114432493417322	0.821900994597786	-0.857326523853206	-2.74336488969951	1.81643503032101e-35
rs28365207	0.00045796	5.60747663551402	0.988680595858022	13.3033161790499	0.000584616112043876	-1.24402384986876	0.977867291454759	-1.14867793874333	12.1546382403066	5.36216803623913e-29
rs28365224	0.00034596	-5.25268817204301	0.991425163758651	11.2976118159274	0.000760102689068351	1.28358933570162	0.971413545843234	-0.977159904311746	10.3204519116157	8.56571101188181e-30
rs28365229	9e-04	6.72666666666667	0.97799511002445	20.2179378130645	0.000556527900459367	3.43895810557984	0.978908241425895	3.8590598408613	24.0769976539258	8.07523787050845e-24
rs2896975	9.801e-05	1.5959595959596	0.997555739050392	-1.73657559263944	0.00029079153868062	2.18345568264448	0.988867220398904	0.108271011459129	-1.62830458118031	5.53967654763505e-35
rs2896976	0.00072361	0.230483271375465	0.982231192175743	-1.98906605704749	0.00618617971029002	-0.172310741338032	0.806776610505727	-0.809977151673269	-2.79904320872076	1.7180629882725e-35
rs2896978	0.00017424	-2.42424242424242	0.995662892440529	0.205457373722631	0.000274921248313074	-2.20184385156519	0.989468406110727	0.121841178197977	0.327298551920608	3.91554353687969e-34
rs33958906	0.00091809	-3.65016501650165	0.97756273569954	4.61386252377363	0.00514517901121325	0.452250116097312	0.833890847794976	-0.812277164262095	3.80158535951153	1.26373393089975e-32
rs33962975	0.00018496	3.96323529411765	0.995397282963576	5.12691477663141	0.000848748208001636	-2.03007795014683	0.968185768998817	0.271130788457031	5.39804556508844	6.2371976155771e-32
rs33995883	0.00098596	-6.85031847133758	0.975943957394191	21.0353097385285	0.00890662594495815	0.119046316004725	0.743591905172793	-0.675223390005835	20.3600863485227	1.96300431589482e-25
rs35124455	0.00010404	1.29411764705882	0.997405747650361	-2.14203056538841	0.00039671431375056	-1.78392932827343	0.984873371852224	-0.528516913039768	-2.67054747842818	1.95363788561228e-35
rs36212067	0.00085264	-6.42808219178082	0.979128888610381	18.2942260062025	0.000572971131020691	3.34693300643875	0.978298586029962	3.56424215288876	21.8584681590913	8.78335035688321e-25
rs36220738	0.00087025	6.49830508474576	0.978707005707085	18.7397159526272	0.000572978213221753	3.34663976243664	0.978298323611218	3.56328660270577	22.303002555333	1.36999518841782e-24
rs3747891	0.00034596	4.95698924731183	0.991425163758651	9.80106017370331	0.000531650326061231	1.44369996730542	0.979832057528255	-0.930713387627349	8.87034678607597	2.00905008620891e-30
rs3761863	9.801e-05	-0.585858585858586	0.997555739050392	-2.83581056679965	0.000245993302308675	-0.340415505100475	0.990566114193656	-2.27432885343517	-5.11013942023482	1.70350240188894e-36
rs3789328	9.801e-05	-0.545454545454545	0.997555739050392	-2.85860951441187	0.000247949268275545	0.278846391595108	0.990491815784037	-2.28929317827006	-5.14790269268192	1.64037208244709e-36
rs3789329	0.00082369	-7.70034843205575	0.979823234989292	27.0978768629746	0.000546102738772213	3.24268712212186	0.979295162387345	3.20996004509106	30.3078369080657	4.10368890237614e-21
rs3789330	0.00017424	2.37878787878788	0.995662892440529	0.0967710318136605	0.000275124910077873	-2.21211015026441	0.989460686527696	0.144607518426741	0.241378550240401	3.59316759740533e-34
rs3886747	9.801e-05	0.595959595959596	0.997555739050392	-2.82985637735629	0.000247441322116357	-0.227613840667672	0.990511109318181	-2.30315855356605	-5.13301493092234	1.66497624723101e-36
rs3943893	0.00017161	2.29007633587786	0.995728077615012	-0.116822801697968	0.000274090203054063	-2.25413631198326	0.989499907247818	0.235703491506227	0.118880689808259	3.17890339234835e-34
rs41286474	0.00023409	3.82352941176471	0.994181799563504	4.69377721381878	0.000801604595742274	-0.147668510759944	0.969899695677666	-1.74103518736944	2.95274202644934	5.40763874172506e-33
rs4272849	8.836e-05	6.21276595744681	0.997795868925543	16.1979814283756	0.000287978829425025	-0.264174319216403	0.988973715943206	-2.21922741442755	13.978754013948	3.32310324372091e-28
rs4291738	0.00045796	-5.58878504672897	0.988680595858022	13.1998626587566	0.000628864942120161	-1.18505335865431	0.97623191184946	-1.18421935927179	12.0156432994848	4.66633252618649e-29
rs4293189	8.836e-05	6.08510638297872	0.997795868925543	15.4147410314915	0.000282425266737918	-0.522785840377919	0.989184053778254	-2.12819237472786	13.2865486567636	1.66311724717317e-28
rs4310676	1e-04	-3.23	0.997506234413965	2.20646068285546	0.000296482749727429	2.08369139744881	0.988651808394553	-0.0930991369561651	2.11336154589929	2.33598128936165e-33
rs4318033	0.00035344	5.07446808510638	0.991241391068519	10.3934859999376	0.000526864134176324	0.856840818372147	0.980009990371426	-1.59651132491976	8.79697467501783	1.86691979693302e-30
rs4423250	0.00023716	-3.7987012987013	0.994105945847073	4.60563418651125	0.00112857919131963	-0.29845715374439	0.95813578388204	-1.54398814999802	3.06164603651323	6.02981629955772e-33
rs4465428	0.00019881	0.588652482269504	0.995054331210302	-2.48222253242527	0.000568079629446793	0.508576657346172	0.978479865816866	-1.79284113969912	-4.27506367212439	3.92655368492187e-36
rs4473003	0.000196	0.6	0.995123892924669	-2.48258175324272	0.000517475490569942	0.308489009902522	0.980359213063596	-1.91842528214387	-4.40100703538659	3.46190409072124e-36
rs4483664	1e-04	-3.22	0.997506234413965	2.1742911067956	0.000296103150988789	2.08200054101694	0.988666173263425	-0.0971831459532155	2.07710796084239	2.25281032506637e-33
rs4567538	0.00010201	-8.5940594059406	0.997456237231002	33.8479346583919	0.000331310570097464	-0.0543474436844513	0.98733561917042	-2.18302282323848	31.6649118351534	1.59420652437678e-20
rs4628750	0.00084681	-6.47422680412371	0.979268638113968	18.5852686585669	0.000571855700271524	3.367171538485	0.97833991814955	3.62999063916098	22.2152592977279	1.25491014213134e-24
rs4767965	0.00093636	6.30392156862745	0.977126447002127	17.5263356618958	0.000611517112319777	4.88421135608587	0.976872412924376	9.76853540668968	27.2948710685855	2.01678680634519e-22
rs4767969	8.836e-05	3.87234042553192	0.997795868925543	4.42227373127783	0.000260111401316992	2.48518206099279	0.990030080677001	0.753185786334137	5.17545951761196	4.99254067732635e-32
rs4767970	0.00025921	-1.54658385093168	0.993561473262888	-1.33446718791483	0.00029065972576445	-2.39559458587419	0.988872210622284	0.588351346705886	-0.746115841208943	1.33848685218033e-34
rs4767971	0.00020449	0.727272727272727	0.994913752170467	-2.3774897561659	0.000503670652381979	0.458766503653861	0.980873154067227	-1.87511062196494	-4.25260037813084	4.01575514313131e-36
rs4767972	0.00017161	-2.29770992366412	0.995728077615012	-0.0993869711913948	0.000276917029932343	-2.18470996122345	0.989392763319726	0.0880554592349143	-0.0113315119564805	2.79078827112432e-34
rs4767973	9.801e-05	-0.818181818181818	0.997555739050392	-2.67311361252233	0.000247970038246919	-0.326237883558545	0.99049102688541	-2.275050141066	-4.94816375358833	2.00303200429718e-36
rs4768226	0.00086436	6.37074829931973	0.978848072011895	17.935964173233	0.000573554808965529	3.32183347215872	0.978276959322837	3.48274561947992	21.4187097927129	5.65816456659466e-25
rs4768227	8.836e-05	-3.88297872340426	0.997795868925543	4.46343450472999	0.000260135958783623	2.48499998152496	0.99002914878883	0.752781669010003	5.21621617373999	5.20022342021045e-32
rs4768228	0.00085264	6.33219178082192	0.979128888610381	17.6952008684483	0.000575099970659516	3.23401398298392	0.978219711887798	3.20214991001591	20.8973507784643	3.35932662228269e-25
rs4768229	8.836e-05	-3.80851063829787	0.997795868925543	4.17768049315053	0.000262230513095318	2.52860642409567	0.989949672681267	0.864720041084729	5.04240053423526	4.37053728728239e-32
rs4768230	0.00015625	-1.088	0.996108949416343	-2.18496904633868	0.000397978839059543	-1.5521201119083	0.984825887420754	-0.907821592146413	-3.09279063848509	1.28075539582311e-35
rs4768231	0.00017161	-2.25954198473282	0.995728077615012	-0.185985896419551	0.000274090203054063	-2.25413631198326	0.989499907247818	0.235703491506227	0.0497175950866762	2.96647149417133e-34
rs4768232	0.00017161	-2.2824427480916	0.995728077615012	-0.134200609474071	0.000274090203054063	-2.25413631198326	0.989499907247818	0.235703491506227	0.101502882032156	3.12413824753238e-34
rs4768233	0.00017161	-2.2824427480916	0.995728077615012	-0.134200609474071	0.000274090203054063	-2.25413631198326	0.989499907247818	0.235703491506227	0.101502882032156	3.12413824753238e-34
rs4768234	0.00017161	-2.2824427480916	0.995728077615012	-0.134200609474071	0.00027102396232922	-2.21600632436873	0.989616151809762	0.146094246728371	0.0118936372543002	2.85636329235115e-34
rs4768236	9.801e-05	0.838383838383838	0.997555739050392	-2.65642152587768	0.000246203946835777	-0.363141553315136	0.990558112213478	-2.26598633615486	-4.92240786203253	2.05529199174122e-36
rs4768237	9.801e-05	-0.585858585858586	0.997555739050392	-2.83581056679965	0.000248311830310604	-0.200454402775481	0.990478044896371	-2.30717786326751	-5.14298843006717	1.64845314160651e-36
rs4768238	0.00020449	-0.573426573426573	0.994913752170467	-2.47703465014315	0.0005125509724678	0.510923037232024	0.980542486386428	-1.84177943228908	-4.31881408243223	3.75846904609137e-36
rs56325408	0.00034969	-5.16042780748663	0.991333514582144	10.8254672875401	0.000737200390854973	1.18088213655843	0.972250969973005	-1.11438365652338	9.71108363101677	4.65712759133679e-30
rs58911468	0.000196	-6.75	0.995123892924669	20.008462131721	0.000647648812668021	0.277382221083251	0.975539336965505	-1.81781508548674	18.1906470462342	2.24256859838107e-26
rs61007767	0.00016129	-7.98425196850394	0.995983943742843	28.9874039656846	0.000540083295488583	0.349094835416235	0.979518708198343	-1.88443609910075	27.1029678665839	1.66462912852939e-22
rs61915610	1e-04	-5.68	0.997506234413965	13.0939918549253	0.000360087283928974	-3.46713344745033	0.986250750382554	3.78448169297225	16.8784735478975	6.03776251800697e-27
rs6581593	0.00031329	7.92655367231638	0.99222861741128	28.7423339969421	0.00156499770660285	3.27822151654861	0.94287184009636	3.63516846270763	32.3775024596497	3.2510133900801e-20
rs6581622	0.00010609	7.75728155339806	0.997354765822348	27.0406216735547	0.000369148599799785	-0.131088035596258	0.98590963634419	-2.12266110033502	24.9179605732197	1.87232346193222e-23
rs6581668	8.649e-05	3.78494623655914	0.997842415237652	4.0780714992547	0.000236424568783068	0.718178508113417	0.990929748340833	-2.09582657857571	1.98224492067899	2.04892533736938e-33
rs66737902	0.00018225	-6.07407407407407	0.995464415257981	15.6656185126063	0.000624566520642088	0.376984485346127	0.976390536041842	-1.80367282164586	13.8619456909605	2.95675012768635e-28
rs7131694	0.00020449	-0.706293706293706	0.994913752170467	-2.39245068231351	0.00056404573197233	0.339518460625382	0.978629413221087	-1.86646520695597	-4.25891588926948	3.99047351403111e-36
rs7132187	1e-04	-5.69	0.997506234413965	13.1507000843517	0.000359836385378806	-3.47463674857659	0.986260198839111	3.80988003498748	16.9605801193392	6.55442288061781e-27
rs7133914	0.00034225	-5.0972972972973	0.991516338330162	10.4962001936297	0.000540034111410191	1.32798616145815	0.979520535182088	-1.0804509349125	9.41574925871718	3.46621939706698e-30
rs7134379	0.00010816	-5.50961538461538	0.997303291898706	12.1791386583444	0.000442291044044167	-1.1030732826643	0.983164798037239	-1.44399857141668	10.7351400869277	1.29676178757034e-29
rs7134408	9.801e-05	-0.626262626262626	0.997555739050392	-2.81138312292943	0.000248128418454757	-0.199530622832608	0.990485011226178	-2.30772665191333	-5.11910977484276	1.68828971487718e-36
rs7134572	0.000196	0.621428571428571	0.995123892924669	-2.46955883086848	0.000548339793674388	0.383640000505802	0.979212110234841	-1.8646322945064	-4.33419112537487	3.7011169887816e-36
rs7137160	8.836e-05	-3.84042553191489	0.997795868925543	4.29946895451724	0.000261001619537595	2.48018660331102	0.989996300470053	0.742494636474333	5.04196359099157	4.36862802769279e-32
rs7137437	0.00017424	-2.25757575757576	0.995662892440529	-0.183002012343181	0.000274556760914781	-2.24809080154611	0.989482221919389	0.223034010721562	0.0400319983783808	2.93787814299619e-34
rs7137665	9.604e-05	1.52040816326531	0.997604750992866	-1.86408202839671	0.000293864040634542	2.19952417513025	0.988750914722373	0.148008055407487	-1.71607397298922	5.07418906667519e-35
rs715402	0.00020449	0.776223776223776	0.994913752170467	-2.34087805884533	0.000535290694167221	0.364148124704997	0.979696765413831	-1.88353174844568	-4.22440980729101	4.13057235053045e-36
rs715403	0.00010201	5.50495049504951	0.997456237231002	12.1266408280377	0.000365653662315188	-3.46183322607526	0.986041175617718	3.7726796485915	15.8993204766292	2.26795927194581e-27
rs721711	8.836e-05	3.77659574468085	0.997795868925543	4.05690834717771	0.000260191259130895	2.48453673380683	0.990027050299497	0.751740826043351	4.80864917322106	3.45953639279541e-32
rs721712	8.836e-05	3.76595744680851	0.997795868925543	4.01687681305208	0.000260204997097677	2.48410281206848	0.990026528984499	0.750698103842238	4.76757491689432	3.32031724220321e-32
rs721713	9.216e-05	-3.58333333333333	0.997701296213524	3.36767594831015	0.000260256841766784	2.48419272014583	0.990024561638378	0.751011770043189	4.11868771835334	1.73528755028837e-32
rs72547977	0.00094864	6.58766233766234	0.976833418643452	19.3134418052535	0.00742597372197098	-0.496879352181671	0.776699259148582	-0.653738614310646	18.6597031909428	3.58471168896e-26
rs7294619	0.000196	-9.11428571428571	0.995123892924669	38.6708683819113	0.000905591458945281	3.6283428936661	0.966127245649634	4.66689868963524	43.3377670715466	1.87068730664123e-15
rs7294958	0.00017161	2.27480916030534	0.995728077615012	-0.151520394519702	0.000274090203054063	-2.25413631198326	0.989499907247818	0.235703491506227	0.0841830969865249	3.07049473267471e-34
rs7296657	0.00017161	-2.27480916030534	0.995728077615012	-0.151520394519702	0.000274093520435203	-2.25417856352427	0.989499781497035	0.235803401639468	0.0842830071197662	3.07080152153798e-34
rs7298930	8.836e-05	-3.81914893617021	0.997795868925543	4.21816372300678	0.000262867934372927	2.70975813350018	0.989925488797631	1.33553372119088	5.55369744419766	7.28766257770743e-32
rs7302503	9.604e-05	1.52040816326531	0.997604750992866	-1.86408202839671	0.000290367150936252	2.17868408347838	0.988883287211075	0.0972956925546309	-1.76678633584208	4.8232807955299e-35
rs7302841	0.00010201	2.40594059405941	0.997456237231002	-0.100142722613723	0.000333389718945771	0.144352417189835	0.987257156236693	-2.17110667430433	-2.27124939691805	2.91244023472031e-35
rs7303525	0.000144	3.225	0.996412913511359	2.36645104477943	0.000517002381175294	-2.33969415733675	0.980376817563996	0.717852251741413	3.08430329652084	6.16799487811557e-33
rs7306684	0.00017424	2.37878787878788	0.995662892440529	0.0967710318136605	0.000277751776312826	-1.73297943031817	0.989361128746322	-0.785987013245359	-0.689215981431699	1.4168549919198e-34
rs7307310	0.00020449	-0.797202797202797	0.994913752170467	-2.32445753014674	0.000531353577230523	0.216665513481722	0.979843087669122	-1.9291051529728	-4.25356268311954	4.01189262068404e-36
rs7307562	9.604e-05	-2.13265306122449	0.997604750992866	-0.748476548839923	0.000267176406514302	2.16382102332338	0.989762055531078	0.0262658534469358	-0.722210695392988	1.37086908447651e-34
rs7308626	0.00017424	-2.36363636363636	0.995662892440529	0.0609993966743265	0.000275081572377942	-2.23470286126757	0.989462329187125	0.194237045498208	0.255236442172535	3.64330794299454e-34
rs73102733	0.00227529	1.71069182389937	0.946179198297634	-0.0765667477550835	0.00452448664724146	1.88304872863139	0.850942629163433	0.556955036054244	0.480388288299161	4.56329016442471e-34
rs73102746	0.00023409	4.01307189542484	0.994181799563504	5.43214056450917	0.000809191053056808	-0.137647347090183	0.969623477135383	-1.73785699431093	3.69428357019824	1.13515475147113e-32
rs73107108	0.00019044	3.95652173913044	0.995261559714201	5.11392058618688	0.000894409152431993	-2.21372917046224	0.966531510148021	0.669715190157178	5.78363577634406	9.17168657700022e-32
rs73108339	0.00038416	-5.06122448979592	0.990487359400319	10.3585919112573	0.00182848597870995	2.32880500949813	0.93388942179409	1.174183297665	11.5327752089223	2.87917946707835e-29
rs73108368	0.00034969	-5.16577540106952	0.991333514582144	10.8528381734199	0.000760752446585535	1.25032181247932	0.971389808458139	-1.01770704364639	9.83513112977351	5.27219276331574e-30
rs7311247	0.00017424	2.24242424242424	0.995662892440529	-0.216945065494563	0.000274555427908602	-2.24807017433013	0.989482272447381	0.222985852452463	0.00604078695790022	2.83969425388655e-34
rs7313276	0.000225	-3.43333333333333	0.994406463642014	3.26784942227088	0.00103340093936776	-0.250742191569351	0.961530564730374	-1.59871911609666	1.66913030617423	1.49810475943614e-33
rs7313525	0.00017161	-2.29007633587786	0.995728077615012	-0.116822801697968	0.000274600704485335	-2.2522853992998	0.989480556228283	0.232448324648703	0.115625522950735	3.16857235512968e-34
rs7313895	0.00017424	-2.28030303030303	0.995662892440529	-0.131658858712683	0.000274243663414766	-2.25232945544942	0.989494090114166	0.231937143735626	0.100278285022943	3.12031477876011e-34
rs7314455	0.00017161	-2.2824427480916	0.995728077615012	-0.134200609474071	0.000274220927727022	-2.25265864952969	0.989494951938492	0.232632030031403	0.0984314205573322	3.11455729855304e-34
rs7314863	0.00026569	-1.87730061349693	0.993401578366098	-0.759960874520138	0.000274254049652668	-2.25232267236535	0.989493696411489	0.231939764755713	-0.528021109764425	1.66468262987057e-34
rs732374	9.216e-05	-1.30208333333333	0.997701296213524	-2.1919430748771	0.000372196012230984	-2.25282922113149	0.985794969249554	0.374493233755118	-1.81744984112198	4.58500343187934e-35
rs73277531	0.00018496	-6.61029411764706	0.995397282963576	19.0568797810806	0.000639713516194792	0.352633644472725	0.975831797166283	-1.80068614143002	17.2561936396506	8.80882086994446e-27
rs73277533	0.00018496	6.59558823529412	0.995397282963576	18.9602246383361	0.000640654906175586	0.349176811448158	0.975797092496064	-1.80115449433654	17.1590701439995	7.99351106265981e-27
rs74324737	0.00019881	8.83687943262411	0.995054331210302	36.1974927934031	0.000925375554967235	3.79859907812983	0.965412835732407	5.28300592277284	41.4804987161759	2.92011396497804e-16
rs7488873	0.00010201	-3.23762376237624	0.997456237231002	2.24071624408662	0.000300182533688534	2.15723123811751	0.988511822117677	0.0668739559940335	2.30759020008065	2.83675476215614e-33
rs75143074	0.00099856	-6.10126582278481	0.975644022619331	16.3019022853526	0.0084946344730837	0.52414537773461	0.752517212573653	-0.594838206334301	15.7070640790183	1.87128251071727e-27
rs76033741	0.00022801	-3.56953642384106	0.994332058682495	3.74822119230862	0.00102794541950305	-0.426991966236484	0.961725879193008	-1.5438186942396	2.20440249806903	2.55863268251593e-33
rs76434788	0.00089401	1.12374581939799	0.978138363051215	-1.29391211314431	0.00274057923144421	2.11183616055014	0.904075223770455	0.84392534562335	-0.449986767520965	1.79978791834113e-34
rs76664306	0.00099856	6.01582278481013	0.975644022619331	15.7968499800808	0.00682850418942669	1.10190095700587	0.790908762763678	-0.302337227826938	15.4945127522538	1.51296712109229e-27
rs76826991	0.00031684	7.76404494382022	0.992141249165361	27.4802688409028	0.00117585140572404	2.77514909700111	0.956458590869982	2.11603877813065	29.5963076190335	2.0144717706048e-21
rs76904798	0.000169	11.0692307692308	0.995792775523413	58.2707077257917	0.000378229874027382	6.54333838851093	0.985568007631719	18.9795298336683	77.25023755946	1
rs76906269	0.00099856	-6.03164556962025	0.975644022619331	15.8898408067239	0.00715596708281988	1.0249294157028	0.783057025881042	-0.352767383487349	15.5370734232366	1.57874996831964e-27
rs77668961	0.00046656	5.81944444444445	0.988470480317576	14.5063155449226	0.00358342948226195	0.784931339975555	0.878168255868778	-0.782029879117059	13.7242856658055	2.57649696331995e-28
rs78774467	0.00067081	0.683397683397684	0.98350635259047	-1.82272532582451	0.00376496476040433	-1.5535928738135	0.8727814892422	0.0223703206129453	-1.80035500521156	4.66405709270866e-35
rs79074615	0.00068121	0.662835249042146	0.983254922850131	-1.82882867859135	0.00378774948860765	-1.44966062065076	0.872110053375035	-0.111916010015906	-1.94074468860725	4.05315668827263e-35
rs79400217	0.00041209	3.98029556650246	0.989802804061854	5.54777931887024	0.00263118856362938	1.19010698416058	0.907550099798584	-0.547837805714353	4.99994151315588	4.18885291648931e-32
rs79410089	0.00030276	-7.5	0.99248785939226	25.4681036356568	0.0010529048636514	1.62740504865079	0.960832948062712	-0.347602036890256	25.1205015987665	2.29267940207019e-23
rs7953822	0.00073984	-0.290441176470588	0.981839889405555	-1.96285182726144	0.00576439076685497	-0.141020732974784	0.81754734367382	-0.842503058980371	-2.80535488624181	1.70725327831709e-35
rs7954061	0.00017161	2.25190839694656	0.995728077615012	-0.20313161327377	0.000274822040609844	-2.23801230125752	0.989472166517049	0.201117794895368	-0.00201381837840131	2.81691350552585e-34
rs7955902	9.216e-05	-1.36458333333333	0.997701296213524	-2.10880130019264	0.000370253931806911	-2.23540726449292	0.985868042169517	0.333555533224502	-1.77524576696813	4.78265067996792e-35
rs7955967	0.00072361	0.0892193308550186	0.982231192175743	-2.01124604029834	0.00563831656347659	-0.127935722528803	0.820822804601662	-0.852972593402588	-2.86421863370093	1.60965852725869e-35
rs7956787	0.00017424	2.25	0.995662892440529	-0.200002110512434	0.000275072742821712	-2.23217751975702	0.989462663860696	0.188641234494824	-0.0113608760176103	2.79070632345012e-34
rs7956898	0.00017161	2.2824427480916	0.995728077615012	-0.134200609474071	0.000275027685028081	-2.23312508571244	0.989464371724989	0.190657739385756	0.0564571299116854	2.98653165425759e-34
rs7957057	1e-04	3.28	0.997506234413965	2.36880482250633	0.000298947966512917	2.03916581925637	0.988558529211526	-0.179944694840425	2.18886012766591	2.51917290918469e-33
rs7957754	8.649e-05	6.21505376344086	0.997842415237652	16.202393318809	0.000278893535607524	-0.403146653411064	0.989317862510359	-2.18919561999679	14.0131976988122	3.43955720349341e-28
rs7962116	0.00017424	2.41666666666667	0.995662892440529	0.18720012543666	0.000274988584271234	-2.20485794835884	0.989465853799373	0.128527305025096	0.315727430461755	3.87049742664743e-34
rs7963697	0.00017424	-2.25	0.995662892440529	-0.200002110512434	0.000275360268854792	-2.22550787116547	0.989451765653093	0.174422148197406	-0.0255799623150281	2.75130581287488e-34
rs7966550	0.00020736	3.5	0.99484273526041	3.45973728883881	0.000697472047351075	-1.48922562647909	0.973707069398317	-0.739487242171481	2.72025004666733	4.28585710268251e-33
rs7969677	0.00014641	-3.16528925619835	0.996353098570956	2.18432008500436	0.000639908656139317	-1.62820067912255	0.975824603061301	-0.567736124791958	1.61658396021241	1.42141729590694e-33
rs7970326	1e-04	8.65	0.997506234413965	34.3209743985662	0.000313676889686867	0.0171170522977603	0.988001580903543	-2.21134545090698	32.1096289476592	2.48703999938644e-20
rs7971935	0.00023409	-4.05228758169935	0.994181799563504	5.5893647527267	0.000971267198992355	-0.414607457610758	0.96375973496399	-1.57595740917732	4.01340734354938	1.56188396095831e-32
rs7973254	1e-04	8.65	0.997506234413965	34.3209743985662	0.000313660542565637	0.019604799848978	0.988002198693293	-2.21132606678941	32.1096483317768	2.48708820892943e-20
rs7973479	8.836e-05	-6.19148936170213	0.997795868925543	16.0663121229017	0.00027892529207894	-0.402043736733535	0.989316659173339	-2.18957868146877	13.8767334414329	3.00079869771514e-28
rs7976715	8.836e-05	3.53191489361702	0.997795868925543	3.16475281724944	0.000236581006493771	0.948401920277519	0.990923801196985	-1.90539866986659	1.25935414738285	9.94440170108492e-34
rs7979341	1e-04	-3.25	0.997506234413965	2.27109908684548	0.000296524642409213	2.08122934868765	0.988650223106957	-0.0981016630496625	2.17299742379582	2.47952729000399e-33
rs80172174	0.00089401	7.16053511705686	0.978138363051215	23.1646618912099	0.000559120644593474	3.51532652129818	0.978812061414874	4.12068348548164	27.2853453766915	1.99766672718116e-22
rs890575	0.00017424	-2.35606060606061	0.995662892440529	0.0431992938853441	0.000275110234157216	-2.23371948855212	0.989461242798864	0.192111970018369	0.235311263903713	3.57143282296111e-34
rs919174	0.00018769	6.78102189781022	0.995329664382302	20.2004905291116	0.000730183875875634	0.302303581327503	0.972507818339616	-1.75248930161445	18.4480012274972	2.90076961388445e-26
rs919175	0.00017424	-2.25	0.995662892440529	-0.200002110512434	0.000274487537193938	-2.24562016838672	0.989484845871758	0.21742310245255	0.0174209919401154	2.87219513918851e-34
rs954884	9.409e-05	5.06185567010309	0.997653270095418	9.75376078154235	0.000286730419157376	-2.58230562865753	0.989020990934275	1.04166045586927	10.7954212374116	1.37733624252566e-29
rs963243	9.604e-05	1.48979591836735	0.997604750992866	-1.91004622064102	0.000297106367671733	2.23568018060201	0.988628210197022	0.232403535993103	-1.67764268464792	5.27299235486935e-35
