SNP	CHR	POS	P	Effect	StdErr	Freq	MAF	N_cases	N_controls	proportion_cases	A1	A2	leadSNP	ABF.Credible_Set	ABF.PP	SUSIE.Credible_Set	SUSIE.PP	POLYFUN_SUSIE.Credible_Set	POLYFUN_SUSIE.PP	FINEMAP.Credible_Set	FINEMAP.PP
rs139002796	2	168382595	0.02329	-0.0946	0.0417	0.9854	0.0145999999999999	49053	1411006	0.0335965875351613	A	G	FALSE	0	2.52246053817414e-36	0	0	0	0	0	8.77299e-37
rs139023066	2	169990437	0.3192	-0.0195	0.0196	0.9191	0.0809	56306	1417791	0.0381969436203995	C	G	FALSE	0	1.67115350570682e-37	0	0	0	0	0	1.48739e-38
rs139138305	2	168464778	0.9056	-0.0054	0.0457	0.9871	0.0129	49053	1411006	0.0335965875351613	A	G	FALSE	0	2.35336482793822e-37	0	0	0	0	0	1.93341e-38
rs139176860	2	168665327	0.7384	0.0106	0.0316	0.9473	0.0527	35345	1315724	0.0261607660304544	T	C	FALSE	0	1.73027380741043e-37	0	0	0	0	0	1.51438e-38
rs139186579	2	168742137	0.1711	0.0578	0.0422	0.0162	0.0162	49053	1411006	0.0335965875351613	A	G	FALSE	0	5.31863456624992e-37	0	0	0	0	0	6.94479e-38
rs139257578	2	168763435	0.001236	-0.1756	0.0544	0.026	0.026	32897	744313	0.042327041597509	A	G	FALSE	0	3.52182462418394e-35	0	0	0	0	0	3.31666e-37
rs139334150	2	169991115	0.6819	-0.0147	0.0358	0.9723	0.0276999999999999	56306	1417791	0.0381969436203995	T	C	FALSE	0	2.00656467230071e-37	0	0	0	0	0	1.50799e-38
rs139370173	2	169222376	0.1769	0.0931	0.069	0.0113	0.0113	36235	1316361	0.0267892260512378	A	G	FALSE	0	7.72057762329233e-37	0	0	0	0	0	1.45626e-38
rs139454633	2	168492304	0.3085	0.0437	0.043	0.9847	0.0153	49053	1411006	0.0335965875351613	T	C	FALSE	0	3.61380631279616e-37	0	0	0	0	0	1.4802e-38
rs139471712	2	168524367	0.0007984	-0.0448	0.0133	0.7802	0.2198	31837	975506	0.0316049250354646	T	G	FALSE	0	1.97605180590211e-35	0	0	0	0	0	2.90292e-36
rs139514205	2	168832054	0.5558	0.0336	0.057	0.0174	0.0174	35345	1315724	0.0261607660304544	A	G	FALSE	0	3.37789338224958e-37	0	0	0	0	0	7.39474e-35
rs139534617	2	169173969	0.4822	0.0469	0.0668	0.0169	0.0169	16085	878809	0.0179741958265448	T	C	FALSE	0	4.15003506367928e-37	0	0	0	0	0	2.71989e-38
rs139599448	2	168236423	0.3934	-0.0736	0.0863	0.0109	0.0109	15558	878337	0.0174047287433088	A	G	FALSE	0	5.64968391573665e-37	0	0	0	0	0	2.70068e-38
rs139601292	2	168189161	0.2414	0.0612	0.0522	0.0128	0.0128	36519	980404	0.0359112735182506	T	C	FALSE	0	5.0436876196833e-37	0	0	0	0	0	1.90296e-38
rs139689260	2	169968112	0.3251	0.06	0.061	0.0163	0.0163	35345	1315724	0.0261607660304544	T	G	FALSE	0	4.76611102124264e-37	0	0	0	0	0	3.26534e-38
rs139748300	2	168723727	0.003229	-0.0896	0.0304	0.0688	0.0688	35345	1315724	0.0261607660304544	T	C	FALSE	0	1.10055753015459e-35	0	0	0	0	0	6.5062e-37
rs139763064	2	169230905	0.1637	-0.045	0.0323	0.0267	0.0267	49580	1411478	0.0339343133537478	A	G	FALSE	0	4.3084247905604e-37	0	0	0	0	0	5.88407e-38
rs139782397	2	169230805	0.9885	-9e-04	0.0631	0.9868	0.0132	36235	1316361	0.0267892260512378	A	G	FALSE	0	3.15796482251282e-37	0	0	0	0	0	2.37761e-38
rs139851206	2	168628182	0.1637	0.0465	0.0334	0.9615	0.0385	49053	1411006	0.0335965875351613	T	C	FALSE	0	4.43798382541582e-37	0	0	0	0	0	4.79941e-37
rs139966588	2	169732014	0.08347	0.1081	0.0624	0.0123	0.0123	18129	880224	0.0201802632150168	A	G	FALSE	0	1.22695805594662e-36	0	0	0	0	0	8.3238e-38
rs140000754	2	168298068	0.9118	-0.0092	0.0827	0.9811	0.0189	26759	1012349	0.0257518948944672	T	G	FALSE	0	4.03151794910283e-37	0	0	0	0	0	1.48441e-38
rs140013985	2	169893254	0.024	0.0871	0.0386	0.9812	0.0188	56306	1417791	0.0381969436203995	A	C	FALSE	0	2.31488638008662e-36	0	0	0	0	0	4.5365e-38
rs1400635	2	169095296	0.2198	0.0128	0.0105	0.715	0.285	56306	1417791	0.0381969436203995	A	G	FALSE	0	1.15437119140696e-37	0	0	0	0	0	2.89267e-25
rs1400636	2	169133002	0.1253	0.021	0.0137	0.8625	0.1375	56306	1417791	0.0381969436203995	T	C	FALSE	0	2.30928634051604e-37	0	0	0	0	1	1
rs1400637	2	169136489	3.131e-18	0.0916	0.0105	0.2656	0.2656	56306	1417791	0.0381969436203995	A	C	FALSE	0	1.66367780530857e-21	0	0	0	0	0	4.62147e-29
rs1400638	2	168991836	3.49e-07	-0.0548	0.0107	0.2951	0.2951	56306	1417791	0.0381969436203995	T	C	FALSE	0	2.68015892121266e-32	0	0	0	0	0	9.10793e-23
rs1400639	2	169006740	4.46e-08	0.069	0.0126	0.1653	0.1653	56306	1417791	0.0381969436203995	T	G	FALSE	0	2.02146013151363e-31	0	0	0	0	0	0
rs1400640	2	169006763	0.001322	0.0336	0.0105	0.2869	0.2869	56306	1417791	0.0381969436203995	A	C	FALSE	0	9.07843018864358e-36	0	0	0	0	0	4.77437e-38
rs1400641	2	169006841	4.224e-08	-0.0684	0.0125	0.8293	0.1707	56306	1417791	0.0381969436203995	A	G	FALSE	0	1.96200496026436e-31	0	0	0	0	0	0
rs1400642	2	169015554	0.005436	0.0266	0.0096	0.5045	0.4955	56306	1417791	0.0381969436203995	A	G	FALSE	0	2.31757738327309e-36	0	0	0	0	0	2.56751e-15
rs1400643	2	169015583	0.003168	-0.0285	0.0097	0.5022	0.4978	56306	1417791	0.0381969436203995	A	C	FALSE	0	3.77025775317632e-36	0	0	0	0	0	5.63511e-36
rs1400644	2	169022613	4.068e-06	-0.0547	0.0119	0.8082	0.1918	56306	1417791	0.0381969436203995	A	G	FALSE	0	2.32626942090423e-33	0	0	0	0	1	1
rs1400645	2	169022981	5.52e-06	0.0539	0.0119	0.193	0.193	56306	1417791	0.0381969436203995	A	G	FALSE	0	1.71358908157858e-33	0	0	0	0	0	0
rs1400646	2	169029951	0.4353	-0.0081	0.0104	0.3184	0.3184	56306	1417791	0.0381969436203995	A	G	FALSE	0	7.37491253744544e-38	0	0	0	0	0	4.3863e-37
rs140101666	2	168149571	0.9596	-0.0014	0.0281	0.9546	0.0454	42598	1322509	0.0312048799105125	C	G	FALSE	0	1.46195307942573e-37	0	0	0	0	0	1.45483e-38
rs140110633	2	168184590	0.5714	0.0295	0.0522	0.9785	0.0215	49053	1411006	0.0335965875351613	A	G	FALSE	0	3.07774278242165e-37	0	0	0	0	0	1.45082e-38
rs140151544	2	169638277	0.393	0.2508	0.2936	0.0117	0.0117	6634	4884	0.575968050008682	T	C	FALSE	0	9.73688646788495e-37	0	0	0	0	0	2.41459e-38
rs140166729	2	168744451	0.9427	0.0055	0.0764	0.98	0.02	14279	307894	0.044320908331859	T	C	FALSE	0	3.75353809032513e-37	0	0	0	0	0	1.72976e-35
rs140213358	2	169036750	0.1137	-0.057	0.036	0.02	0.02	56306	1417791	0.0381969436203995	A	G	FALSE	0	6.26056653985534e-37	0	0	0	0	0	0
rs140235195	2	168773252	0.7005	-0.0222	0.0576	0.9823	0.0177000000000001	32897	744313	0.042327041597509	A	G	FALSE	0	3.11063177576023e-37	0	0	0	0	0	4.06785e-37
rs1402837	2	169757354	0.9628	5e-04	0.0113	0.2246	0.2246	55137	1416823	0.0374582189733417	T	C	FALSE	0	5.92588842523439e-38	0	0	0	0	0	1.79816e-38
rs140283947	2	169682989	0.1807	-0.0922	0.0689	0.989	0.011	30668	974538	0.0305091692648074	T	C	FALSE	0	7.61032374599135e-37	0	0	0	0	0	7.00459e-38
rs1402840	2	169636651	0.1112	0.023	0.0144	0.2635	0.2635	36747	1316643	0.0271518187662093	A	G	FALSE	0	2.68098559075577e-37	0	0	0	0	0	2.5704e-38
rs140365609	2	169392728	0.02146	-0.2399	0.1043	0.0144	0.0144	9082	576295	0.0155147879059136	A	G	FALSE	0	3.88298443989533e-36	0	0	0	0	0	1.12433e-36
rs1403891	2	168268993	0.6787	0.024	0.058	0.0111	0.0111	29793	974091	0.0296777316901156	A	G	FALSE	0	3.16324821231458e-37	0	0	0	0	0	1.44975e-38
rs1403894	2	168161260	0.9373	-0.0013	0.0163	0.095	0.095	56306	1417791	0.0381969436203995	T	C	FALSE	0	8.5519560659769e-38	0	0	0	0	0	1.85539e-38
rs1403895	2	168287130	0.5158	-0.0115	0.0178	0.0825	0.0825	56306	1417791	0.0381969436203995	T	C	FALSE	0	1.14439435172006e-37	0	0	0	0	0	3.53679e-38
rs1403897	2	168223854	0.743	0.0056	0.0171	0.9131	0.0869	56306	1417791	0.0381969436203995	C	G	FALSE	0	9.42924920111692e-38	0	0	0	0	0	1.62878e-38
rs1403898	2	168224154	0.7291	0.006	0.0174	0.9143	0.0857	56306	1417791	0.0381969436203995	A	G	FALSE	0	9.64897825187489e-38	0	0	0	0	0	1.60221e-38
rs1403899	2	168224358	0.8265	0.0039	0.0178	0.9175	0.0825	56306	1417791	0.0381969436203995	C	G	FALSE	0	9.52779427873748e-38	0	0	0	0	0	1.72752e-38
rs1403900	2	168199991	0.7267	0.0061	0.0173	0.0845	0.0845	56306	1417791	0.0381969436203995	T	G	FALSE	0	9.61983468295609e-38	0	0	0	0	0	1.457e-38
rs1403901	2	168200322	0.7524	0.0055	0.0173	0.0837	0.0837	56306	1417791	0.0381969436203995	A	G	FALSE	0	9.50944880369831e-38	0	0	0	0	0	1.45217e-38
rs1403902	2	168257814	0.7646	-0.0051	0.0172	0.907	0.093	56306	1417791	0.0381969436203995	A	T	FALSE	0	9.3934016101748e-38	0	0	0	0	0	1.45659e-38
rs140458130	2	169054283	0.1267	0.0382	0.025	0.0517	0.0517	56306	1417791	0.0381969436203995	T	C	FALSE	0	4.10874003806757e-37	0	0	0	0	0	1.10095e-37
rs140482743	2	170082145	0.6465	0.0293	0.0638	0.9894	0.0106000000000001	22811	885122	0.0251241005668921	A	G	FALSE	0	3.50984921843149e-37	0	0	0	0	0	2.46739e-38
rs140506584	2	168489261	0.6421	-0.0571	0.1229	0.0209	0.0209	7803	5852	0.571439033321128	C	G	FALSE	0	5.94233159589915e-37	0	0	0	0	0	1.46362e-38
rs140628868	2	168817547	0.5591	0.0452	0.0773	0.0117	0.0117	15558	878337	0.0174047287433088	T	C	FALSE	0	4.39022602111855e-37	0	0	0	0	0	1.98833e-38
rs140655027	2	169855207	0.8752	-0.0177	0.113	0.9885	0.0115	13110	306926	0.0409641415340774	T	C	FALSE	0	5.2107576161859e-37	0	0	0	0	0	1.44635e-38
rs1406663	2	168402874	0.3979	-0.0438	0.0518	0.9861	0.0139	29266	973619	0.0291818104767745	T	G	FALSE	0	3.67848142668244e-37	0	0	0	0	0	1.44655e-38
rs1406665	2	168479374	0.2589	0.0137	0.0122	0.7648	0.2352	49053	1411006	0.0335965875351613	T	C	FALSE	0	1.19759013365248e-37	0	0	0	0	0	1.45074e-38
rs140794116	2	168540544	0.03118	0.1025	0.0476	0.9862	0.0138	49053	1411006	0.0335965875351613	A	G	FALSE	0	2.18028127392372e-36	0	0	0	0	0	1.61142e-37
rs140809953	2	169681654	0.06748	0.0948	0.0518	0.0168	0.0168	36384	1316478	0.026894095628379	A	G	FALSE	0	1.26400869590695e-36	0	0	0	0	0	9.17429e-38
rs140824416	2	169117323	0.0004358	0.1345	0.0382	0.0259	0.0259	56306	1417791	0.0381969436203995	A	G	FALSE	0	7.78858234132441e-35	0	0	0	0	0	3.56857e-34
rs140870496	2	168507156	0.3954	-0.1034	0.1217	0.0107	0.0107	27700	1012714	0.0266240169778569	A	G	FALSE	0	7.09946385666215e-37	0	0	0	0	0	1.79651e-38
rs140888364	2	168302609	0.956	0.0018	0.0331	0.9758	0.0242	56306	1417791	0.0381969436203995	A	T	FALSE	0	1.71604484245888e-37	0	0	0	0	0	1.47398e-38
rs140925145	2	169776041	0.8013	0.0332	0.1319	0.0115	0.0115	25378	441092	0.0544043561215084	T	C	FALSE	0	5.90688808495984e-37	0	0	0	0	0	4.30826e-38
rs140929582	2	169297185	0.277	-0.0344	0.0317	0.0328	0.0328	47884	1410038	0.032844006743845	T	C	FALSE	0	2.91783696533227e-37	0	0	0	0	0	1.58238e-38
rs140959980	2	168382170	0.09043	0.0895	0.0528	0.015	0.015	35345	1315724	0.0261607660304544	T	G	FALSE	0	1.02617269102242e-36	0	0	0	0	0	2.69329e-38
rs140976065	2	168972530	0.6771	0.0198	0.0476	0.0122	0.0122	49053	1411006	0.0335965875351613	A	C	FALSE	0	2.63720758595046e-37	0	0	0	0	0	7.01836e-37
rs140984211	2	169389850	0.7189	0.01	0.0278	0.9579	0.0421	30435	974587	0.0302829191798786	A	T	FALSE	0	1.53956262373065e-37	0	0	0	0	0	4.51687e-38
rs141108575	2	168690443	0.0895	-0.2326	0.137	0.0108	0.0108	9445	576460	0.0161203608093462	T	C	FALSE	0	1.58180798277557e-36	0	0	0	0	0	1.66624e-38
rs141176949	2	170007227	0.1059	-0.0625	0.0387	0.9747	0.0253	49053	1411006	0.0335965875351613	T	G	FALSE	0	7.00796089769955e-37	0	0	0	0	0	2.7913e-38
rs141222553	2	168755944	0.9171	-0.0079	0.0758	0.0124	0.0124	16960	879256	0.0189240093905933	T	C	FALSE	0	3.73706026266789e-37	0	0	0	0	0	1.49904e-38
rs141231140	2	168327281	0.05062	-0.1162	0.0594	0.0235	0.0235	33235	1314391	0.0246618869033397	A	G	FALSE	0	1.73380707105832e-36	0	0	0	0	0	2.60312e-37
rs141479796	2	169941694	0.4103	0.0427	0.0518	0.9877	0.0123	56306	1417791	0.0381969436203995	A	G	FALSE	0	3.61786541283666e-37	0	0	0	0	0	2.01288e-38
rs141497499	2	169033142	0.2051	0.1392	0.1099	0.9893	0.0107	33674	449056	0.0697574213328362	T	C	FALSE	0	9.35873741796302e-37	0	0	0	0	0	3.01968e-37
rs141499687	2	168964555	0.6484	-0.0156	0.0343	0.9743	0.0256999999999999	50092	1411760	0.0342661226991515	C	G	FALSE	0	1.96144829406945e-37	0	0	0	0	0	4.08346e-37
rs141561244	2	169203417	0.2454	-0.0396	0.0341	0.9784	0.0216	56306	1417791	0.0381969436203995	T	C	FALSE	0	3.39661529089594e-37	0	0	0	0	0	8.59322e-38
rs141571021	2	169937977	0.7089	0.0368	0.0986	0.016	0.016	27823	443190	0.0590705564389943	A	G	FALSE	0	4.90805921372669e-37	0	0	0	0	0	1.4791e-38
rs141668801	2	170008835	0.4619	0.0311	0.0423	0.9843	0.0157	53858	846380	0.0598264014627243	T	C	FALSE	0	2.8127776143788e-37	0	0	0	0	0	1.8899e-38
rs141694926	2	168759087	0.1619	-0.0509	0.0364	0.9779	0.0221	49928	1411453	0.03416494398107	T	G	FALSE	0	4.84129672381097e-37	0	0	0	0	0	2.74236e-37
rs141713326	2	169519063	0.002314	0.0825	0.0271	0.9611	0.0389	49416	1411171	0.0338329726336055	A	G	FALSE	0	1.33389697718318e-35	0	0	0	0	0	3.13752e-36
rs141717886	2	169590678	0.596	-0.0454	0.0857	0.9894	0.0106000000000001	16070	878619	0.017961548649866	A	T	FALSE	0	4.65378268212589e-37	0	0	0	0	0	2.83755e-38
rs141727601	2	168297531	0.9303	0.0072	0.0823	0.981	0.019	26759	1012349	0.0257518948944672	T	C	FALSE	0	4.00677980855039e-37	0	0	0	0	0	1.44651e-38
rs141740117	2	170066424	0.3018	0.0557	0.0539	0.9848	0.0152	56306	1417791	0.0381969436203995	A	G	FALSE	0	4.49260076372668e-37	0	0	0	0	0	3.31742e-38
rs141802481	2	169213243	0.6673	0.0098	0.0229	0.0487	0.0487	56306	1417791	0.0381969436203995	T	C	FALSE	0	1.3067845248784e-37	0	0	0	0	0	1.47928e-38
rs141820015	2	168783304	0.1463	0.0558	0.0384	0.0217	0.0217	56306	1417791	0.0381969436203995	A	G	FALSE	0	5.47814766885592e-37	0	0	0	0	0	1.62229e-38
rs142071896	2	168299949	0.4493	-0.021	0.0277	0.0432	0.0432	56306	1417791	0.0381969436203995	A	G	FALSE	0	1.90876986363027e-37	0	0	0	0	0	1.52605e-38
rs142199114	2	168312991	0.2828	0.0565	0.0526	0.9888	0.0112	36519	980404	0.0359112735182506	A	G	FALSE	0	4.57866465029184e-37	0	0	0	0	0	5.14236e-38
rs142209928	2	170009809	0.9324	0.0055	0.0646	0.0106	0.0106	36519	980404	0.0359112735182506	T	C	FALSE	0	3.23632352656638e-37	0	0	0	0	0	1.79785e-38
rs142232033	2	170065190	0.5681	-0.0158	0.0277	0.0376	0.0376	56306	1417791	0.0381969436203995	T	C	FALSE	0	1.6889505321657e-37	0	0	0	0	0	2.34671e-38
rs142313464	2	169377206	0.6563	0.0373	0.0839	0.01	0.01	35708	1315889	0.0264191175328149	A	G	FALSE	0	4.41571969717782e-37	0	0	0	0	0	1.51228e-38
rs142319308	2	168887624	0.7492	0.0276	0.0862	0.0158	0.0158	14279	307894	0.044320908331859	T	C	FALSE	0	4.33736703948588e-37	0	0	0	0	0	1.29055e-35
rs142345608	2	169825773	0.1922	-0.086	0.066	0.9892	0.0108	29266	973619	0.0291818104767745	T	G	FALSE	0	7.07172274169236e-37	0	0	0	0	0	2.21862e-38
rs142379643	2	168306029	0.3819	0.0468	0.0536	0.9894	0.0106000000000001	36519	980404	0.0359112735182506	A	G	FALSE	0	3.87702111417048e-37	0	0	0	0	0	1.65989e-38
rs142404952	2	169866193	0.09777	-0.0642	0.0388	0.0176	0.0176	56306	1417791	0.0381969436203995	T	C	FALSE	0	7.47655320575582e-37	0	0	0	0	0	1.27208e-37
rs142453166	2	169603510	0.4953	-0.0585	0.0858	0.0105	0.0105	15558	878337	0.0174047287433088	A	G	FALSE	0	5.03504309689971e-37	0	0	0	0	0	1.46499e-38
rs1424937	2	169566184	0.8657	0.0017	0.0101	0.4496	0.4496	49580	1411478	0.0339343133537478	A	G	FALSE	0	5.36843711747535e-38	0	0	0	0	0	1.45761e-38
rs1424938	2	169536163	0.3239	-0.0235	0.0239	0.9502	0.0498	49580	1411478	0.0339343133537478	T	C	FALSE	0	2.00560772426939e-37	0	0	0	0	0	2.241e-38
rs142514418	2	169079849	0.3413	-0.0248	0.0261	0.0524	0.0524	56306	1417791	0.0381969436203995	A	G	FALSE	0	2.11684166550292e-37	0	0	0	0	0	4.37343e-35
rs142576113	2	168158130	0.1289	-0.0347	0.0229	0.9544	0.0456	56306	1417791	0.0381969436203995	A	C	FALSE	0	3.70754954245288e-37	0	0	0	0	0	4.8826e-38
rs142586101	2	170101954	0.8672	0.0143	0.0853	0.0205	0.0205	27823	443190	0.0590705564389943	A	C	FALSE	0	4.16643969866982e-37	0	0	0	0	0	1.67799e-38
rs142628747	2	169576746	0.498	-0.0246	0.0363	0.9792	0.0208	50092	1411760	0.0342661226991515	A	G	FALSE	0	2.34076672160455e-37	0	0	0	0	0	4.88994e-38
rs142703146	2	169141877	0.1888	0.1947	0.1482	0.99	0.01	9082	576295	0.0155147879059136	T	C	FALSE	0	1.09068394310867e-36	0	0	0	0	0	2.26501e-38
rs142703740	2	168499080	0.7376	0.0679	0.2028	0.0125	0.0125	16797	98096	0.146196896242591	T	G	FALSE	0	7.68171435526511e-37	0	0	0	0	0	1.54067e-38
rs142801486	2	169810472	0.8966	-0.0098	0.0754	0.9898	0.0102	27156	972286	0.0271711615081215	T	G	FALSE	0	3.72965693303112e-37	0	0	0	0	0	1.55163e-38
rs142803524	2	169899681	0.1699	-0.0235	0.0171	0.9044	0.0956	56306	1417791	0.0381969436203995	A	T	FALSE	0	2.28291200450764e-37	0	0	0	0	0	3.38164e-38
rs142804484	2	169936727	0.1411	0.0737	0.0501	0.0183	0.0183	42598	1322509	0.0312048799105125	T	G	FALSE	0	7.05876406447949e-37	0	0	0	0	0	3.6377e-38
rs142828988	2	170074398	0.9288	-0.009	0.1007	0.0181	0.0181	27345	402680	0.063589326201965	T	C	FALSE	0	4.73469741304231e-37	0	0	0	0	0	1.46975e-38
rs142841956	2	169621234	0.4949	0.1995	0.2923	0.012	0.012	6634	4884	0.575968050008682	T	C	FALSE	0	9.32913151347645e-37	0	0	0	0	0	2.15467e-38
rs142867333	2	169526684	0.5307	-0.0361	0.0577	0.9864	0.0135999999999999	34703	1315228	0.0257072398515183	T	C	FALSE	0	3.48519329603791e-37	0	0	0	0	0	6.50782e-37
rs142870933	2	170086857	0.8177	-0.0116	0.0502	0.0109	0.0109	36519	980404	0.0359112735182506	A	G	FALSE	0	2.61991860266779e-37	0	0	0	0	0	1.53926e-38
rs143029145	2	169473255	0.005817	-0.1257	0.0456	0.9788	0.0212	36384	1316478	0.026894095628379	A	G	FALSE	0	8.63791871207508e-36	0	0	0	0	0	2.75855e-37
rs143085567	2	168548423	0.6891	-0.0177	0.0443	0.9854	0.0145999999999999	56306	1417791	0.0381969436203995	A	C	FALSE	0	2.44900898572304e-37	0	0	0	0	0	3.65007e-37
rs143129299	2	169707067	0.879	-0.0077	0.0507	0.9869	0.0131	49286	1410957	0.0337519166330535	A	G	FALSE	0	2.60695273686727e-37	0	0	0	0	0	3.52311e-38
rs1431896	2	168442311	0.2884	0.0144	0.0136	0.8159	0.1841	49053	1411006	0.0335965875351613	C	G	FALSE	0	1.24395678115486e-37	0	0	0	0	0	2.30921e-37
rs1431897	2	168438619	0.4995	-0.0235	0.0348	0.9712	0.0288000000000001	49053	1411006	0.0335965875351613	T	C	FALSE	0	2.24469763612818e-37	0	0	0	0	0	1.80074e-38
rs1431898	2	168430311	0.9981	1e-04	0.0296	0.9631	0.0369	49053	1411006	0.0335965875351613	A	G	FALSE	0	1.5364994360113e-37	0	0	0	0	0	2.28258e-38
rs1431899	2	168476900	0.2023	0.0156	0.0122	0.7818	0.2182	49053	1411006	0.0335965875351613	A	G	FALSE	0	1.44286528834842e-37	0	0	0	0	0	1.51378e-38
rs1431900	2	168477472	0.2796	0.0129	0.0119	0.7686	0.2314	49053	1411006	0.0335965875351613	T	C	FALSE	0	1.11943446806949e-37	0	0	0	0	0	1.59741e-38
rs1431901	2	168468553	0.1956	0.0156	0.012	0.7727	0.2273	49053	1411006	0.0335965875351613	A	C	FALSE	0	1.45883673413856e-37	0	0	0	0	0	1.78951e-38
rs1431903	2	168468315	0.2943	-0.0137	0.0131	0.1823	0.1823	49053	1411006	0.0335965875351613	T	C	FALSE	0	1.18240035861584e-37	0	0	0	0	0	2.07785e-37
rs1431904	2	168464870	0.2328	-0.0495	0.0415	0.0162	0.0162	49053	1411006	0.0335965875351613	A	G	FALSE	0	4.2171689685381e-37	0	0	0	0	0	2.04712e-37
rs1431908	2	168380297	0.7496	-0.0045	0.0141	0.3145	0.3145	35345	1315724	0.0261607660304544	T	C	FALSE	0	7.7641550554813e-38	0	0	0	0	0	2.15496e-38
rs1431911	2	168451556	0.1458	0.0177	0.0122	0.7375	0.2625	49053	1411006	0.0335965875351613	A	G	FALSE	0	1.82335229067096e-37	0	0	0	0	0	1.45105e-38
rs1431912	2	168407833	0.8997	-0.0014	0.0115	0.3761	0.3761	30435	974587	0.0302829191798786	T	C	FALSE	0	6.06920779852971e-38	0	0	0	0	0	1.55472e-38
rs143210194	2	169532304	0.8069	-0.0057	0.0232	0.9134	0.0866	49053	1411006	0.0335965875351613	C	G	FALSE	0	1.24584084565126e-37	0	0	0	0	0	5.30264e-36
rs143211328	2	168423011	0.6627	0.0133	0.0305	0.9604	0.0396	49053	1411006	0.0335965875351613	T	C	FALSE	0	1.73621594235451e-37	0	0	0	0	0	1.84611e-38
rs143217460	2	168491834	0.6687	0.0751	0.1756	0.9848	0.0152	6634	4884	0.575968050008682	A	G	FALSE	0	7.29123348211506e-37	0	0	0	0	0	1.48385e-38
rs143244194	2	169935215	0.6971	0.0238	0.0611	0.0117	0.0117	42598	1322509	0.0312048799105125	A	G	FALSE	0	3.28657897003614e-37	0	0	0	0	0	1.44731e-38
rs143257479	2	168304474	0.8102	0.0179	0.0745	0.0187	0.0187	34012	1019134	0.0322956171319076	T	C	FALSE	0	3.7574431918937e-37	0	0	0	0	0	1.46413e-38
rs143363711	2	169242266	0.8795	0.009	0.0592	0.0139	0.0139	49943	1411643	0.0341704148780845	T	C	FALSE	0	3.01052116849383e-37	0	0	0	0	0	2.86986e-38
rs143382349	2	169452843	0.02094	0.1214	0.0526	0.0145	0.0145	49416	1411171	0.0338329726336055	T	C	FALSE	0	3.223092770399e-36	0	0	0	0	0	1.4661e-38
rs143474960	2	169703430	0.08545	-0.098	0.057	0.9855	0.0145	35578	1315675	0.0263296362709278	C	G	FALSE	0	1.12855852017976e-36	0	0	0	0	0	1.33937e-35
rs143490898	2	168492056	0.5817	0.0255	0.0463	0.0135	0.0135	49053	1411006	0.0335965875351613	T	C	FALSE	0	2.7334133632602e-37	0	0	0	0	0	1.50526e-38
rs143551524	2	169508560	0.02927	-0.0658	0.0302	0.0327	0.0327	49943	1411643	0.0341704148780845	C	G	FALSE	0	1.59557305581785e-36	0	0	0	0	0	9.22531e-38
rs143561968	2	169221743	0.1111	0.1217	0.0764	0.0123	0.0123	15535	878009	0.0173858254322115	T	C	FALSE	0	1.13315756058075e-36	0	0	0	0	0	1.54166e-38
rs143682333	2	168401739	0.02067	0.0966	0.0417	0.0154	0.0154	49053	1411006	0.0335965875351613	A	G	FALSE	0	2.80277268196935e-36	0	0	0	0	0	1.50336e-37
rs143719251	2	168702942	0.6402	0.0231	0.0494	0.0194	0.0194	35345	1315724	0.0261607660304544	A	G	FALSE	0	2.78972887592141e-37	0	0	0	0	0	1.47186e-38
rs143744946	2	168491369	0.3229	0.0422	0.0427	0.9844	0.0155999999999999	49053	1411006	0.0335965875351613	A	G	FALSE	0	3.4957272510299e-37	0	0	0	0	0	1.70638e-38
rs143803456	2	170047890	0.6127	0.0492	0.0972	0.0169	0.0169	27296	442718	0.0580748658550596	A	T	FALSE	0	5.08828372264139e-37	0	0	0	0	0	1.48097e-38
rs143805103	2	170004130	0.7011	-0.0243	0.0634	0.988	0.012	49580	1411478	0.0339343133537478	C	G	FALSE	0	3.39021063040375e-37	0	0	0	0	0	1.48859e-38
rs143837843	2	168310505	0.7523	-0.0195	0.0617	0.9695	0.0305	26759	1012349	0.0257518948944672	A	G	FALSE	0	3.23811360615678e-37	0	0	0	0	0	1.73325e-38
rs143868777	2	169098951	0.1367	-0.0198	0.0133	0.2527	0.2527	42598	1322509	0.0312048799105125	T	C	FALSE	0	2.09884193505568e-37	0	0	0	0	0	6.06862e-29
rs143869345	2	169708322	0.2641	0.0757	0.0678	0.9866	0.0134	35578	1315675	0.0263296362709278	A	G	FALSE	0	5.89315086352858e-37	0	0	0	0	0	3.84096e-38
rs143928330	2	169148781	0.7201	-0.0251	0.07	0.9842	0.0158	21532	314679	0.0640431157814587	A	G	FALSE	0	3.67130678765489e-37	0	0	0	0	0	5.62092e-14
rs143958297	2	168600921	0.9459	0.0039	0.0571	0.9811	0.0189	34539	1314921	0.0255946823173714	A	G	FALSE	0	2.88735885808076e-37	0	0	0	0	0	1.7335e-38
rs143974567	2	168663089	0.8511	0.0094	0.0503	0.9801	0.0199	35345	1315724	0.0261607660304544	A	G	FALSE	0	2.60210958186976e-37	0	0	0	0	0	2.0976e-38
rs144008318	2	169908412	0.8757	-0.008	0.051	0.9819	0.0181	49565	1411288	0.0339288073474881	C	G	FALSE	0	2.62331521535904e-37	0	0	0	0	0	1.47727e-38
rs144128136	2	168354499	0.172	0.0739	0.0541	0.0156	0.0156	35345	1315724	0.0261607660304544	A	G	FALSE	0	6.5367384332239e-37	0	0	0	0	0	2.90579e-38
rs144159112	2	169243819	0.2324	0.0702	0.0588	0.9807	0.0193	49053	1411006	0.0335965875351613	A	T	FALSE	0	5.70431727972793e-37	0	0	0	0	0	1.55455e-38
rs144260784	2	169990607	0.2863	-0.0241	0.0226	0.9454	0.0546	56306	1417791	0.0381969436203995	A	G	FALSE	0	2.06591263618004e-37	0	0	0	0	0	1.8174e-38
rs144269067	2	168416018	0.03983	-0.0908	0.0442	0.9836	0.0164	49053	1411006	0.0335965875351613	A	G	FALSE	0	1.69328412313669e-36	0	0	0	0	0	6.4579e-37
rs144343077	2	169946665	0.2714	0.058	0.0527	0.9877	0.0123	55137	1416823	0.0374582189733417	T	C	FALSE	0	4.71108617256602e-37	0	0	0	0	0	2.61958e-38
rs144356484	2	169664027	0.5472	-0.1347	0.2237	0.0109	0.0109	4524	3551	0.560247678018576	A	G	FALSE	0	8.47995956641987e-37	0	0	0	0	0	1.64088e-38
rs144373969	2	168179762	0.4258	-0.0346	0.0434	0.9788	0.0212	56306	1417791	0.0381969436203995	A	G	FALSE	0	3.01473929161152e-37	0	0	0	0	0	1.71606e-38
rs144571496	2	168609810	0.4329	-0.046	0.0586	0.0159	0.0159	35345	1315724	0.0261607660304544	A	G	FALSE	0	3.91907032287479e-37	0	0	0	0	0	2.44886e-38
rs144584445	2	169536903	0.116	-0.1208	0.0769	0.0122	0.0122	15558	878337	0.0174047287433088	C	G	FALSE	0	1.10345309907142e-36	0	0	0	0	0	1.53976e-38
rs144616796	2	168565920	0.6764	-0.0323	0.0774	0.9899	0.0101	26432	401715	0.0617358056929045	T	G	FALSE	0	4.08572570100042e-37	0	0	0	0	0	1.57338e-38
rs1446501	2	168738825	0.2241	0.0141	0.0116	0.7468	0.2532	49053	1411006	0.0335965875351613	A	C	FALSE	0	1.26890049895036e-37	0	0	0	0	0	1.6134e-38
rs1446502	2	168653425	0.1028	0.0815	0.05	0.0128	0.0128	29629	973784	0.0295282201845103	A	G	FALSE	0	8.88688988068773e-37	0	0	0	0	0	5.59742e-33
rs1446504	2	168834069	0.05583	-0.0192	0.0101	0.5462	0.4538	49053	1411006	0.0335965875351613	A	G	FALSE	0	3.2094766571951e-37	0	0	0	0	0	1.55403e-28
rs1446506	2	168752678	0.4248	-0.0094	0.0118	0.2447	0.2447	49053	1411006	0.0335965875351613	C	G	FALSE	0	8.47991923887629e-38	0	0	0	0	0	3.25586e-36
rs1446507	2	168733417	0.05674	-0.0298	0.0156	0.1205	0.1205	50455	1411925	0.0345019762305283	A	C	FALSE	0	5.0043378229705e-37	0	0	0	0	0	3.95846e-33
rs144657462	2	168472821	0.7446	0.0179	0.055	0.0116	0.0116	49053	1411006	0.0335965875351613	T	C	FALSE	0	2.92320204360624e-37	0	0	0	0	0	1.51684e-38
rs144660251	2	169200497	0.5351	-0.0332	0.0536	0.9882	0.0118	29266	973619	0.0291818104767745	A	C	FALSE	0	3.24918438484694e-37	0	0	0	0	0	1.52388e-38
rs144679452	2	168803768	0.5169	-0.0284	0.0438	0.016	0.016	49159	1411258	0.0336609338291734	A	G	FALSE	0	2.74385283171559e-37	0	0	0	0	0	1.54686e-38
rs144783876	2	169470222	0.0813	-0.1229	0.0705	0.9859	0.0141	34703	1315228	0.0257072398515183	A	G	FALSE	0	1.34793183634335e-36	0	0	0	0	0	9.61944e-36
rs144826484	2	169348579	0.1881	-0.0575	0.0437	0.0151	0.0151	48411	1410510	0.0331827425885295	A	G	FALSE	0	5.11816459802761e-37	0	0	0	0	0	3.70628e-38
rs144857634	2	168968537	0.7491	0.0155	0.0484	0.0117	0.0117	49053	1411006	0.0335965875351613	T	C	FALSE	0	2.59100578320265e-37	0	0	0	0	0	3.89562e-38
rs144869456	2	169348361	0.2279	-0.0251	0.0208	0.0648	0.0648	49416	1411171	0.0338329726336055	T	C	FALSE	0	2.23098525518502e-37	0	0	0	0	0	2.83292e-37
rs1448827	2	168967639	0.001366	-0.03	0.0094	0.5363	0.4637	56306	1417791	0.0381969436203995	T	C	FALSE	0	7.93401212689785e-36	0	0	0	0	0	5.60159e-36
rs1448828	2	168969842	2.093e-05	0.0434	0.0102	0.6712	0.3288	56306	1417791	0.0381969436203995	A	G	FALSE	0	4.45713474064729e-34	0	0	0	0	0	1.52289e-38
rs1448829	2	168924072	0.01374	0.0245	0.0099	0.579	0.421	56306	1417791	0.0381969436203995	T	C	FALSE	0	1.10074734192056e-36	1	1	0	0	0	1.47495e-38
rs1448830	2	168845558	0.06644	-0.0184	0.01	0.5513	0.4487	49053	1411006	0.0335965875351613	A	C	FALSE	0	2.83623019212399e-37	0	0	0	0	0	2.05411e-28
rs1448831	2	168877794	0.008715	-0.0303	0.0116	0.7523	0.2477	49053	1411006	0.0335965875351613	A	C	FALSE	0	1.82087269010682e-36	0	0	0	0	0	2.51716e-32
rs1448832	2	168852848	0.07115	0.0182	0.0101	0.4478	0.4478	49053	1411006	0.0335965875351613	T	C	FALSE	0	2.67315343755351e-37	0	0	0	0	0	1.04833e-36
rs1448833	2	168852821	0.06109	0.0189	0.0101	0.4508	0.4508	49053	1411006	0.0335965875351613	C	G	FALSE	0	3.03504569692275e-37	0	0	0	0	0	2.9916e-37
rs1448835	2	168531930	0.6115	-0.0251	0.0494	0.0114	0.0114	56306	1417791	0.0381969436203995	A	C	FALSE	0	2.84214738202529e-37	0	0	0	0	0	2.22775e-38
rs1448836	2	168516736	0.6874	0.0046	0.0115	0.7394	0.2606	49053	1411006	0.0335965875351613	A	G	FALSE	0	6.52459360525207e-38	0	0	0	0	0	1.95569e-37
rs1448838	2	168505282	0.2723	-0.0133	0.0122	0.2589	0.2589	49053	1411006	0.0335965875351613	C	G	FALSE	0	1.15507496363091e-37	0	0	0	0	0	9.38335e-38
rs1448839	2	168607437	0.2198	0.0175	0.0143	0.1486	0.1486	49053	1411006	0.0335965875351613	A	G	FALSE	0	1.57660840282346e-37	0	0	0	0	0	1.65456e-37
rs1448843	2	168551879	0.3293	-0.0149	0.0152	0.1253	0.1253	50455	1411925	0.0345019762305283	A	G	FALSE	0	1.28232526684004e-37	0	0	0	0	0	2.98373e-38
rs144887265	2	168573267	0.9517	0.0073	0.1202	0.9874	0.0125999999999999	21381	100920	0.174822773321559	T	C	FALSE	0	5.41346148352074e-37	0	0	0	0	0	5.40445e-38
rs144903077	2	169326365	0.08984	0.0909	0.0536	0.0202	0.0202	35345	1315724	0.0261607660304544	A	G	FALSE	0	1.03926167476761e-36	0	0	0	0	0	1.4971e-37
rs144924687	2	168657808	0.2806	0.0665	0.0616	0.9828	0.0172	16727	879305	0.0186678600764258	A	G	FALSE	0	5.25998396108244e-37	0	0	0	0	0	2.58424e-38
rs144970495	2	169001767	0.3004	-0.0504	0.0486	0.0149	0.0149	47627	1410125	0.0326715380942712	T	C	FALSE	0	4.11747339812093e-37	0	0	0	0	0	1.50079e-38
rs145100908	2	168376645	0.2249	-0.0872	0.0718	0.0108	0.0108	16433	878784	0.0183564431864006	A	T	FALSE	0	6.81496869573362e-37	0	0	0	0	0	1.80541e-38
rs145101022	2	168450604	0.9807	-0.0041	0.1695	0.9516	0.0484	3942	2646	0.598360655737705	T	C	FALSE	0	6.7864553701999e-37	0	0	0	0	0	8.08487e-38
rs145154931	2	169896309	0.2798	0.0161	0.0149	0.1244	0.1244	56306	1417791	0.0381969436203995	T	G	FALSE	0	1.39335164035683e-37	0	0	0	0	0	2.18554e-38
rs145213081	2	169945544	0.3636	0.0804	0.0885	0.0101	0.0101	16960	879256	0.0189240093905933	T	C	FALSE	0	5.99691204458624e-37	0	0	0	0	0	4.73508e-38
rs1452280	2	169259933	0.1201	-0.0162	0.0104	0.3667	0.3667	50455	1411925	0.0345019762305283	C	G	FALSE	0	1.82749688255246e-37	0	0	0	0	0	1.54211e-38
rs1452281	2	169258411	0.8987	-0.003	0.0233	0.9485	0.0515	49580	1411478	0.0339343133537478	A	T	FALSE	0	1.22440060198389e-37	0	0	0	0	0	6.1001e-38
rs1452283	2	169198659	0.8959	0.0015	0.0113	0.7616	0.2384	56306	1417791	0.0381969436203995	A	G	FALSE	0	5.97233018713382e-38	0	0	0	0	0	4.44012e-38
rs1452284	2	169213478	0.5373	-0.0069	0.0112	0.2668	0.2668	55794	1417509	0.0378700104459164	A	G	FALSE	0	7.08990987977055e-38	0	0	0	0	0	2.80002e-38
rs1452286	2	169284089	0.4469	0.0079	0.0103	0.6341	0.3659	36747	1316643	0.0271518187662093	A	G	FALSE	0	7.23784983044168e-38	0	0	0	0	0	9.64377e-38
rs145253443	2	169984766	0.2507	0.0847	0.0737	0.989	0.011	29778	973901	0.0296688483070783	A	T	FALSE	0	6.49047380163378e-37	0	0	0	0	0	5.42866e-38
rs145284789	2	169236430	0.1139	-0.055	0.0348	0.0265	0.0265	49580	1411478	0.0339343133537478	A	G	FALSE	0	6.04656173200324e-37	0	0	0	0	0	1.45325e-36
rs145300942	2	168178340	0.3528	-0.0521	0.056	0.9796	0.0204	35345	1315724	0.0261607660304544	T	C	FALSE	0	4.22699711339092e-37	0	0	0	0	0	1.81923e-38
rs1453405	2	169308231	0.1203	-0.0156	0.01	0.5708	0.4292	49943	1411643	0.0341704148780845	T	C	FALSE	0	1.764139093525e-37	0	0	0	0	0	3.92666e-37
rs1453406	2	169323540	0.181	0.0147	0.011	0.7399	0.2601	56306	1417791	0.0381969436203995	T	C	FALSE	0	1.40380516998963e-37	0	0	0	0	0	5.1013e-35
rs1453407	2	169291389	0.5546	0.01	0.017	0.1035	0.1035	49943	1411643	0.0341704148780845	A	C	FALSE	0	1.0554252281024e-37	0	0	0	0	0	1.49775e-38
rs145353824	2	169765277	0.2527	0.0762	0.0666	0.99	0.01	30668	974538	0.0305091692648074	A	C	FALSE	0	5.9767817080399e-37	0	0	0	0	0	6.37716e-38
rs145384264	2	170089934	0.8491	0.018	0.0947	0.0172	0.0172	27823	443190	0.0590705564389943	T	C	FALSE	0	4.55800776063076e-37	0	0	0	0	0	1.5951e-38
rs145386520	2	169418806	0.02266	-0.2363	0.1037	0.0157	0.0157	9082	576295	0.0155147879059136	A	G	FALSE	0	3.73800042032278e-36	0	0	0	0	0	1.94335e-36
rs145451379	2	169696599	0.5485	0.0377	0.0629	0.9896	0.0104	30668	974538	0.0305091692648074	T	G	FALSE	0	3.7076521478551e-37	0	0	0	0	0	1.89695e-38
rs145495456	2	169602046	0.2425	0.0432	0.037	0.958	0.042	36747	1316643	0.0271518187662093	T	C	FALSE	0	3.69028353784095e-37	0	0	0	0	0	2.71188e-38
rs145551917	2	169346062	0.1244	0.0819	0.0533	0.9832	0.0168	49053	1411006	0.0335965875351613	A	G	FALSE	0	8.1372498751488e-37	0	0	0	0	0	1.2393e-36
rs145564933	2	168663471	0.6143	0.0206	0.0409	0.9811	0.0189	49053	1411006	0.0335965875351613	A	G	FALSE	0	2.37489877307914e-37	0	0	0	0	0	2.82786e-38
rs145586340	2	169779432	0.2845	-0.2346	0.2192	0.0106	0.0106	5414	4188	0.563840866486149	T	G	FALSE	0	1.00565599888997e-36	0	0	0	0	0	2.1365e-38
rs145590319	2	168615804	0.951	-0.0025	0.04	0.9835	0.0165	49053	1411006	0.0335965875351613	A	G	FALSE	0	2.06206450758846e-37	0	0	0	0	0	1.4858e-38
rs145607281	2	169387657	0.1807	0.0785	0.0587	0.9823	0.0177000000000001	35345	1315724	0.0261607660304544	T	C	FALSE	0	6.73260404765303e-37	0	0	0	0	0	6.73035e-37
rs145647888	2	169594441	0.867	-0.0128	0.0767	0.9885	0.0115	35345	1315724	0.0261607660304544	T	C	FALSE	0	3.80378101303355e-37	0	0	0	0	0	1.51864e-38
rs145687224	2	170067971	0.5048	0.0447	0.067	0.0107	0.0107	23980	886090	0.0263496214576901	T	C	FALSE	0	4.07214525379916e-37	0	0	0	0	0	1.44949e-38
rs145714905	2	168181100	0.2609	0.0714	0.0635	0.0157	0.0157	16727	879305	0.0186678600764258	A	G	FALSE	0	5.63974251067444e-37	0	0	0	0	0	1.57703e-38
rs145773944	2	169075749	0.01378	0.0829	0.0337	0.9772	0.0228	56306	1417791	0.0381969436203995	T	C	FALSE	0	3.30552584134938e-36	0	0	0	0	1	1
rs145796066	2	169308481	0.8675	-0.0119	0.0715	0.988	0.012	23980	886090	0.0263496214576901	T	C	FALSE	0	3.57655971908109e-37	0	0	0	0	0	3.52412e-38
rs145846744	2	168724915	0.9796	-0.0014	0.0543	0.983	0.017	35345	1315724	0.0261607660304544	C	G	FALSE	0	2.75063922716789e-37	0	0	0	0	0	1.70175e-38
rs145941086	2	168347012	0.9369	-0.005	0.0634	0.9733	0.0266999999999999	26759	1012349	0.0257518948944672	T	C	FALSE	0	3.18029176757518e-37	0	0	0	0	0	1.57537e-38
rs145943687	2	169974781	0.1551	0.0581	0.0409	0.9771	0.0229	56306	1417791	0.0381969436203995	A	T	FALSE	0	5.53819440710157e-37	0	0	0	0	0	3.91957e-38
rs145960954	2	168953944	0.655	-0.021	0.0471	0.9875	0.0125	49053	1411006	0.0335965875351613	T	C	FALSE	0	2.64327261652813e-37	0	0	0	0	0	9.32988e-38
rs145970469	2	170084314	0.1309	-0.1109	0.0734	0.0102	0.0102	29266	973619	0.0291818104767745	A	G	FALSE	0	9.88705965089046e-37	0	0	0	0	0	2.47273e-38
rs145981063	2	170012307	0.4961	0.0387	0.0569	0.9877	0.0123	49580	1411478	0.0339343133537478	A	G	FALSE	0	3.55699680660694e-37	0	0	0	0	0	3.37716e-38
rs146104426	2	169675593	0.03118	0.1771	0.0822	0.0122	0.0122	16070	878619	0.017961548649866	A	G	FALSE	0	2.90556774486054e-36	0	0	0	0	0	6.60432e-38
rs146116810	2	168124805	0.9403	-0.003	0.0401	0.0262	0.0262	56306	1417791	0.0381969436203995	A	G	FALSE	0	2.06870046929655e-37	0	0	0	0	0	1.50379e-38
rs146151430	2	168519263	0.2539	-0.0588	0.0516	0.0148	0.0148	47884	1410038	0.032844006743845	A	G	FALSE	0	4.81921092651862e-37	0	0	0	0	0	6.43955e-38
rs146202774	2	168997340	0.936	-0.0037	0.0461	0.9847	0.0153	50092	1411760	0.0342661226991515	A	T	FALSE	0	2.36445706154173e-37	0	0	0	0	0	2.60544e-38
rs146212642	2	169979485	0.5693	-0.1073	0.1885	0.9891	0.0109	6634	4884	0.575968050008682	T	C	FALSE	0	7.84295657825219e-37	0	0	0	0	0	1.71206e-38
rs146225382	2	169572542	0.2414	-0.032	0.0273	0.9641	0.0359	50092	1411760	0.0342661226991515	A	G	FALSE	0	2.78606974206843e-37	0	0	0	0	0	2.51162e-36
rs146255072	2	168154066	0.2006	-0.0656	0.0513	0.9857	0.0143	42598	1322509	0.0312048799105125	C	G	FALSE	0	5.61546630858224e-37	0	0	0	0	0	1.7062e-36
rs146270832	2	168775347	0.8743	-0.0112	0.0707	0.0137	0.0137	15558	878337	0.0174047287433088	A	C	FALSE	0	3.53702282980047e-37	0	0	0	0	0	2.09247e-38
rs1463151	2	168539925	0.6372	-0.0064	0.0135	0.8233	0.1767	49053	1411006	0.0335965875351613	A	G	FALSE	0	7.9044495129522e-38	0	0	0	0	0	5.06765e-38
rs1463152	2	168539669	0.04674	-0.0213	0.0107	0.6984	0.3016	56306	1417791	0.0381969436203995	T	C	FALSE	0	4.04334520923098e-37	0	0	0	0	0	2.03828e-38
rs146357865	2	168596507	0.5222	0.0236	0.0368	0.0443	0.0443	35345	1315724	0.0261607660304544	C	G	FALSE	0	2.31709044771307e-37	0	0	0	0	0	2.29346e-38
rs146469419	2	169368840	0.01387	0.2767	0.1125	0.9862	0.0138	9082	576295	0.0155147879059136	A	T	FALSE	0	5.12011063529469e-36	0	0	0	0	0	7.50806e-38
rs146525503	2	168663106	0.02657	-0.0354	0.0159	0.1208	0.1208	50455	1411925	0.0345019762305283	A	C	FALSE	0	9.76325123602387e-37	0	0	0	0	0	4.11581e-31
rs1466180	2	169224527	0.3506	-0.0134	0.0144	0.1348	0.1348	56306	1417791	0.0381969436203995	A	G	FALSE	0	1.15944027270501e-37	0	0	0	0	0	7.86334e-35
rs1467278	2	169745275	0.2042	0.013	0.0102	0.6619	0.3381	56306	1417791	0.0381969436203995	A	G	FALSE	0	1.20169141386436e-37	0	0	0	0	0	1.83788e-38
rs146733579	2	169949080	0.07876	-0.0783	0.0445	0.016	0.016	56306	1417791	0.0381969436203995	T	C	FALSE	0	9.96299585394776e-37	0	0	0	0	0	2.6806e-37
rs146799584	2	169582743	0.8298	0.0529	0.2462	0.9872	0.0128	4524	3551	0.560247678018576	A	G	FALSE	0	8.22085076552533e-37	0	0	0	0	0	1.55067e-38
rs146901930	2	169999937	0.9076	-0.0063	0.054	0.0128	0.0128	34071	408993	0.0768985970424137	A	G	FALSE	0	2.75303825713738e-37	0	0	0	0	0	1.45228e-38
rs147001976	2	169639844	0.4675	-0.0299	0.0411	0.0311	0.0311	50455	1411925	0.0345019762305283	A	G	FALSE	0	2.72314816653313e-37	0	0	0	0	0	1.45657e-38
rs147030308	2	169168616	0.8737	-0.0189	0.1189	0.9858	0.0142	25252	441303	0.0541243797623003	A	G	FALSE	0	5.41328862077485e-37	0	0	0	0	0	1.71194e-38
rs147077396	2	168491935	0.3068	-0.0439	0.043	0.0154	0.0154	49053	1411006	0.0335965875351613	T	C	FALSE	0	3.63020808093681e-37	0	0	0	0	0	3.41795e-38
rs147125596	2	168340952	0.06382	-0.1638	0.0884	0.0123	0.0123	15558	878337	0.0174047287433088	A	G	FALSE	0	1.78380709537817e-36	0	0	0	0	0	1.12236e-37
rs147131978	2	170075766	0.8722	0.0081	0.0502	0.9891	0.0109	36519	980404	0.0359112735182506	T	G	FALSE	0	2.58641747876206e-37	0	0	0	0	0	1.89728e-38
rs147208215	2	168674595	0.8361	-0.0105	0.0506	0.979	0.021	35345	1315724	0.0261607660304544	T	C	FALSE	0	2.6266917756562e-37	0	0	0	0	0	1.49706e-38
rs147263358	2	169609119	0.8858	-0.0136	0.095	0.0119	0.0119	13355	877177	0.0149966536856621	T	C	FALSE	0	4.54066149998711e-37	0	0	0	0	0	1.45147e-38
rs147303917	2	168855998	0.4403	0.0337	0.0436	0.0211	0.0211	49053	1411006	0.0335965875351613	C	G	FALSE	0	2.9729830976314e-37	0	0	0	0	0	2.36108e-37
rs147335778	2	170029059	0.9946	5e-04	0.0701	0.011	0.011	42598	1322509	0.0312048799105125	A	G	FALSE	0	3.47144472934493e-37	0	0	0	0	0	1.52667e-38
rs1474055	2	169110394	2.541e-39	0.1796	0.0137	0.1312	0.1312	56306	1417791	0.0381969436203995	T	C	TRUE	1	1	0	0	1	1	1	1
rs147406381	2	168313281	0.2741	0.054	0.0494	0.0182	0.0182	49928	1411453	0.03416494398107	A	G	FALSE	0	4.41938065710977e-37	0	0	0	0	0	4.6523e-38
rs147435864	2	168134421	0.5459	0.0346	0.0573	0.0116	0.0116	36519	980404	0.0359112735182506	T	C	FALSE	0	3.42088494540726e-37	0	0	0	0	0	1.47443e-38
rs147482422	2	169370987	0.8089	0.0125	0.0515	0.0177	0.0177	36235	1316361	0.0267892260512378	T	G	FALSE	0	2.69033719290658e-37	0	0	0	0	0	5.2004e-38
rs147488931	2	169684525	0.2876	0.087	0.0819	0.9893	0.0107	16062	878481	0.01795553707312	T	C	FALSE	0	6.44774395955583e-37	0	0	0	0	0	2.8446e-38
rs147499228	2	169387208	0.05951	-0.1191	0.0632	0.0115	0.0115	36747	1316643	0.0271518187662093	A	C	FALSE	0	1.58904977974457e-36	0	0	0	0	0	6.74159e-37
rs147501361	2	169918402	0.6318	0.0257	0.0536	0.0166	0.0166	49053	1411006	0.0335965875351613	A	G	FALSE	0	3.02428656134868e-37	0	0	0	0	0	1.76207e-38
rs147610000	2	169110422	0.001864	-0.0949	0.0305	0.057	0.057	42598	1322509	0.0312048799105125	T	C	FALSE	0	1.7936365527163e-35	0	0	0	0	0	2.69616e-38
rs147671779	2	168348255	0.5522	-0.067	0.1127	0.0137	0.0137	25590	1011381	0.0246776428656153	T	G	FALSE	0	5.89164350328903e-37	0	0	0	0	0	1.71608e-38
rs1478384	2	168234999	0.6917	0.0068	0.0172	0.9129	0.0871	56306	1417791	0.0381969436203995	T	C	FALSE	0	9.71768330305334e-38	0	0	0	0	0	1.57747e-38
rs1478385	2	168221481	0.763	0.0052	0.0172	0.9134	0.0866	56306	1417791	0.0381969436203995	A	G	FALSE	0	9.40964767919154e-38	0	0	0	0	0	1.64639e-38
rs147849586	2	169269123	0.008868	0.1157	0.0442	0.0218	0.0218	36384	1316478	0.026894095628379	A	C	FALSE	0	5.93790498884165e-36	0	0	0	0	0	7.38898e-37
rs147863121	2	168799034	0.4239	0.0558	0.0698	0.0132	0.0132	16085	878809	0.0179741958265448	A	G	FALSE	0	4.59778155751076e-37	0	0	0	0	0	1.67969e-38
rs147919312	2	169699264	0.1043	-0.0918	0.0565	0.9794	0.0206	35578	1315675	0.0263296362709278	A	G	FALSE	0	9.68722881956631e-37	0	0	0	0	0	2.47826e-36
rs1479586	2	168119876	0.8896	-0.0015	0.011	0.2485	0.2485	56306	1417791	0.0381969436203995	T	G	FALSE	0	5.81709034540537e-38	0	0	0	0	0	1.58056e-38
rs1479587	2	168117941	0.8555	-0.003	0.0162	0.0942	0.0942	56306	1417791	0.0381969436203995	A	G	FALSE	0	8.61859541523044e-38	0	0	0	0	0	1.45821e-38
rs1479588	2	168117790	0.8625	-0.0019	0.0109	0.248	0.248	56306	1417791	0.0381969436203995	A	G	FALSE	0	5.79834688867484e-38	0	0	0	0	0	1.56529e-38
rs1479591	2	168127204	0.8317	-0.0034	0.016	0.0951	0.0951	56306	1417791	0.0381969436203995	A	G	FALSE	0	8.55896372294555e-38	0	0	0	0	0	1.47188e-38
rs147994442	2	168534263	0.02433	-0.0764	0.0339	0.0297	0.0297	49053	1411006	0.0335965875351613	T	C	FALSE	0	2.07063802145586e-36	0	0	0	0	0	1.53221e-38
rs148148338	2	169578343	0.5191	-0.0517	0.0803	0.989	0.011	15535	878009	0.0173858254322115	T	C	FALSE	0	4.67435656296296e-37	0	0	0	0	0	7.39134e-38
rs148164545	2	169762314	0.002963	0.2316	0.078	0.9869	0.0131	15558	878337	0.0174047287433088	A	C	FALSE	0	1.7498089292685e-35	0	0	0	0	0	6.70984e-35
rs148175700	2	169902092	0.8716	0.0103	0.064	0.0109	0.0109	29266	973619	0.0291818104767745	T	C	FALSE	0	3.23635059477615e-37	0	0	0	0	0	1.45542e-38
rs148177092	2	168664331	0.8443	0.0076	0.0385	0.979	0.021	49053	1411006	0.0335965875351613	T	C	FALSE	0	2.02144664098171e-37	0	0	0	0	0	1.81908e-38
rs148257202	2	169707171	0.001405	0.2261	0.0708	0.9837	0.0163	15558	878337	0.0174047287433088	C	G	FALSE	0	3.25305203874853e-35	0	0	0	0	0	1.15695e-34
rs148264295	2	168149119	0.7671	0.0119	0.0403	0.9491	0.0509	34012	1019134	0.0322956171319076	T	C	FALSE	0	2.16172795988108e-37	0	0	0	0	0	2.23448e-38
rs148307702	2	168301736	0.6929	0.0458	0.116	0.0171	0.0171	23645	440396	0.0509545492747408	C	G	FALSE	0	5.58165431732888e-37	0	0	0	0	0	1.73034e-38
rs148335443	2	168699042	0.5456	0.1216	0.2012	0.9871	0.0129	6634	4884	0.575968050008682	T	C	FALSE	0	8.15031913787706e-37	0	0	0	0	0	4.55897e-38
rs148376797	2	169552769	0.8995	-0.017	0.1346	0.9876	0.0124	9205	6771	0.576176765147722	T	C	FALSE	0	5.89183050592219e-37	0	0	0	0	0	5.52326e-38
rs148466187	2	169609948	0.9909	-9e-04	0.0788	0.9896	0.0104	35215	1315510	0.0260711839937811	A	C	FALSE	0	3.84732344097208e-37	0	0	0	0	0	2.73398e-38
rs148495256	2	169570206	0.6405	0.0414	0.0887	0.01	0.01	15558	878337	0.0174047287433088	T	C	FALSE	0	4.66021077103063e-37	0	0	0	0	0	1.48424e-38
rs148541367	2	170099808	0.6799	0.0261	0.0634	0.9891	0.0109	22811	885122	0.0251241005668921	C	G	FALSE	0	3.42515394640566e-37	0	0	0	0	0	2.33638e-38
rs148567211	2	168298422	0.3931	-0.0191	0.0224	0.0822	0.0822	42598	1322509	0.0312048799105125	T	G	FALSE	0	1.67266017682161e-37	0	0	0	0	0	1.5373e-38
rs148672158	2	169050886	0.006925	-0.0748	0.0277	0.0494	0.0494	49943	1411643	0.0341704148780845	T	C	FALSE	0	5.15135972747237e-36	0	0	0	0	0	1.56037e-37
rs148683635	2	169371996	0.1159	-0.0853	0.0542	0.0162	0.0162	49053	1411006	0.0335965875351613	A	G	FALSE	0	8.70156239051629e-37	0	0	0	0	0	1.4787e-38
rs148706064	2	169534207	0.551	0.0145	0.0242	0.9567	0.0433	56306	1417791	0.0381969436203995	A	G	FALSE	0	1.50464959541131e-37	0	0	0	0	0	2.49618e-37
rs148711529	2	169833641	0.6178	0.0264	0.0529	0.9835	0.0165	42598	1322509	0.0312048799105125	T	C	FALSE	0	3.01481556193461e-37	0	0	0	0	0	1.56747e-38
rs148725369	2	170026136	0.9406	0.0041	0.055	0.0123	0.0123	48411	1410510	0.0331827425885295	A	G	FALSE	0	2.78995640105314e-37	0	0	0	0	0	1.82573e-38
rs148763221	2	168341434	0.1713	0.0661	0.0483	0.0194	0.0194	49416	1411171	0.0338329726336055	T	G	FALSE	0	5.96841571401176e-37	0	0	0	0	0	4.65686e-38
rs148766104	2	169912240	0.5136	0.0267	0.0408	0.0213	0.0213	56306	1417791	0.0381969436203995	A	G	FALSE	0	2.57649063567406e-37	0	0	0	0	0	1.67827e-38
rs148833621	2	168242089	0.2214	-0.0674	0.0552	0.9845	0.0155	35345	1315724	0.0261607660304544	A	G	FALSE	0	5.58167906622684e-37	0	0	0	0	0	4.18106e-38
rs148835005	2	170027964	0.2684	-0.0303	0.0274	0.0307	0.0307	56306	1417791	0.0381969436203995	A	C	FALSE	0	2.59602588904816e-37	0	0	0	0	0	1.44888e-38
rs148874738	2	169913736	0.8623	-0.0089	0.051	0.9821	0.0179	49565	1411288	0.0339288073474881	A	G	FALSE	0	2.63052705108164e-37	0	0	0	0	0	1.47274e-38
rs148878485	2	168548158	0.6208	-0.086	0.1739	0.0107	0.0107	7161	5356	0.572101941359751	A	G	FALSE	0	7.38277391504316e-37	0	0	0	0	0	1.85225e-38
rs148903671	2	168973278	0.6648	0.0223	0.0515	0.0114	0.0114	49053	1411006	0.0335965875351613	T	C	FALSE	0	2.85754025676312e-37	0	0	0	0	0	7.5912e-37
rs148937870	2	168951666	0.902	-0.008	0.0653	0.0142	0.0142	29266	973619	0.0291818104767745	T	C	FALSE	0	3.27948716833011e-37	0	0	0	0	0	1.53797e-38
rs148955554	2	168348186	0.3214	0.068	0.0685	0.0284	0.0284	26759	1012349	0.0257518948944672	C	G	FALSE	0	5.28530215684093e-37	0	0	0	0	0	1.52161e-38
rs148964707	2	168524249	0.8966	-0.004	0.0305	0.0337	0.0337	56306	1417791	0.0381969436203995	C	G	FALSE	0	1.59551515052278e-37	0	0	0	0	0	4.28105e-38
rs148997340	2	168472109	0.382	-0.2465	0.282	0.9807	0.0193	4621	3294	0.583828174352495	A	G	FALSE	0	9.72793504802826e-37	0	0	0	0	0	1.81249e-38
rs149116496	2	169351129	0.00505	-0.1221	0.0435	0.9789	0.0211	50092	1411760	0.0342661226991515	C	G	FALSE	0	9.5928907390935e-36	0	0	0	0	0	4.14836e-37
rs149125715	2	168218508	0.2098	-0.0437	0.0348	0.0584	0.0584	35345	1315724	0.0261607660304544	T	C	FALSE	0	3.86725661867872e-37	0	0	0	0	0	5.3614e-38
rs149259473	2	168796581	0.6647	-0.0241	0.0556	0.0136	0.0136	49053	1411006	0.0335965875351613	A	C	FALSE	0	3.06707336945288e-37	0	0	0	0	0	2.22094e-38
rs149340495	2	169015192	0.3721	-0.0479	0.0536	0.013	0.013	49580	1411478	0.0339343133537478	A	G	FALSE	0	3.94315680521583e-37	0	0	0	0	0	2.88146e-36
rs149342476	2	169514419	0.6027	0.018	0.0347	0.0338	0.0338	42598	1322509	0.0312048799105125	T	G	FALSE	0	2.04435228551136e-37	0	0	0	0	0	1.46053e-38
rs149366735	2	169731469	0.9403	0.009	0.1205	0.0192	0.0192	13887	11669	0.543394897480044	C	G	FALSE	0	5.42712927501958e-37	0	0	0	0	0	1.46079e-38
rs149392935	2	168638313	0.1216	0.0398	0.0257	0.0411	0.0411	49053	1411006	0.0335965875351613	A	G	FALSE	0	4.35151486052535e-37	0	0	0	0	0	1.76076e-38
rs149415584	2	170091660	0.568	-0.0299	0.0524	0.0113	0.0113	36519	980404	0.0359112735182506	A	G	FALSE	0	3.09755429847252e-37	0	0	0	0	0	1.73735e-38
rs149551873	2	169046616	0.2794	0.0476	0.044	0.016	0.016	56306	1417791	0.0381969436203995	T	C	FALSE	0	3.94034544321244e-37	0	0	0	0	0	5.67523e-36
rs149604652	2	169041666	0.5904	-0.026	0.0483	0.9822	0.0178	42598	1322509	0.0312048799105125	A	G	FALSE	0	2.82511769924411e-37	0	0	0	0	0	1.15522e-05
rs149613521	2	168382892	0.02003	0.097	0.0417	0.0146	0.0146	49053	1411006	0.0335965875351613	A	G	FALSE	0	2.8632249005495e-36	0	0	0	0	0	6.61721e-38
rs149663435	2	169173822	0.8667	0.0279	0.1663	0.9876	0.0124	6634	4884	0.575968050008682	T	C	FALSE	0	6.7659213951787e-37	0	0	0	0	0	1.65395e-38
rs149704938	2	169052464	0.07531	0.0629	0.0354	0.9795	0.0205	56306	1417791	0.0381969436203995	T	C	FALSE	0	8.45255541097697e-37	0	0	0	0	1	1
rs149729232	2	170057155	0.8706	0.0082	0.0505	0.9891	0.0109	36519	980404	0.0359112735182506	C	G	FALSE	0	2.60133210402196e-37	0	0	0	0	0	1.90034e-38
rs149784211	2	168797905	0.7677	-0.0193	0.0654	0.0106	0.0106	29266	973619	0.0291818104767745	T	C	FALSE	0	3.39269911572912e-37	0	0	0	0	0	2.72652e-36
rs149800455	2	168837018	0.3617	0.0504	0.0552	0.0101	0.0101	30305	974373	0.0301638933071093	A	G	FALSE	0	4.11293234641136e-37	0	0	0	0	0	3.96773e-38
rs149859092	2	169604976	0.03553	-0.1074	0.0511	0.989	0.011	49943	1411643	0.0341704148780845	A	G	FALSE	0	2.06574783071957e-36	0	0	0	0	0	2.32635e-38
rs149871081	2	168711970	0.7098	-0.0107	0.0287	0.9657	0.0343	49053	1411006	0.0335965875351613	T	C	FALSE	0	1.5957791711684e-37	0	0	0	0	0	1.82971e-38
rs149888033	2	168596870	0.1838	-0.0967	0.0728	0.9876	0.0124	16727	879305	0.0186678600764258	A	G	FALSE	0	7.82277611771271e-37	0	0	0	0	0	1.71347e-37
rs149941594	2	168248049	0.01332	-0.1081	0.0437	0.9854	0.0145999999999999	56306	1417791	0.0381969436203995	A	G	FALSE	0	4.1543142751653e-36	0	0	0	0	0	1.88058e-34
rs149975435	2	168818122	0.6791	-0.0165	0.0399	0.979	0.021	49053	1411006	0.0335965875351613	A	G	FALSE	0	2.22922686697327e-37	0	0	0	0	0	2.02608e-38
rs149977267	2	169156125	0.01418	-0.1079	0.044	0.0235	0.0235	42598	1322509	0.0312048799105125	C	G	FALSE	0	3.9691089924372e-36	0	0	0	0	0	4.76743e-38
rs150003643	2	169470092	0.08432	-0.1217	0.0705	0.9859	0.0141	34703	1315228	0.0257072398515183	C	G	FALSE	0	1.31299035012808e-36	0	0	0	0	0	1.0637e-35
rs150017882	2	168427373	0.4394	-0.0813	0.1052	0.9845	0.0155	26421	442271	0.056371775067635	C	G	FALSE	0	6.17308454971271e-37	0	0	0	0	0	1.93092e-38
rs150152059	2	168663470	0.6142	0.0206	0.0409	0.9811	0.0189	49053	1411006	0.0335965875351613	T	C	FALSE	0	2.37489877307914e-37	0	0	0	0	0	2.82808e-38
rs150159567	2	169036718	0.06587	-0.0654	0.0356	0.0204	0.0204	56306	1417791	0.0381969436203995	A	G	FALSE	0	9.43962662883728e-37	0	0	0	0	0	0
rs150170080	2	169354714	0.3607	-0.1047	0.1145	0.9863	0.0137	25252	441303	0.0541243797623003	T	C	FALSE	0	7.14392356249916e-37	0	0	0	0	0	7.93193e-36
rs150204141	2	168630830	0.9598	0.0028	0.0559	0.0213	0.0213	15921	878502	0.017800302541415	T	C	FALSE	0	2.82830902815385e-37	0	0	0	0	0	2.13989e-38
rs150204991	2	168180827	0.8734	-0.0037	0.0235	0.9545	0.0455	56306	1417791	0.0381969436203995	A	G	FALSE	0	1.23977639419727e-37	0	0	0	0	0	1.44718e-38
rs150244484	2	168290686	0.951	0.0051	0.0831	0.9814	0.0186	25511	1010902	0.0246147047557296	A	G	FALSE	0	4.03328970088947e-37	0	0	0	0	0	1.4494e-38
rs150259919	2	168213973	0.3168	-0.0825	0.0824	0.0114	0.0114	15558	878337	0.0174047287433088	A	T	FALSE	0	6.13638380218347e-37	0	0	0	0	0	2.84415e-38
rs150263755	2	169269260	0.7879	-0.0056	0.0207	0.0648	0.0648	56306	1417791	0.0381969436203995	A	G	FALSE	0	1.12027299484547e-37	0	0	0	0	0	6.12182e-38
rs150274386	2	168748419	0.5978	-0.0333	0.0632	0.9855	0.0145	35345	1315724	0.0261607660304544	A	G	FALSE	0	3.58760088641402e-37	0	0	0	0	0	1.59378e-38
rs150309652	2	169267505	0.3343	0.0557	0.0577	0.0101	0.0101	29266	973619	0.0291818104767745	T	C	FALSE	0	4.47264709220207e-37	0	0	0	0	0	2.43282e-36
rs150463536	2	168524943	0.2875	-0.0761	0.0716	0.0101	0.0101	22811	885122	0.0251241005668921	A	G	FALSE	0	5.83583718239998e-37	0	0	0	0	0	1.46298e-38
rs150465974	2	169817905	0.2413	-0.25	0.2133	0.011	0.011	6997	5049	0.580856715922298	A	G	FALSE	0	1.05572167945624e-36	0	0	0	0	0	2.93761e-38
rs150498106	2	169693888	0.5557	0.0081	0.0137	0.1656	0.1656	49286	1410957	0.0337519166330535	T	C	FALSE	0	8.53493249192507e-38	0	0	0	0	0	2.28061e-38
rs150533859	2	169945833	0.388	-0.0764	0.0885	0.9898	0.0102	16960	879256	0.0189240093905933	C	G	FALSE	0	5.79943989821159e-37	0	0	0	0	0	1.49344e-38
rs150539360	2	168554880	0.2053	0.0696	0.0549	0.0193	0.0193	35345	1315724	0.0261607660304544	T	C	FALSE	0	5.86527144401802e-37	0	0	0	0	0	2.17264e-38
rs150562594	2	169907072	0.8903	-0.007	0.051	0.9819	0.0181	49565	1411288	0.0339288073474881	A	G	FALSE	0	2.61622231590575e-37	0	0	0	0	0	1.48419e-38
rs150586022	2	168809488	0.571	0.0296	0.0522	0.0165	0.0165	35345	1315724	0.0261607660304544	T	G	FALSE	0	3.08086921333417e-37	0	0	0	0	0	5.52672e-38
rs150643066	2	169242963	0.8656	-0.0086	0.0508	0.011	0.011	49943	1411643	0.0341704148780845	T	C	FALSE	0	2.61864789069512e-37	0	0	0	0	0	6.38096e-37
rs150665728	2	169004347	0.195	-0.0672	0.0519	0.0103	0.0103	36519	980404	0.0359112735182506	A	G	FALSE	0	5.78147232136441e-37	0	0	0	0	0	3.61477e-15
rs150688858	2	169838595	0.04862	0.0734	0.0372	0.9814	0.0186	56306	1417791	0.0381969436203995	A	C	FALSE	0	1.25958719413268e-36	0	0	0	0	0	5.12196e-38
rs150729386	2	169778608	0.1945	0.0399	0.0308	0.0372	0.0372	49286	1410957	0.0337519166330535	A	C	FALSE	0	3.62559284021924e-37	0	0	0	0	0	2.31926e-38
rs150738648	2	169832828	0.5652	-0.0863	0.15	0.0139	0.0139	20854	100448	0.171918022786104	T	C	FALSE	0	7.00045405362487e-37	0	0	0	0	0	1.44684e-38
rs150754078	2	168959332	0.99	-4e-04	0.0342	0.0232	0.0232	56306	1417791	0.0381969436203995	T	C	FALSE	0	1.76904852588666e-37	0	0	0	0	0	1.79819e-38
rs150839644	2	168149915	0.4894	-0.1469	0.2126	0.0108	0.0108	5036	3833	0.567820498365092	A	G	FALSE	0	8.55055011541298e-37	0	0	0	0	0	2.16873e-38
rs150893221	2	168706123	0.5259	0.0316	0.0498	0.0192	0.0192	35345	1315724	0.0261607660304544	A	C	FALSE	0	3.06505087369576e-37	0	0	0	0	0	1.45178e-38
rs150906328	2	168510167	0.2485	0.0779	0.0675	0.0139	0.0139	35345	1315724	0.0261607660304544	T	C	FALSE	0	6.10187960242905e-37	0	0	0	0	0	8.22044e-38
rs150914001	2	169990466	0.2913	0.0207	0.0196	0.0804	0.0804	56306	1417791	0.0381969436203995	A	C	FALSE	0	1.77838061812431e-37	0	0	0	0	0	7.81066e-38
rs150962057	2	168581020	0.4456	0.0633	0.083	0.9801	0.0199	13622	307208	0.0424586229467319	A	G	FALSE	0	5.15537531251152e-37	0	0	0	0	0	5.09075e-38
rs151001152	2	168982298	0.5285	0.0405	0.0643	0.0172	0.0172	16727	879305	0.0186678600764258	A	G	FALSE	0	3.84478839346762e-37	0	0	0	0	0	5.99959e-38
rs151025188	2	169296278	0.6483	0.0691	0.1515	0.013	0.013	7161	5356	0.572101941359751	A	G	FALSE	0	6.76992338490215e-37	0	0	0	0	0	2.89239e-37
rs151051512	2	169472645	0.6529	-0.0255	0.0568	0.9896	0.0104	29629	973784	0.0295282201845103	A	G	FALSE	0	3.14736782732966e-37	0	0	0	0	0	1.45468e-38
rs151055402	2	168221664	0.6918	-0.0104	0.0261	0.0404	0.0404	56306	1417791	0.0381969436203995	T	C	FALSE	0	1.46830876359385e-37	0	0	0	0	0	1.45311e-38
rs151204571	2	168491024	0.3275	-0.042	0.0429	0.0153	0.0153	49053	1411006	0.0335965875351613	A	G	FALSE	0	3.48024171460151e-37	0	0	0	0	0	4.46957e-38
rs151211736	2	168665571	0.5119	0.0252	0.0384	0.9782	0.0218	49053	1411006	0.0335965875351613	T	C	FALSE	0	2.43560185317159e-37	0	0	0	0	0	2.74524e-38
rs151215021	2	168937939	0.6497	0.0114	0.0251	0.0715	0.0715	50455	1411925	0.0345019762305283	A	C	FALSE	0	1.4465140686844e-37	0	0	0	0	0	1.48419e-38
rs151245425	2	168649075	0.4415	0.1568	0.2037	0.9875	0.0125	6634	4884	0.575968050008682	A	G	FALSE	0	8.66076554083801e-37	0	0	0	0	0	5.24947e-38
rs151262556	2	168560474	0.6083	-0.0305	0.0596	0.0144	0.0144	36747	1316643	0.0271518187662093	A	G	FALSE	0	3.38021038017983e-37	0	0	0	0	0	4.53778e-38
rs151303012	2	169869434	0.5594	-0.0425	0.0728	0.986	0.014	17239	879587	0.0192222348593819	A	T	FALSE	0	4.17257763141199e-37	0	0	0	0	0	1.57051e-38
rs1517319	2	169094975	0.0326	0.0203	0.0095	0.5706	0.4294	56306	1417791	0.0381969436203995	C	G	FALSE	0	4.85803032862432e-37	0	0	0	0	0	5.40426e-36
rs1517320	2	169082242	4.699e-11	0.0794	0.0121	0.1785	0.1785	56306	1417791	0.0381969436203995	A	G	FALSE	0	1.31254739877573e-28	0	0	2	1	1	1
rs1517321	2	169086051	6.778e-05	0.0386	0.0097	0.519	0.481	56306	1417791	0.0381969436203995	A	G	FALSE	0	1.37014143493461e-34	0	0	0	0	0	7.65499e-37
rs1517323	2	169096765	0.09659	-0.0178	0.0107	0.2608	0.2608	56306	1417791	0.0381969436203995	T	C	FALSE	0	2.22805200723052e-37	0	0	0	0	0	2.42168e-30
rs1517324	2	169096848	0.1593	-0.0145	0.0103	0.2946	0.2946	56306	1417791	0.0381969436203995	C	G	FALSE	0	1.45014401033564e-37	0	0	0	0	0	1.87147e-31
rs1517325	2	169100650	0.1886	-0.0176	0.0134	0.1433	0.1433	56306	1417791	0.0381969436203995	A	C	FALSE	0	1.65578299763334e-37	0	0	0	0	0	2.69946e-67
rs1517326	2	169001684	8.694e-08	0.0677	0.0126	0.1662	0.1662	56306	1417791	0.0381969436203995	C	G	FALSE	0	1.15760289937255e-31	0	0	0	0	0	0
rs1517327	2	169001852	8.269e-08	0.0677	0.0126	0.1654	0.1654	56306	1417791	0.0381969436203995	T	C	FALSE	0	1.15760289937255e-31	0	0	6	1	0	0
rs1517328	2	169002104	0.003779	-0.0304	0.0105	0.7172	0.2828	56306	1417791	0.0381969436203995	A	G	FALSE	0	3.59540294023567e-36	0	0	0	0	0	3.07877e-26
rs1517329	2	169002133	1.184e-07	-0.0673	0.0127	0.8355	0.1645	56306	1417791	0.0381969436203995	T	C	FALSE	0	7.87476508908023e-32	0	0	7	1	0	0
rs1517330	2	169002552	0.001796	-0.0327	0.0105	0.7105	0.2895	56306	1417791	0.0381969436203995	T	C	FALSE	0	6.93119939354552e-36	0	0	0	0	0	2.56305e-24
rs1517331	2	169002591	0.06169	0.0285	0.0153	0.8889	0.1111	56306	1417791	0.0381969436203995	T	C	FALSE	0	4.49206001474288e-37	0	0	0	0	0	4.71534e-29
rs1517332	2	169006578	0.03762	0.031	0.0149	0.8826	0.1174	56306	1417791	0.0381969436203995	C	G	FALSE	0	6.70950417409954e-37	0	0	0	0	0	1.71531e-38
rs1517333	2	169006589	0.03793	-0.0309	0.0149	0.1174	0.1174	56306	1417791	0.0381969436203995	A	G	FALSE	0	6.61712634679663e-37	0	0	0	0	0	1.49041e-34
rs1517334	2	168984168	0.03315	-0.0253	0.0119	0.7988	0.2012	56306	1417791	0.0381969436203995	T	C	FALSE	0	5.92632483837265e-37	0	0	0	0	0	1.98251e-34
rs1517335	2	168984298	0.03357	0.0322	0.0152	0.2036	0.2036	41429	1321541	0.0303961202374227	C	G	FALSE	0	7.40343521861749e-37	0	0	0	0	0	3.83223e-38
rs1517336	2	169152936	2.49e-09	-0.0557	0.0093	0.5246	0.4754	56306	1417791	0.0381969436203995	A	G	FALSE	0	2.88707415962102e-30	0	0	0	0	1	1
rs1517337	2	169157997	0.02715	-0.0213	0.0097	0.4427	0.4427	56306	1417791	0.0381969436203995	T	G	FALSE	0	5.63383413781125e-37	0	0	0	0	0	1.27364e-209
rs1517338	2	168987593	0.03078	0.0257	0.0119	0.2011	0.2011	56306	1417791	0.0381969436203995	T	G	FALSE	0	6.36732200966776e-37	0	0	0	0	0	4.24068e-38
rs1517340	2	169158403	0.02658	0.0208	0.0094	0.5572	0.4428	56306	1417791	0.0381969436203995	A	G	FALSE	0	5.66857342363042e-37	0	0	0	0	1	1
rs1517342	2	169015673	0.005491	-0.0266	0.0096	0.4954	0.4954	56306	1417791	0.0381969436203995	T	C	FALSE	0	2.31757738327309e-36	0	0	0	0	0	1.13803e-35
rs1517343	2	169015975	0.005594	0.0265	0.0096	0.5045	0.4955	56306	1417791	0.0381969436203995	A	C	FALSE	0	2.25191291039675e-36	0	0	0	0	0	2.18871e-15
rs1523878	2	168168041	0.9453	-0.0011	0.0163	0.0944	0.0944	56306	1417791	0.0381969436203995	A	C	FALSE	0	8.54428542779962e-38	0	0	0	0	0	1.86681e-38
rs1523879	2	168194827	0.1691	0.0231	0.0168	0.8744	0.1256	49053	1411006	0.0335965875351613	A	G	FALSE	0	2.24591486704802e-37	0	0	0	0	0	2.02511e-38
rs1523882	2	168213006	0.6972	-0.0067	0.0171	0.0883	0.0883	56306	1417791	0.0381969436203995	T	C	FALSE	0	9.64832091163859e-38	0	0	0	0	0	3.01552e-38
rs1523883	2	168212732	0.8799	0.0025	0.0162	0.8946	0.1054	56306	1417791	0.0381969436203995	A	G	FALSE	0	8.57385095515765e-38	0	0	0	0	0	1.88564e-38
rs1523884	2	168229420	0.1155	-0.0271	0.0172	0.1172	0.1172	49053	1411006	0.0335965875351613	T	C	FALSE	0	3.08299398578161e-37	0	0	0	0	0	2.31353e-37
rs1523885	2	168242475	0.6227	-0.0277	0.0562	0.9859	0.0141	22811	885122	0.0251241005668921	T	C	FALSE	0	3.1773751778197e-37	0	0	0	0	0	2.93224e-38
rs1523888	2	168262934	0.4722	0.016	0.0222	0.9182	0.0818	42598	1322509	0.0312048799105125	A	G	FALSE	0	1.49643875873208e-37	0	0	0	0	0	1.44771e-38
rs1529306	2	168404458	0.5302	-0.0067	0.0107	0.3503	0.3503	49053	1411006	0.0335965875351613	T	C	FALSE	0	6.81716788506446e-38	0	0	0	0	0	2.05977e-38
rs1529309	2	168485608	0.07392	-0.0995	0.0557	0.036	0.036	28869	1013682	0.027690731676436	A	G	FALSE	0	1.23774658147104e-36	0	0	0	0	0	1.48419e-38
rs1530969	2	169336636	0.2341	0.0164	0.0138	0.7405	0.2595	42598	1322509	0.0312048799105125	C	G	FALSE	0	1.45887035633537e-37	0	0	0	0	0	2.97956e-35
rs1534739	2	168464050	0.2953	0.0138	0.0132	0.8045	0.1955	49053	1411006	0.0335965875351613	C	G	FALSE	0	1.19091456514738e-37	0	0	0	0	0	1.49263e-38
rs1540820	2	168176066	0.6534	-0.0076	0.017	0.9103	0.0897	37688	981372	0.0369831020744608	T	C	FALSE	0	9.81560500139366e-38	0	0	0	0	0	1.67122e-38
rs1540821	2	168175848	0.798	0.0043	0.0167	0.0944	0.0944	37688	981372	0.0369831020744608	T	C	FALSE	0	9.02501437183441e-38	4	1	0	0	0	1.59308e-38
rs1540822	2	168175411	0.888	-0.0023	0.0166	0.9051	0.0949	37688	981372	0.0369831020744608	A	C	FALSE	0	8.76396675530824e-38	3	1	0	0	0	1.9755e-38
rs1541889	2	168361101	0.9411	8e-04	0.0107	0.6603	0.3397	49053	1411006	0.0335965875351613	A	G	FALSE	0	5.6223366257008e-38	0	0	0	0	0	1.5481e-38
rs1548936	2	170047022	0.2166	-0.013	0.0105	0.7265	0.2735	56306	1417791	0.0381969436203995	T	C	FALSE	0	1.18162760048502e-37	0	0	0	0	0	1.66081e-38
rs1551824	2	168737020	0.5804	-0.0078	0.014	0.8505	0.1495	49053	1411006	0.0335965875351613	A	G	FALSE	0	8.55235139618425e-38	0	0	0	0	0	1.50264e-38
rs1554239	2	169095586	0.1756	0.0181	0.0134	0.8548	0.1452	56306	1417791	0.0381969436203995	T	G	FALSE	0	1.73977659876791e-37	0	0	0	0	0	4.46472e-34
rs1562644	2	168568978	0.4348	-0.0111	0.0142	0.161	0.161	49053	1411006	0.0335965875351613	T	C	FALSE	0	1.00730223320546e-37	0	0	0	0	0	1.56877e-38
rs1562969	2	169275745	0.5163	0.0069	0.0107	0.635	0.365	50455	1411925	0.0345019762305283	A	G	FALSE	0	6.89839643060474e-38	0	0	0	0	0	7.70702e-38
rs1568550	2	169678197	0.5105	0.0072	0.011	0.2995	0.2995	50455	1411925	0.0345019762305283	T	C	FALSE	0	7.13562287693448e-38	0	0	0	0	0	2.14476e-38
rs1568747	2	168223153	0.7306	-0.0059	0.0171	0.0869	0.0869	56306	1417791	0.0381969436203995	T	G	FALSE	0	9.48463304179841e-38	0	0	0	0	0	2.83896e-38
rs1574437	2	169490596	0.7338	0.0036	0.0104	0.6662	0.3338	56306	1417791	0.0381969436203995	T	C	FALSE	0	5.78547791472863e-38	0	0	0	0	0	4.16111e-38
rs1581484	2	168185660	0.9439	-0.0012	0.0171	0.0902	0.0902	56306	1417791	0.0381969436203995	T	C	FALSE	0	8.96229847357515e-38	0	0	0	0	0	1.89927e-38
rs1581485	2	168185670	0.9353	0.0014	0.0171	0.9098	0.0901999999999999	56306	1417791	0.0381969436203995	C	G	FALSE	0	8.97021307354904e-38	0	0	0	0	0	1.71842e-38
rs1583216	2	168377036	0.5565	0.0065	0.011	0.6831	0.3169	49053	1411006	0.0335965875351613	T	C	FALSE	0	6.85920098329805e-38	0	0	0	0	0	1.44772e-38
rs1583217	2	168376944	0.9847	-2e-04	0.0109	0.6685	0.3315	49053	1411006	0.0335965875351613	T	C	FALSE	0	5.71213787598207e-38	0	0	0	0	0	1.77772e-38
rs1584432	2	168895588	0.01047	0.0288	0.0112	0.2725	0.2725	49053	1411006	0.0335965875351613	T	C	FALSE	0	1.58424914088469e-36	0	0	0	0	0	1.64924e-38
rs1584433	2	168895356	0.0003295	-0.0351	0.0098	0.5513	0.4487	56306	1417791	0.0381969436203995	A	T	FALSE	0	3.08717581795508e-35	0	4.27705348915453e-09	0	0	0	1.21453e-35
rs1589728	2	168186301	0.9899	2e-04	0.0164	0.9065	0.0935	56306	1417791	0.0381969436203995	A	T	FALSE	0	8.57756532043571e-38	0	0	0	0	0	1.79295e-38
rs1597242	2	168506144	0.3341	0.0441	0.0457	0.9792	0.0208	49053	1411006	0.0335965875351613	T	G	FALSE	0	3.63900232673203e-37	0	0	0	0	0	8.53397e-38
rs1597243	2	168626707	0.3304	-0.0132	0.0136	0.8372	0.1628	49053	1411006	0.0335965875351613	T	C	FALSE	0	1.13789091504102e-37	0	0	0	0	0	7.23578e-38
rs1597812	2	169254581	0.5639	-0.0066	0.0115	0.2478	0.2478	56306	1417791	0.0381969436203995	A	T	FALSE	0	7.09923961608284e-38	0	0	0	0	0	1.48975e-38
rs1600148	2	168187747	0.5803	0.0071	0.0128	0.8189	0.1811	56306	1417791	0.0381969436203995	A	G	FALSE	0	7.81276215506545e-38	0	0	0	0	0	1.52041e-38
rs1607179	2	169153615	2.704e-09	-0.0558	0.0094	0.5195	0.4805	56306	1417791	0.0381969436203995	T	C	FALSE	0	2.1261120997578e-30	0	0	0	0	0	8.85688e-289
rs1608518	2	168187606	0.7159	-0.0074	0.0203	0.0943	0.0943	42598	1322509	0.0312048799105125	T	G	FALSE	0	1.13181321043852e-37	0	0	0	0	0	2.43099e-38
rs1608519	2	168233394	0.6958	0.0067	0.0172	0.9129	0.0871	56306	1417791	0.0381969436203995	A	G	FALSE	0	9.69569874816622e-38	0	0	0	0	0	1.58048e-38
rs1608520	2	168235511	0.7342	0.0058	0.0171	0.9118	0.0882	56306	1417791	0.0381969436203995	T	G	FALSE	0	9.46581433738289e-38	0	0	0	0	0	1.65401e-38
rs1615054	2	168444393	0.1669	-0.0171	0.0124	0.2291	0.2291	49053	1411006	0.0335965875351613	A	G	FALSE	0	1.67458032207104e-37	0	0	0	0	0	2.00093e-38
rs1617451	2	168444622	0.2552	0.0147	0.0129	0.7982	0.2018	49053	1411006	0.0335965875351613	A	G	FALSE	0	1.289548309628e-37	0	0	0	0	0	1.54409e-38
rs1629888	2	168480738	0.7991	-0.0042	0.0165	0.1336	0.1336	49053	1411006	0.0335965875351613	C	G	FALSE	0	8.91105044393211e-38	0	0	0	0	0	1.80625e-38
rs1653383	2	168467080	0.2832	0.0137	0.0127	0.8055	0.1945	49053	1411006	0.0335965875351613	A	G	FALSE	0	1.1872669083234e-37	0	0	0	0	0	1.44843e-38
rs1653385	2	168469888	0.2788	0.0138	0.0127	0.8055	0.1945	49053	1411006	0.0335965875351613	A	G	FALSE	0	1.19739064897101e-37	0	0	0	0	0	1.45222e-38
rs1653387	2	168469482	0.2938	0.0432	0.0411	0.982	0.018	49053	1411006	0.0335965875351613	A	G	FALSE	0	3.58911160666193e-37	0	0	0	0	0	1.51185e-38
rs1653400	2	168506627	0.3995	-0.0113	0.0134	0.2206	0.2206	49053	1411006	0.0335965875351613	A	G	FALSE	0	9.99550505411305e-38	0	0	0	0	0	1.55027e-38
rs1653413	2	168464961	0.3947	-0.0347	0.0408	0.0163	0.0163	49053	1411006	0.0335965875351613	A	G	FALSE	0	2.9685480922838e-37	0	0	0	0	0	6.34779e-38
rs1653420	2	168367999	0.5542	-0.0064	0.0108	0.6459	0.3541	49053	1411006	0.0335965875351613	T	C	FALSE	0	6.7416748934479e-38	0	0	0	0	0	2.48622e-38
rs1653425	2	168361389	0.5981	0.0056	0.0106	0.354	0.354	49053	1411006	0.0335965875351613	T	C	FALSE	0	6.38376258018194e-38	0	0	0	0	0	1.45264e-38
rs1653430	2	168365143	0.6916	-0.0042	0.0106	0.6461	0.3539	49053	1411006	0.0335965875351613	A	G	FALSE	0	6.00669651953594e-38	0	0	0	0	0	1.96343e-38
rs1653432	2	168455042	0.6636	0.0071	0.0163	0.8061	0.1939	35345	1315724	0.0261607660304544	A	G	FALSE	0	9.36744943832267e-38	0	0	0	0	0	1.72319e-38
rs16823012	2	169523666	0.7125	-0.0059	0.0159	0.885	0.115	50455	1411925	0.0345019762305283	A	T	FALSE	0	8.90602812936851e-38	0	0	0	0	0	1.4572e-38
rs16823014	2	169817713	0.5447	0.0138	0.0227	0.0562	0.0562	49928	1411453	0.03416494398107	A	G	FALSE	0	1.42043679362754e-37	0	0	0	0	0	1.99378e-38
rs16823029	2	170104938	0.03361	-0.0372	0.0175	0.0825	0.0825	56306	1417791	0.0381969436203995	A	C	FALSE	0	8.61161563031587e-37	0	0	0	0	0	8.22189e-38
rs16841779	2	168401926	0.01963	-0.0975	0.0418	0.9846	0.0154	49053	1411006	0.0335965875351613	A	G	FALSE	0	2.90955999533333e-36	0	0	0	0	0	3.2748e-37
rs16853337	2	168113717	0.94	-0.0012	0.0165	0.0915	0.0915	56306	1417791	0.0381969436203995	A	G	FALSE	0	8.65157334856748e-38	0	0	0	0	0	1.4495e-38
rs16853344	2	168115769	0.9137	-0.0018	0.0162	0.0927	0.0927	56306	1417791	0.0381969436203995	C	G	FALSE	0	8.52514234437079e-38	0	0	0	0	0	1.44792e-38
rs16853346	2	168116318	0.9292	-0.0014	0.0162	0.0932	0.0932	56306	1417791	0.0381969436203995	A	G	FALSE	0	8.50451299666264e-38	0	0	0	0	0	1.44839e-38
rs16853348	2	168116656	0.9019	-0.002	0.016	0.0941	0.0941	56306	1417791	0.0381969436203995	T	G	FALSE	0	8.43430566334249e-38	0	0	0	0	0	1.4495e-38
rs16853353	2	168116772	0.8964	0.0021	0.0164	0.9085	0.0915	56306	1417791	0.0381969436203995	T	G	FALSE	0	8.64706308445554e-38	0	0	0	0	0	1.47266e-38
rs16853360	2	168116946	0.9288	-0.0014	0.016	0.0941	0.0941	56306	1417791	0.0381969436203995	A	T	FALSE	0	8.40097994618948e-38	0	0	0	0	0	1.4471e-38
rs16853361	2	168119691	0.06588	0.0671	0.0365	0.9805	0.0195	56306	1417791	0.0381969436203995	A	G	FALSE	0	9.6678084500639e-37	0	0	0	0	0	1.40659e-36
rs16853367	2	168120644	0.12	-0.0349	0.0224	0.9544	0.0456	56306	1417791	0.0381969436203995	A	G	FALSE	0	3.87323344667461e-37	0	0	0	0	0	5.48177e-38
rs16853370	2	168122356	0.9121	0.0018	0.016	0.9059	0.0941	56306	1417791	0.0381969436203995	A	G	FALSE	0	8.42187477686345e-38	0	0	0	0	0	1.46912e-38
rs16853375	2	168126899	0.7968	0.0044	0.0169	0.9087	0.0913	56306	1417791	0.0381969436203995	A	T	FALSE	0	9.13902703532963e-38	0	0	0	0	0	1.60618e-38
rs16853396	2	168173003	0.1318	-0.0346	0.0229	0.9513	0.0487	56306	1417791	0.0381969436203995	A	T	FALSE	0	3.68344787552349e-37	0	0	0	0	0	5.67416e-38
rs16853424	2	168179750	0.1846	-0.031	0.0234	0.9526	0.0474	56306	1417791	0.0381969436203995	A	G	FALSE	0	2.89845441560688e-37	0	0	0	0	0	4.07414e-38
rs16853635	2	168344989	0.02309	-0.0966	0.0425	0.9843	0.0157	49053	1411006	0.0335965875351613	A	C	FALSE	0	2.58292455105889e-36	0	0	0	0	0	8.13136e-37
rs16853644	2	168352843	0.5431	0.1553	0.2553	0.0101	0.0101	4524	3551	0.560247678018576	A	G	FALSE	0	8.86379835538941e-37	0	0	0	0	0	2.80935e-38
rs16853648	2	168353969	0.9611	-5e-04	0.0107	0.6575	0.3425	49053	1411006	0.0335965875351613	A	G	FALSE	0	5.61279606545963e-38	0	0	0	0	0	1.61325e-38
rs16853653	2	168354459	0.5434	-0.1553	0.2555	0.9898	0.0102	4524	3551	0.560247678018576	T	C	FALSE	0	8.86485660505458e-37	0	0	0	0	0	1.44935e-38
rs16853655	2	168354640	0.5401	-0.1565	0.2555	0.9899	0.0101	4524	3551	0.560247678018576	A	G	FALSE	0	8.87451415156033e-37	0	0	0	0	0	1.44979e-38
rs16853681	2	168360112	0.631	0.129	0.2687	0.0105	0.0105	3499	2896	0.547146207974981	A	G	FALSE	0	8.77178756202364e-37	0	0	0	0	0	2.50798e-38
rs16853707	2	168384238	0.01798	-0.1028	0.0434	0.9856	0.0144	49053	1411006	0.0335965875351613	A	G	FALSE	0	3.24317952948531e-36	0	0	0	0	0	3.67413e-37
rs16853726	2	168396030	0.01518	-0.1006	0.0414	0.9849	0.0151	49053	1411006	0.0335965875351613	A	G	FALSE	0	3.60854317009902e-36	0	0	0	0	0	2.47967e-37
rs16853738	2	168402076	0.01786	0.0993	0.0419	0.0153	0.0153	49053	1411006	0.0335965875351613	T	C	FALSE	0	3.17082117135658e-36	0	0	0	0	0	1.65632e-37
rs16853745	2	168407937	0.3671	0.0385	0.0427	0.9772	0.0228	48387	1410464	0.0331678834918713	A	T	FALSE	0	3.23241293532517e-37	0	0	0	0	0	3.00693e-38
rs16853749	2	168411666	0.04637	-0.0872	0.0438	0.9835	0.0165	49053	1411006	0.0335965875351613	A	G	FALSE	0	1.48775003351556e-36	0	0	0	0	0	5.419e-37
rs16853751	2	168412489	0.9069	0.0069	0.0588	0.0121	0.0121	29266	973619	0.0291818104767745	T	C	FALSE	0	2.97900242939068e-37	0	0	0	0	0	2.50159e-38
rs16853933	2	168464564	0.2292	-0.0504	0.042	0.0154	0.0154	49053	1411006	0.0335965875351613	T	C	FALSE	0	4.2983948817306e-37	0	0	0	0	0	1.95751e-37
rs16853975	2	168477439	0.3394	0.0402	0.0421	0.984	0.016	49053	1411006	0.0335965875351613	A	G	FALSE	0	3.34502562456756e-37	0	0	0	0	0	1.5374e-38
rs16854016	2	168508395	0.3433	0.0448	0.0472	0.9837	0.0163	49053	1411006	0.0335965875351613	A	C	FALSE	0	3.69335472327319e-37	0	0	0	0	0	1.71496e-38
rs16854065	2	168542920	0.04237	-0.03	0.0148	0.1354	0.1354	50455	1411925	0.0345019762305283	T	C	FALSE	0	5.97561947666617e-37	0	0	0	0	0	5.13534e-35
rs16854071	2	168557555	0.6763	0.0233	0.0558	0.0104	0.0104	30668	974538	0.0305091692648074	T	C	FALSE	0	3.05792851836139e-37	0	0	0	0	0	1.45692e-38
rs16854089	2	168577771	0.7303	-0.0044	0.0128	0.7951	0.2049	49053	1411006	0.0335965875351613	A	G	FALSE	0	7.10918800032875e-38	0	0	0	0	0	2.92251e-37
rs16854131	2	168619462	0.02721	0.0282	0.0128	0.8105	0.1895	50455	1411925	0.0345019762305283	A	C	FALSE	0	7.51530684645218e-37	0	0	0	0	0	1.65709e-38
rs16854217	2	168655422	0.07253	-0.0266	0.0148	0.1335	0.1335	50455	1411925	0.0345019762305283	A	G	FALSE	0	3.86051144365343e-37	0	0	0	0	0	2.88518e-35
rs16854287	2	168718562	0.0129	-0.0429	0.0173	0.11	0.11	50455	1411925	0.0345019762305283	T	C	FALSE	0	1.91314238885623e-36	0	0	0	0	0	1.77839e-33
rs16854315	2	168738251	0.01681	-0.0505	0.0211	0.1041	0.1041	36747	1316643	0.0271518187662093	A	G	FALSE	0	1.87064773688152e-36	0	0	0	0	0	3.78908e-31
rs16854351	2	168740837	0.619	0.007	0.0141	0.1495	0.1495	49053	1411006	0.0335965875351613	A	G	FALSE	0	8.34335367272761e-38	0	0	0	0	0	3.40809e-38
rs16854363	2	168752343	0.9034	-0.0046	0.0379	0.0211	0.0211	49416	1411171	0.0338329726336055	T	C	FALSE	0	1.96792891680695e-37	0	0	0	0	0	1.53963e-38
rs16854364	2	168752887	0.8795	-0.0058	0.0381	0.9789	0.0211	49416	1411171	0.0338329726336055	A	G	FALSE	0	1.9860198776813e-37	0	0	0	0	0	1.47793e-38
rs16854365	2	168752901	0.8753	-0.006	0.0381	0.979	0.021	49416	1411171	0.0338329726336055	T	C	FALSE	0	1.98757836969586e-37	0	0	0	0	0	1.47771e-38
rs16854382	2	168781757	0.3562	0.0158	0.0171	0.1023	0.1023	49053	1411006	0.0335965875351613	A	C	FALSE	0	1.3658346852371e-37	0	0	0	0	0	5.35522e-38
rs16854507	2	168854637	0.9333	-0.0011	0.0134	0.8316	0.1684	49943	1411643	0.0341704148780845	A	G	FALSE	0	7.03934537501158e-38	0	0	0	0	0	6.48237e-37
rs16854551	2	168871546	0.05966	0.0246	0.0131	0.1778	0.1778	50455	1411925	0.0345019762305283	T	C	FALSE	0	3.96967425222236e-37	0	0	0	0	0	5.36879e-38
rs16854564	2	168873763	0.06437	-0.0232	0.0125	0.8001	0.1999	50455	1411925	0.0345019762305283	A	G	FALSE	0	3.64008149392772e-37	0	0	0	0	0	4.6635e-33
rs16854567	2	168876118	0.0006796	-0.0338	0.01	0.5508	0.4492	55137	1416823	0.0374582189733417	A	G	FALSE	0	1.56311737701334e-35	2	0.999999995722946	0	0	0	5.66016e-36
rs16854583	2	168888556	0.0568	-0.0217	0.0114	0.2679	0.2679	50455	1411925	0.0345019762305283	A	C	FALSE	0	3.6340866536534e-37	0	0	0	0	0	2.67587e-37
rs16854601	2	168902921	0.03202	0.0285	0.0133	0.1721	0.1721	50455	1411925	0.0345019762305283	T	G	FALSE	0	6.84780591103351e-37	0	0	0	0	0	6.74071e-38
rs16854669	2	168935123	0.5217	-0.0248	0.0388	0.9788	0.0212	50455	1411925	0.0345019762305283	C	G	FALSE	0	2.4336000053844e-37	0	0	0	0	0	8.49727e-38
rs16854676	2	168936331	0.5421	0.0232	0.0381	0.0206	0.0206	56306	1417791	0.0381969436203995	A	G	FALSE	0	2.3486788381778e-37	0	0	0	0	0	6.87981e-37
rs16854696	2	168946853	0.3966	-0.0137	0.0162	0.8996	0.1004	56306	1417791	0.0381969436203995	T	G	FALSE	0	1.20871484957209e-37	0	0	0	0	0	2.00009e-36
rs16854702	2	168949234	0.9317	0.0012	0.014	0.8556	0.1444	56306	1417791	0.0381969436203995	A	C	FALSE	0	7.35525136456942e-38	0	0	0	0	0	3.24335e-35
rs16854706	2	168950768	0.06208	-0.0236	0.0127	0.8253	0.1747	56306	1417791	0.0381969436203995	A	G	FALSE	0	3.71283561735624e-37	0	0	0	0	0	2.89387e-38
rs16854707	2	168950860	0.12	-0.0192	0.0123	0.8106	0.1894	56306	1417791	0.0381969436203995	A	G	FALSE	0	2.16843142717535e-37	0	0	0	0	0	3.70637e-38
rs16854729	2	168963731	2.004e-05	0.0436	0.0102	0.6731	0.3269	56306	1417791	0.0381969436203995	A	G	FALSE	0	4.84482377904657e-34	0	0	0	0	0	2.01073e-38
rs16854750	2	168977155	0.1046	-0.0205	0.0127	0.8252	0.1748	56306	1417791	0.0381969436203995	A	G	FALSE	0	2.43438964623115e-37	0	0	0	0	0	4.75058e-38
rs16854751	2	168977872	0.1094	-0.0202	0.0126	0.8248	0.1752	56306	1417791	0.0381969436203995	A	G	FALSE	0	2.37329877735176e-37	0	0	0	0	0	5.02112e-38
rs16854768	2	168986633	0.9938	-3e-04	0.0339	0.0235	0.0235	56306	1417791	0.0381969436203995	A	C	FALSE	0	1.75391600918813e-37	0	0	0	0	0	1.7154e-38
rs16854770	2	168986767	0.6882	-0.0117	0.0291	0.0325	0.0325	56306	1417791	0.0381969436203995	T	G	FALSE	0	1.63554375510433e-37	0	0	0	0	0	1.24718e-36
rs16854798	2	169001183	0.03071	0.0322	0.0149	0.8824	0.1176	56306	1417791	0.0381969436203995	A	G	FALSE	0	7.95169731203598e-37	0	0	0	0	0	2.00047e-38
rs16854905	2	169012955	0.02209	-0.0372	0.0163	0.0951	0.0951	56306	1417791	0.0381969436203995	T	C	FALSE	0	1.13301769425248e-36	0	0	0	0	1	0.999987
rs16854949	2	169017287	5.632e-06	0.0539	0.0119	0.1928	0.1928	56306	1417791	0.0381969436203995	T	C	FALSE	0	1.71358908157858e-33	0	0	0	0	0	0
rs16854951	2	169017369	8.015e-09	-0.0721	0.0125	0.8335	0.1665	56306	1417791	0.0381969436203995	A	T	FALSE	0	1.02883691539017e-30	0	0	5	1	0	0
rs16854955	2	169017405	8.453e-06	-0.0531	0.0119	0.8072	0.1928	56306	1417791	0.0381969436203995	C	G	FALSE	0	1.26797067893999e-33	0	0	0	0	0	0
rs16855027	2	169027284	7.478e-09	-0.0721	0.0125	0.8334	0.1666	56306	1417791	0.0381969436203995	A	T	FALSE	0	1.02883691539017e-30	0	0	4	1	0	0
rs16855074	2	169043083	0.02071	-0.0378	0.0163	0.0935	0.0935	56306	1417791	0.0381969436203995	A	C	FALSE	0	1.23245851865101e-36	0	0	0	0	0	1.45834e-06
rs16855079	2	169046627	4.551e-09	0.0731	0.0125	0.1668	0.1668	56306	1417791	0.0381969436203995	A	G	FALSE	0	1.63437589863196e-30	0	0	3	1	1	1
rs16855101	2	169051157	0.02557	0.0361	0.0162	0.9046	0.0954	56306	1417791	0.0381969436203995	T	C	FALSE	0	9.98406535161955e-37	0	0	0	0	0	1.06361e-27
