SNP	CHR	POS	P	Effect	StdErr	Freq	MAF	N_cases	N_controls	proportion_cases	A1	A2	leadSNP	ABF.Credible_Set	ABF.PP	SUSIE.Credible_Set	SUSIE.PP	POLYFUN_SUSIE.Credible_Set	POLYFUN_SUSIE.PP	FINEMAP.Credible_Set	FINEMAP.PP
rs55754625	4	171199752	0.2056	0.0201	0.0159	0.8886	0.1114	49053	1411006	0.0335965875351613	A	C	FALSE	0	5.3507393503785e-09	0	0	0	0	0	0
rs55761810	4	169758481	0.1587	0.0167	0.0118	0.7033	0.2967	30435	974587	0.0302829191798786	A	T	FALSE	0	4.87639258689332e-09	0	0	0	0	0	0
rs55772234	4	169990492	0.2695	0.0123	0.0112	0.703	0.297	56306	1417791	0.0381969436203995	T	C	FALSE	0	3.1128719293309e-09	0	0	0	0	0	0
rs55806571	4	170816761	0.7784	0.0067	0.0237	0.0501	0.0501	49053	1411006	0.0335965875351613	T	C	FALSE	0	3.73577238903695e-09	0	0	0	0	0	0
rs55812407	4	170461196	0.000464	-0.0731	0.0209	0.0638	0.0638	49053	1411006	0.0335965875351613	A	G	FALSE	0	1.34603717023758e-06	0	0	0	0	0	0
rs55827943	4	170224499	0.4103	0.0104	0.0127	0.8056	0.1944	49053	1411006	0.0335965875351613	A	G	FALSE	0	2.70090106510724e-09	0	0	0	0	0	0
rs55833721	4	170639450	0.004656	-0.0397	0.014	0.8711	0.1289	56306	1417791	0.0381969436203995	T	C	FALSE	0	1.16476720615646e-07	0	0	0	0	0	0
rs55846487	4	171179116	0.1733	0.0265	0.0194	0.9244	0.0756	49053	1411006	0.0335965875351613	C	G	FALSE	0	7.42527348360367e-09	0	0	0	0	0	0
rs55857181	4	170133836	0.9859	3e-04	0.0153	0.877	0.123	49053	1411006	0.0335965875351613	T	G	FALSE	0	2.32837772605833e-09	0	0	0	0	0	0
rs55888352	4	170680720	0.1744	0.0928	0.0683	0.0321	0.0321	40129	537553	0.0694655537129424	A	C	FALSE	0	2.25434505146174e-08	0	0	0	0	0	0
rs55889555	4	170596679	0.0001665	-0.0701	0.0186	0.0811	0.0811	50092	1411760	0.0342661226991515	T	C	FALSE	0	3.22921464441735e-06	0	0	0	0	1	1
rs55897587	4	171378054	0.6886	0.0097	0.0241	0.9516	0.0484	49053	1411006	0.0335965875351613	A	C	FALSE	0	3.9546377362943e-09	0	0	0	0	0	0
rs55898197	4	170711541	0.01495	-0.125	0.0514	0.0268	0.0268	35345	1315724	0.0261607660304544	T	C	FALSE	0	1.21702224861436e-07	0	0	0	0	0	0
rs55901432	4	169961603	0.8837	0.0025	0.017	0.8791	0.1209	49053	1411006	0.0335965875351613	A	G	FALSE	0	2.61272787510305e-09	0	0	0	0	0	0
rs55903412	4	170598582	0.0001733	0.0699	0.0186	0.9189	0.0811	50092	1411760	0.0342661226991515	T	G	FALSE	0	3.10222270540127e-06	0	0	0	0	0	0
rs55909907	4	170230769	0.01896	0.0229	0.0098	0.5039	0.4961	55943	1417626	0.0379642894224838	T	C	FALSE	0	2.27565687056855e-08	0	0	0	0	0	0
rs55929104	4	170559508	1.333e-05	0.0912	0.021	0.9396	0.0604	55943	1417626	0.0379642894224838	A	G	FALSE	0	3.58269382906384e-05	0	0	0	0	1	1
rs55932073	4	169757239	0.8203	0.0039	0.0171	0.1065	0.1065	49053	1411006	0.0335965875351613	A	G	FALSE	0	2.6679257916718e-09	0	0	0	0	0	0
rs55941629	4	171523626	0.4206	-0.0283	0.0351	0.9789	0.0211	49053	1411006	0.0335965875351613	T	C	FALSE	0	7.23116911458059e-09	0	0	0	0	0	0
rs55949933	4	171411375	0.3975	0.0207	0.0245	0.9541	0.0459000000000001	49053	1411006	0.0335965875351613	T	C	FALSE	0	5.27469310109765e-09	0	0	0	0	0	0
rs55956232	4	170952190	0.3728	0.0167	0.0187	0.0812	0.0812	49053	1411006	0.0335965875351613	A	C	FALSE	0	4.21870574159422e-09	0	0	0	0	0	0
rs55958461	4	170744990	0.5439	0.0091	0.0149	0.868	0.132	49053	1411006	0.0335965875351613	T	C	FALSE	0	2.72947799416444e-09	0	0	0	0	0	0
rs55959543	4	170693242	0.126	-0.0577	0.0377	0.0318	0.0318	49053	1411006	0.0335965875351613	A	C	FALSE	0	1.75189089497782e-08	0	0	0	0	0	0
rs55960736	4	171068188	0.425	0.0154	0.0193	0.9243	0.0757	49053	1411006	0.0335965875351613	A	G	FALSE	0	4.01855709801144e-09	0	0	0	0	0	0
rs55971355	4	170137154	0.154	-0.0143	0.01	0.4802	0.4802	49053	1411006	0.0335965875351613	T	C	FALSE	0	4.22611159153193e-09	0	0	0	0	0	0
rs55982149	4	170018613	0.9069	0.0017	0.0146	0.1383	0.1383	49053	1411006	0.0335965875351613	T	C	FALSE	0	2.23703770506069e-09	0	0	0	0	0	0
rs55990940	4	169785694	0.606	0.0359	0.0695	0.9857	0.0143	35345	1315724	0.0261607660304544	A	G	FALSE	0	1.12842311697574e-08	0	0	0	0	0	0
rs55999620	4	171176227	0.7622	-0.004	0.0133	0.3968	0.3968	35345	1315724	0.0261607660304544	A	T	FALSE	0	2.11833400825596e-09	0	0	0	0	0	0
rs56005647	4	170269715	0.003469	-0.055	0.0188	0.0819	0.0819	49053	1411006	0.0335965875351613	A	G	FALSE	0	1.9861948812011e-07	0	0	0	0	0	0
rs56024960	4	170976823	0.09654	-0.0605	0.0364	0.9799	0.0201	49053	1411006	0.0335965875351613	A	T	FALSE	0	2.08072713723022e-08	0	0	0	0	0	0
rs56025518	4	170073280	0.816	-0.0069	0.0295	0.0324	0.0324	49053	1411006	0.0335965875351613	A	G	FALSE	0	4.57426468500476e-09	0	0	0	0	0	0
rs56032552	4	170903170	0.3521	0.0229	0.0246	0.0443	0.0443	49053	1411006	0.0335965875351613	T	C	FALSE	0	5.70937004738071e-09	0	0	0	0	0	0
rs56060812	4	171180685	0.8195	0.0135	0.0592	0.9878	0.0122	47498	1409545	0.0325989006501524	A	G	FALSE	0	8.87181618991477e-09	0	0	0	0	0	0
rs56064008	4	170482883	0.1184	0.0285	0.0182	0.8997	0.1003	56306	1417791	0.0381969436203995	A	G	FALSE	0	9.3310596061867e-09	0	0	0	0	0	0
rs56066207	4	170976705	0.1265	0.0331	0.0216	0.0626	0.0626	49053	1411006	0.0335965875351613	A	G	FALSE	0	1.0459801606677e-08	0	0	0	0	0	0
rs56068012	4	171516963	0.5437	-0.0214	0.0352	0.9793	0.0207000000000001	49053	1411006	0.0335965875351613	C	G	FALSE	0	6.32867188287767e-09	0	0	0	0	0	0
rs56076741	4	170456047	0.06156	-0.0278	0.0149	0.8888	0.1112	56306	1417791	0.0381969436203995	A	G	FALSE	0	1.28017801186884e-08	0	0	0	0	0	0
rs56096038	4	170781385	0.4338	0.0101	0.013	0.4357	0.4357	35345	1315724	0.0261607660304544	T	C	FALSE	0	2.67358883697999e-09	0	0	0	0	0	0
rs56097049	4	170926430	0.7578	-0.0065	0.0209	0.9387	0.0613	49053	1411006	0.0335965875351613	T	C	FALSE	0	3.32744127312342e-09	0	0	0	0	0	0
rs56106610	4	171400527	0.8727	0.0091	0.0567	0.9851	0.0149	35345	1315724	0.0261607660304544	A	G	FALSE	0	8.42402565137329e-09	0	0	0	0	0	0
rs56117627	4	169755203	0.7783	-0.0052	0.0186	0.8748	0.1252	49053	1411006	0.0335965875351613	A	G	FALSE	0	2.93775492324633e-09	0	0	0	0	0	0
rs56117747	4	170607157	0.007136	0.0368	0.0137	0.1362	0.1362	56306	1417791	0.0381969436203995	A	G	FALSE	0	7.56337483772191e-08	0	0	0	0	0	0
rs56117835	4	170112367	0.9541	-9e-04	0.0154	0.1221	0.1221	49053	1411006	0.0335965875351613	T	C	FALSE	0	2.34703969116223e-09	0	0	0	0	0	0
rs56117897	4	170783043	0.3556	-0.012	0.013	0.5667	0.4333	35345	1315724	0.0261607660304544	T	C	FALSE	0	3.02566168398725e-09	0	0	0	0	0	0
rs56124556	4	170607076	0.009605	0.0365	0.0141	0.1314	0.1314	56306	1417791	0.0381969436203995	A	G	FALSE	0	6.02035501510156e-08	0	0	0	0	0	0
rs56159723	4	170693241	0.1239	-0.0581	0.0377	0.0321	0.0321	49053	1411006	0.0335965875351613	A	C	FALSE	0	1.77967655864002e-08	0	0	0	0	0	0
rs56172004	4	170825458	0.5317	-0.0067	0.0107	0.6788	0.3212	49053	1411006	0.0335965875351613	T	C	FALSE	0	1.98247067455738e-09	0	0	0	0	0	0
rs56172650	4	170776510	0.2378	-0.0209	0.0177	0.1149	0.1149	49053	1411006	0.0335965875351613	T	C	FALSE	0	5.37320813063693e-09	0	0	0	0	0	0
rs56182567	4	171492498	0.1093	0.0185	0.0116	0.2541	0.2541	49053	1411006	0.0335965875351613	T	C	FALSE	0	6.27670446896039e-09	0	0	0	0	0	0
rs56187173	4	170840232	0.2597	0.012	0.0106	0.6532	0.3468	49053	1411006	0.0335965875351613	A	G	FALSE	0	3.06025844460796e-09	0	0	0	0	0	0
rs56192312	4	170698112	0.1552	-0.0511	0.036	0.0332	0.0332	49053	1411006	0.0335965875351613	A	C	FALSE	0	1.43452196038316e-08	0	0	0	0	0	0
rs56199554	4	171053599	0.04275	0.0733	0.0362	0.0213	0.0213	49053	1411006	0.0335965875351613	T	C	FALSE	0	3.95667373690507e-08	0	0	0	0	0	0
rs56211561	4	170916875	0.6489	-0.0081	0.0179	0.0901	0.0901	49053	1411006	0.0335965875351613	T	G	FALSE	0	3.01146840915012e-09	0	0	0	0	0	0
rs56225251	4	170392383	0.0001369	-0.083	0.0218	0.059	0.059	49053	1411006	0.0335965875351613	T	C	FALSE	0	4.26784944577891e-06	0	0	0	0	0	0
rs56229657	4	170374604	0.06655	-0.0273	0.0149	0.889	0.111	56306	1417791	0.0381969436203995	A	T	FALSE	0	1.20357327290565e-08	0	0	0	0	0	0
rs56248953	4	171538729	0.1399	-0.0174	0.0118	0.7468	0.2532	49053	1411006	0.0335965875351613	A	C	FALSE	0	5.31123131395359e-09	0	0	0	0	0	0
rs56248956	4	169936789	0.4893	0.0335	0.0485	0.0468	0.0468	27700	1012714	0.0266240169778569	A	G	FALSE	0	9.01002071678593e-09	0	0	0	0	0	0
rs56257534	4	171521999	0.1194	0.0182	0.0117	0.2513	0.2513	49053	1411006	0.0335965875351613	T	C	FALSE	0	5.95169602595814e-09	0	0	0	0	0	0
rs56262339	4	170276931	0.001549	0.031	0.0098	0.5204	0.4796	56306	1417791	0.0381969436203995	T	G	FALSE	0	2.19723232106769e-07	0	0	0	0	0	0
rs56276494	4	170296377	0.8393	-0.0095	0.047	0.9809	0.0191	42598	1322509	0.0312048799105125	T	C	FALSE	0	7.11834124913886e-09	0	0	0	0	0	0
rs56277136	4	170653920	0.009679	0.0796	0.0308	0.97	0.03	49053	1411006	0.0335965875351613	A	G	FALSE	0	1.21276775749516e-07	0	0	0	0	0	0
rs56280271	4	170852136	0.3807	0.0183	0.0209	0.0637	0.0637	49053	1411006	0.0335965875351613	A	G	FALSE	0	4.63464290596813e-09	0	0	0	0	0	0
rs56291550	4	171141158	0.6674	0.0163	0.038	0.9799	0.0201	49053	1411006	0.0335965875351613	A	G	FALSE	0	6.22573970147597e-09	0	0	0	0	0	0
rs56296879	4	170835446	0.443	-0.0085	0.011	0.352	0.352	49053	1411006	0.0335965875351613	T	C	FALSE	0	2.25710675469585e-09	0	0	0	0	0	0
rs56296903	4	170691863	0.1582	-0.0513	0.0364	0.0329	0.0329	49053	1411006	0.0335965875351613	A	G	FALSE	0	1.42905677715356e-08	0	0	0	0	0	0
rs56299309	4	170018270	0.9206	0.0015	0.0147	0.1388	0.1388	49053	1411006	0.0335965875351613	T	C	FALSE	0	2.2487561731614e-09	0	0	0	0	0	0
rs56303187	4	170728749	0.3257	0.0285	0.029	0.9646	0.0354	49053	1411006	0.0335965875351613	A	G	FALSE	0	7.02799136815217e-09	0	0	0	0	0	0
rs56303376	4	170312631	0.0003281	0.0348	0.0097	0.5354	0.4646	56306	1417791	0.0381969436203995	A	G	FALSE	0	9.08172672920653e-07	0	0	0	0	0	0
rs56315815	4	170220587	0.01241	0.0461	0.0184	0.9156	0.0844	49053	1411006	0.0335965875351613	A	T	FALSE	0	6.28305522881556e-08	0	0	0	0	1	1
rs56324525	4	170133829	0.9859	-3e-04	0.0153	0.123	0.123	49053	1411006	0.0335965875351613	A	C	FALSE	0	2.32837772605833e-09	0	0	0	0	0	0
rs56328251	4	170266878	0.003201	-0.0534	0.0181	0.0881	0.0881	49053	1411006	0.0335965875351613	A	G	FALSE	0	2.06146882357858e-07	0	0	0	0	0	0
rs56334002	4	170018489	0.9286	-0.0013	0.0146	0.8615	0.1385	49053	1411006	0.0335965875351613	A	G	FALSE	0	2.23078305824759e-09	0	0	0	0	0	0
rs56347788	4	170461459	0.0001555	-0.0838	0.0222	0.0583	0.0583	49053	1411006	0.0335965875351613	T	C	FALSE	0	3.83438767855456e-06	0	0	0	0	0	0
rs56348405	4	171180773	0.1839	-0.0259	0.0195	0.0747	0.0747	49053	1411006	0.0335965875351613	T	C	FALSE	0	7.09568944955626e-09	0	0	0	0	0	0
rs56358114	4	170996330	0.1985	-0.0228	0.0177	0.0943	0.0943	49053	1411006	0.0335965875351613	A	G	FALSE	0	6.12824459047278e-09	0	0	0	0	0	0
rs56366216	4	170528804	0.0003943	0.0781	0.022	0.9401	0.0599	49053	1411006	0.0335965875351613	T	C	FALSE	0	1.68747835701972e-06	0	0	0	0	0	0
rs56388240	4	170919007	0.7074	-0.0067	0.0178	0.0916	0.0916	49053	1411006	0.0335965875351613	A	G	FALSE	0	2.90252903932423e-09	0	0	0	0	0	0
rs56389495	4	170688741	0.4496	0.0135	0.0179	0.134	0.134	49053	1411006	0.0335965875351613	T	C	FALSE	0	3.60743928207448e-09	0	0	0	0	0	0
rs56389830	4	171441131	0.7789	0.0078	0.0276	0.9623	0.0377	49053	1411006	0.0335965875351613	T	C	FALSE	0	4.33888012251305e-09	0	0	0	0	0	0
rs56398134	4	170180472	0.7845	0.0052	0.0191	0.1335	0.1335	35345	1315724	0.0261607660304544	T	C	FALSE	0	3.0099387933527e-09	0	0	0	0	0	0
rs56398350	4	170635104	0.004415	-0.0401	0.0141	0.8717	0.1283	56306	1417791	0.0381969436203995	A	G	FALSE	0	1.20040340062235e-07	0	0	0	0	0	0
rs56399661	4	171531891	0.4581	-0.0264	0.0355	0.9789	0.0211	49053	1411006	0.0335965875351613	T	C	FALSE	0	6.97364975552561e-09	0	0	0	0	0	0
rs56703036	4	169756094	0.1705	-0.0252	0.0184	0.8274	0.1726	49053	1411006	0.0335965875351613	A	G	FALSE	0	7.08631147743714e-09	0	0	0	0	0	0
rs56719270	4	170304214	0.0006502	-0.033	0.0097	0.4958	0.4958	56306	1417791	0.0381969436203995	C	G	FALSE	0	4.75529273590681e-07	0	0	0	0	0	0
rs56756946	4	171427220	0.8638	0.0049	0.0283	0.9625	0.0375	49053	1411006	0.0335965875351613	A	C	FALSE	0	4.33920150906724e-09	0	0	0	0	0	0
rs56773514	4	170779878	0.6701	0.0056	0.0132	0.1897	0.1897	49053	1411006	0.0335965875351613	A	G	FALSE	0	2.19831135445145e-09	0	0	0	0	0	0
rs56788746	4	170786486	0.5177	-0.0134	0.0207	0.0974	0.0974	49053	1411006	0.0335965875351613	A	G	FALSE	0	3.86575593687114e-09	0	0	0	0	0	0
rs56789667	4	171474910	0.8339	-0.0058	0.0275	0.0352	0.0352	49053	1411006	0.0335965875351613	C	G	FALSE	0	4.24904893564525e-09	0	0	0	0	0	0
rs56801410	4	170220051	0.05995	-0.0188	0.01	0.5046	0.4954	50092	1411760	0.0342661226991515	T	G	FALSE	0	8.88331761809337e-09	0	0	0	0	0	0
rs56815821	4	170530753	0.05889	-0.0289	0.0153	0.8894	0.1106	56306	1417791	0.0381969436203995	A	T	FALSE	0	1.37158471400148e-08	0	0	0	0	0	0
rs56819530	4	171137276	0.03219	-0.0216	0.0101	0.3751	0.3751	55137	1416823	0.0374582189733417	T	C	FALSE	0	1.50642562781614e-08	0	0	0	0	0	0
rs56889902	4	171445240	0.7665	-0.0082	0.0276	0.0377	0.0377	49053	1411006	0.0335965875351613	T	C	FALSE	0	4.3568031751956e-09	0	0	0	0	0	0
rs56901526	4	170746510	0.9971	-1e-04	0.0172	0.9042	0.0958	49053	1411006	0.0335965875351613	T	C	FALSE	0	2.61506039128937e-09	0	0	0	0	0	0
rs56917743	4	170617154	0.007589	-0.0367	0.0138	0.8652	0.1348	56306	1417791	0.0381969436203995	A	G	FALSE	0	7.09404614815112e-08	0	0	0	0	0	0
rs56924689	4	171450871	0.9059	-0.0031	0.0266	0.038	0.038	49053	1411006	0.0335965875351613	T	G	FALSE	0	4.05058923052505e-09	0	0	0	0	0	0
rs56948468	4	170568822	1.663e-05	0.0475	0.011	0.7556	0.2444	56306	1417791	0.0381969436203995	T	C	FALSE	0	1.82452402717245e-05	0	0	2	1	1	1
rs56970216	4	170820129	0.4952	-0.0078	0.0114	0.7307	0.2693	49053	1411006	0.0335965875351613	C	G	FALSE	0	2.19317638308058e-09	0	0	0	0	0	0
rs56994524	4	171581406	0.6615	0.011	0.0252	0.0462	0.0462	49053	1411006	0.0335965875351613	A	C	FALSE	0	4.1903928827721e-09	0	0	0	0	0	0
rs57125650	4	171371252	0.7871	-0.0064	0.0237	0.0486	0.0486	49053	1411006	0.0335965875351613	T	G	FALSE	0	3.72290645579001e-09	0	0	0	0	0	0
rs57128033	4	170708770	0.1401	0.0529	0.0358	0.9669	0.0331	49053	1411006	0.0335965875351613	A	G	FALSE	0	1.54879162341452e-08	0	0	0	0	0	0
rs57152705	4	170181904	0.8081	0.0036	0.0149	0.1346	0.1346	49053	1411006	0.0335965875351613	T	C	FALSE	0	2.33419237188083e-09	0	0	0	0	0	0
rs57182167	4	171339996	0.6301	-0.0179	0.0373	0.9792	0.0208	49053	1411006	0.0335965875351613	A	G	FALSE	0	6.25400007509936e-09	0	0	0	0	0	0
rs57197182	4	170862234	0.02115	0.0356	0.0155	0.1181	0.1181	49053	1411006	0.0335965875351613	T	C	FALSE	0	3.2450950542689e-08	0	0	0	0	0	0
rs572023	4	171046470	0.8292	0.0022	0.01	0.52	0.48	49053	1411006	0.0335965875351613	A	G	FALSE	0	1.56130455700908e-09	0	0	0	0	0	0
rs57207472	4	171408481	0.7473	0.0118	0.0366	0.9602	0.0397999999999999	35345	1315724	0.0261607660304544	A	C	FALSE	0	5.777156593954e-09	0	0	0	0	0	0
rs572114	4	171046501	0.8232	0.0023	0.0103	0.5651	0.4349	49053	1411006	0.0335965875351613	T	C	FALSE	0	1.60918953843149e-09	0	0	0	0	0	0
rs57244109	4	170133301	0.03168	-0.0277	0.0129	0.4784	0.4784	35345	1315724	0.0261607660304544	T	C	FALSE	0	1.95127067653773e-08	0	0	0	0	0	0
rs572492	4	171046359	0.04372	0.0205	0.0101	0.5899	0.4101	49053	1411006	0.0335965875351613	A	G	FALSE	0	1.20121021739273e-08	0	0	0	0	0	0
rs57327644	4	170976310	0.3992	0.0255	0.0302	0.0352	0.0352	49053	1411006	0.0335965875351613	C	G	FALSE	0	6.45689804776207e-09	0	0	0	0	0	0
rs57344940	4	170864541	0.01404	-0.0377	0.0154	0.8819	0.1181	49053	1411006	0.0335965875351613	T	C	FALSE	0	4.6075204653847e-08	0	0	0	0	0	0
rs57346805	4	170303984	0.000878	0.0322	0.0097	0.5036	0.4964	56306	1417791	0.0381969436203995	T	C	FALSE	0	3.60646225037823e-07	0	0	0	0	0	0
rs57368940	4	169622925	0.9341	0.0014	0.0172	0.9071	0.0929	49053	1411006	0.0335965875351613	A	G	FALSE	0	2.62362958211898e-09	0	0	0	0	0	0
rs57392232	4	171474980	0.8224	0.0062	0.0274	0.9647	0.0353	49053	1411006	0.0335965875351613	A	G	FALSE	0	4.24787983035111e-09	0	0	0	0	0	0
rs57396792	4	170532701	0.0353	0.032	0.0152	0.1105	0.1105	56306	1417791	0.0381969436203995	T	G	FALSE	0	2.0942930626293e-08	0	0	0	0	0	0
rs57415390	4	171474914	0.8385	-0.0056	0.0275	0.0352	0.0352	49053	1411006	0.0335965875351613	A	G	FALSE	0	4.24276725652975e-09	0	0	0	0	0	0
rs57452030	4	170522100	0.04108	0.0311	0.0152	0.1092	0.1092	56306	1417791	0.0381969436203995	T	C	FALSE	0	1.85339864311807e-08	0	0	0	0	0	0
rs57459317	4	169656239	0.2566	0.0197	0.0173	0.9015	0.0985	47884	1410038	0.032844006743845	T	G	FALSE	0	5.00561722065926e-09	0	0	0	0	0	0
rs57498842	4	169613806	0.9022	0.0024	0.0199	0.0758	0.0758	49053	1411006	0.0335965875351613	A	C	FALSE	0	3.04359877216346e-09	0	0	0	0	0	0
rs57526222	4	170483960	0.05972	-0.0281	0.0149	0.8877	0.1123	56306	1417791	0.0381969436203995	T	C	FALSE	0	1.32917605277537e-08	0	0	0	0	0	0
rs57549417	4	169978310	0.7042	0.0075	0.0196	0.8671	0.1329	35345	1315724	0.0261607660304544	T	C	FALSE	0	3.20051312202586e-09	0	0	0	0	0	0
rs57564951	4	171451055	0.7386	-0.01	0.03	0.0341	0.0341	47884	1410038	0.032844006743845	A	G	FALSE	0	4.78004787136752e-09	0	0	0	0	0	0
rs57593128	4	169599498	0.8048	-0.0044	0.0176	0.9227	0.0773	56306	1417791	0.0381969436203995	T	C	FALSE	0	2.7596313435828e-09	0	0	0	0	0	0
rs57612286	4	171314993	0.8168	0.0034	0.0146	0.1445	0.1445	49053	1411006	0.0335965875351613	A	T	FALSE	0	2.28275163602549e-09	0	0	0	0	0	0
rs57614427	4	171472283	0.7207	-0.0098	0.0274	0.0354	0.0354	49053	1411006	0.0335965875351613	A	G	FALSE	0	4.41088075463097e-09	0	0	0	0	0	0
rs57637087	4	169978248	0.747	0.0049	0.0153	0.8643	0.1357	49053	1411006	0.0335965875351613	T	C	FALSE	0	2.44970098546733e-09	0	0	0	0	0	0
rs576593	4	171046957	0.4208	0.0208	0.0258	0.0415	0.0415	49053	1411006	0.0335965875351613	A	G	FALSE	0	5.37537789693776e-09	0	0	0	0	0	0
rs57697968	4	170021273	0.9641	-7e-04	0.0147	0.1419	0.1419	49053	1411006	0.0335965875351613	T	C	FALSE	0	2.23966601873163e-09	0	0	0	0	0	0
rs57720379	4	171506174	0.5107	0.023	0.0349	0.0208	0.0208	49053	1411006	0.0335965875351613	T	G	FALSE	0	6.47711196911144e-09	0	0	0	0	0	0
rs57728874	4	170168198	0.0209	-0.1038	0.0449	0.9859	0.0141	49053	1411006	0.0335965875351613	A	G	FALSE	0	8.51060560346695e-08	0	0	0	0	0	0
rs57768785	4	171199439	0.2245	-0.0137	0.0113	0.2729	0.2729	49053	1411006	0.0335965875351613	A	G	FALSE	0	3.58178009847323e-09	0	0	0	0	0	0
rs57791806	4	169754013	0.9574	0.001	0.0192	0.1176	0.1176	49053	1411006	0.0335965875351613	T	C	FALSE	0	2.92037711410614e-09	0	0	0	0	0	0
rs57818220	4	170402282	0.04371	-0.0299	0.0148	0.8895	0.1105	56306	1417791	0.0381969436203995	T	C	FALSE	0	1.71427233969869e-08	0	0	0	0	0	0
rs578234	4	171096689	0.7061	-0.0038	0.01	0.6158	0.3842	56306	1417791	0.0381969436203995	T	C	FALSE	0	1.63787885817918e-09	0	0	0	0	0	0
rs578402	4	171047179	0.04404	-0.0204	0.0102	0.4103	0.4103	49053	1411006	0.0335965875351613	A	G	FALSE	0	1.1426621204891e-08	0	0	0	0	0	0
rs57885342	4	171315011	0.8094	-0.0035	0.0146	0.8556	0.1444	49053	1411006	0.0335965875351613	A	G	FALSE	0	2.28642965082992e-09	0	0	0	0	0	0
rs57900656	4	170524303	0.03666	-0.0315	0.0151	0.8894	0.1106	56306	1417791	0.0381969436203995	T	C	FALSE	0	1.99944896336095e-08	0	0	0	0	0	0
rs57936437	4	171451118	0.9228	-0.0026	0.0266	0.0379	0.0379	49053	1411006	0.0335965875351613	A	G	FALSE	0	4.04258121216648e-09	0	0	0	0	0	0
rs58064070	4	171485182	0.9937	2e-04	0.0193	0.9271	0.0729	49053	1411006	0.0335965875351613	T	C	FALSE	0	2.93166094137114e-09	0	0	0	0	0	0
rs581245	4	171053370	0.8217	-0.0023	0.01	0.4804	0.4804	49053	1411006	0.0335965875351613	A	T	FALSE	0	1.56481266713464e-09	0	0	0	0	0	0
rs58180406	4	170413285	0.06442	0.0275	0.0149	0.1112	0.1112	56306	1417791	0.0381969436203995	A	G	FALSE	0	1.23348338681388e-08	0	0	0	0	0	0
rs58241311	4	171515032	0.5362	-0.0217	0.0351	0.9793	0.0207000000000001	49053	1411006	0.0335965875351613	T	C	FALSE	0	6.35012810839035e-09	0	0	0	0	0	0
rs58305647	4	171383749	0.4103	-0.0201	0.0244	0.0468	0.0468	49053	1411006	0.0335965875351613	T	C	FALSE	0	5.16323977052553e-09	0	0	0	0	0	0
rs58318938	4	169677317	0.7868	-0.0586	0.2167	0.0369	0.0369	5609	4229	0.570136206546046	A	G	FALSE	0	2.28077424048452e-08	0	0	0	0	0	0
rs58388292	4	170970843	0.5832	-0.0247	0.0451	0.0255	0.0255	49053	1411006	0.0335965875351613	A	C	FALSE	0	7.74341645389055e-09	0	0	0	0	0	0
rs58501865	4	170717438	0.5541	0.0096	0.0163	0.129	0.129	49053	1411006	0.0335965875351613	A	G	FALSE	0	2.94524261121943e-09	0	0	0	0	0	0
rs58550654	4	171396469	0.3156	-0.0244	0.0243	0.047	0.047	49053	1411006	0.0335965875351613	A	T	FALSE	0	6.04955402781031e-09	0	0	0	0	0	0
rs58602886	4	170427848	0.05573	0.0285	0.0149	0.1115	0.1115	56306	1417791	0.0381969436203995	A	G	FALSE	0	1.39831298223595e-08	0	0	0	0	0	0
rs58609956	4	171465976	0.949	-0.0017	0.0265	0.9616	0.0384	49053	1411006	0.0335965875351613	T	G	FALSE	0	4.01689961843846e-09	0	0	0	0	0	0
rs58625494	4	170863455	0.01823	0.0367	0.0155	0.117	0.117	49053	1411006	0.0335965875351613	C	G	FALSE	0	3.82543253152874e-08	0	0	0	0	0	0
rs58660464	4	170812336	0.8267	0.0031	0.0144	0.7257	0.2743	35345	1315724	0.0261607660304544	A	G	FALSE	0	2.24283587272736e-09	0	0	0	0	0	0
rs58681170	4	170521885	0.03676	-0.0314	0.015	0.8891	0.1109	56306	1417791	0.0381969436203995	T	C	FALSE	0	2.01672028577316e-08	0	0	0	0	0	0
rs58749172	4	171473659	0.9399	-0.0021	0.028	0.0346	0.0346	49053	1411006	0.0335965875351613	T	C	FALSE	0	4.24313834270861e-09	0	0	0	0	0	0
rs58779597	4	171438043	0.6209	0.014	0.0284	0.9627	0.0373	49053	1411006	0.0335965875351613	T	C	FALSE	0	4.83342324791985e-09	0	0	0	0	0	0
rs58912436	4	170867633	0.00994	-0.0404	0.0157	0.8854	0.1146	49053	1411006	0.0335965875351613	C	G	FALSE	0	6.41459592726381e-08	0	0	0	0	0	0
rs58952572	4	170972032	0.7039	0.0041	0.0107	0.6464	0.3536	49053	1411006	0.0335965875351613	T	C	FALSE	0	1.75428801129485e-09	0	0	0	0	0	0
rs58961316	4	171067690	0.01103	0.1196	0.0471	0.0171	0.0171	49053	1411006	0.0335965875351613	C	G	FALSE	0	1.48396836114515e-07	0	0	0	0	0	0
rs58983987	4	170522432	0.03652	-0.0315	0.015	0.8891	0.1109	56306	1417791	0.0381969436203995	T	C	FALSE	0	2.04494759567054e-08	1	1	0	0	0	0
rs59049918	4	169966635	0.5277	0.0385	0.0609	0.0184	0.0184	46605	839595	0.0525897088693297	A	C	FALSE	0	1.06740521700899e-08	0	0	0	0	0	0
rs59125877	4	170842001	0.2762	0.0252	0.0232	0.0574	0.0574	49053	1411006	0.0335965875351613	T	C	FALSE	0	6.29404955353272e-09	0	0	0	0	0	0
rs59180301	4	171448026	0.9754	-8e-04	0.0268	0.0376	0.0376	49053	1411006	0.0335965875351613	A	T	FALSE	0	4.05514577790658e-09	0	0	0	0	0	0
rs59189423	4	170470153	0.04307	0.0301	0.0149	0.1106	0.1106	56306	1417791	0.0381969436203995	A	G	FALSE	0	1.72506136833043e-08	0	0	0	0	0	0
rs59279629	4	170386818	0.07256	-0.0302	0.0168	0.9095	0.0905	56306	1417791	0.0381969436203995	A	C	FALSE	0	1.27089338124716e-08	0	0	0	0	0	0
rs59281097	4	171471911	0.8326	-0.0058	0.0275	0.0352	0.0352	49053	1411006	0.0335965875351613	T	G	FALSE	0	4.24904893564525e-09	0	0	0	0	0	0
rs59318831	4	171472360	0.8175	0.0063	0.0275	0.9648	0.0352	49053	1411006	0.0335965875351613	T	C	FALSE	0	4.26576254505739e-09	0	0	0	0	0	0
rs59325299	4	170061552	0.8286	0.0029	0.0135	0.8347	0.1653	49053	1411006	0.0335965875351613	T	C	FALSE	0	2.10313736092771e-09	0	0	0	0	0	0
rs59347561	4	171128391	0.02034	0.0953	0.0411	0.0167	0.0167	49053	1411006	0.0335965875351613	T	C	FALSE	0	8.10212506436276e-08	0	0	0	0	0	0
rs59403226	4	170399326	0.0508	0.0299	0.0153	0.1071	0.1071	56306	1417791	0.0381969436203995	T	G	FALSE	0	1.55399462639744e-08	0	0	0	0	0	0
rs59447678	4	169677213	0.6595	-0.0195	0.0443	0.9766	0.0234	49053	1411006	0.0335965875351613	T	C	FALSE	0	7.23861874410823e-09	0	0	0	0	0	0
rs59461665	4	170864568	0.01389	-0.0378	0.0154	0.8819	0.1181	49053	1411006	0.0335965875351613	A	T	FALSE	0	4.68100840368747e-08	0	0	0	0	0	0
rs59477939	4	170738941	0.9875	3e-04	0.0171	0.9019	0.0981	49053	1411006	0.0335965875351613	A	G	FALSE	0	2.60032082821864e-09	0	0	0	0	0	0
rs59537509	4	171459714	0.9644	0.0012	0.0273	0.9635	0.0365	49053	1411006	0.0335965875351613	A	G	FALSE	0	4.13153960335826e-09	0	0	0	0	0	0
rs59541420	4	170396493	0.06581	0.0272	0.0148	0.1122	0.1122	56306	1417791	0.0381969436203995	T	C	FALSE	0	1.20802078443383e-08	0	0	0	0	0	0
rs59543565	4	170879686	0.8667	0.0032	0.0192	0.926	0.074	49053	1411006	0.0335965875351613	T	C	FALSE	0	2.95686877878707e-09	0	0	0	0	0	0
rs59566103	4	171114129	0.05836	0.0792	0.0419	0.0175	0.0175	49053	1411006	0.0335965875351613	T	G	FALSE	0	3.46465694540129e-08	0	0	0	0	0	0
rs59580257	4	170479596	0.04188	0.0303	0.0149	0.1107	0.1107	56306	1417791	0.0381969436203995	A	T	FALSE	0	1.77237143007351e-08	0	0	0	0	0	0
rs59683177	4	171383630	0.4049	-0.0203	0.0244	0.0468	0.0468	49053	1411006	0.0335965875351613	A	G	FALSE	0	5.19787836957062e-09	0	0	0	0	0	0
rs59687973	4	171396437	0.5557	-0.0183	0.031	0.0472	0.0472	35345	1315724	0.0261607660304544	A	G	FALSE	0	5.54177373634937e-09	0	0	0	0	0	0
rs59691294	4	169649264	0.9816	-6e-04	0.0249	0.0414	0.0414	56306	1417791	0.0381969436203995	A	G	FALSE	0	3.77163441169046e-09	0	0	0	0	0	0
rs59697698	4	169610232	0.7394	0.0123	0.0369	0.9799	0.0201	49053	1411006	0.0335965875351613	T	C	FALSE	0	5.84301428511529e-09	0	0	0	0	0	0
rs59698680	4	170915908	0.664	-0.0077	0.0177	0.0919	0.0919	49053	1411006	0.0335965875351613	A	C	FALSE	0	2.95529541361127e-09	0	0	0	0	0	0
rs59901453	4	171466137	0.9443	0.0019	0.0265	0.0379	0.0379	49053	1411006	0.0335965875351613	T	G	FALSE	0	4.01892381511553e-09	0	0	0	0	0	0
rs59912614	4	171448187	0.9271	-0.0024	0.0266	0.038	0.038	49053	1411006	0.0335965875351613	C	G	FALSE	0	4.03977513485708e-09	0	0	0	0	0	0
rs59967290	4	170395385	0.04267	0.0301	0.0149	0.1109	0.1109	56306	1417791	0.0381969436203995	A	G	FALSE	0	1.72506136833043e-08	0	0	0	0	0	0
rs59973343	4	170024802	0.9704	5e-04	0.0138	0.8361	0.1639	49053	1411006	0.0335965875351613	T	C	FALSE	0	2.10221684426793e-09	0	0	0	0	0	0
rs60039940	4	171061964	0.06242	-0.0667	0.0358	0.0356	0.0356	35345	1315724	0.0261607660304544	T	C	FALSE	0	2.89035203271511e-08	0	0	0	0	0	0
rs60051176	4	170817881	0.5296	0.0071	0.0113	0.2729	0.2729	49053	1411006	0.0335965875351613	T	C	FALSE	0	2.09597443031136e-09	0	0	0	0	0	0
rs60069531	4	170998023	0.04624	0.0674	0.0338	0.0231	0.0231	49053	1411006	0.0335965875351613	A	G	FALSE	0	3.51421523058116e-08	0	0	0	0	0	0
rs60121932	4	170485882	0.000339	-0.0749	0.0209	0.0636	0.0636	49053	1411006	0.0335965875351613	T	C	FALSE	0	1.81994975133196e-06	0	0	0	0	1	1
rs60123075	4	169625800	0.6783	-0.0066	0.0159	0.1129	0.1129	49053	1411006	0.0335965875351613	A	C	FALSE	0	2.63484650101867e-09	0	0	0	0	0	0
rs60207859	4	170463293	0.0592	0.0284	0.015	0.1102	0.1102	56306	1417791	0.0381969436203995	T	G	FALSE	0	1.35667365358519e-08	0	0	0	0	0	0
rs60321447	4	170863587	0.01771	-0.0369	0.0155	0.8831	0.1169	49053	1411006	0.0335965875351613	A	T	FALSE	0	3.94371587776234e-08	0	0	0	0	0	0
rs60329698	4	169626163	0.8966	0.0022	0.0172	0.9035	0.0965	49053	1411006	0.0335965875351613	A	G	FALSE	0	2.63633700612228e-09	0	0	0	0	0	0
rs60358788	4	170842211	0.2839	-0.0231	0.0216	0.9388	0.0612	47884	1410038	0.032844006743845	A	T	FALSE	0	5.76729389858927e-09	0	0	0	0	0	0
rs60370426	4	170430263	0.03973	0.0307	0.0149	0.11	0.11	56306	1417791	0.0381969436203995	C	G	FALSE	0	1.87192554439125e-08	0	0	0	0	0	0
rs60370806	4	171460764	0.9685	0.001	0.0265	0.9622	0.0377999999999999	49053	1411006	0.0335965875351613	T	G	FALSE	0	4.01159095152167e-09	0	0	0	0	0	0
rs60382620	4	170129171	0.9836	3e-04	0.0155	0.8782	0.1218	49053	1411006	0.0335965875351613	A	G	FALSE	0	2.35862186005148e-09	0	0	0	0	0	0
rs60387764	4	169618014	0.9342	-0.0014	0.0173	0.9075	0.0925	49053	1411006	0.0335965875351613	A	G	FALSE	0	2.63866952860702e-09	0	0	0	0	0	0
rs60522663	4	170445400	0.05479	0.0285	0.0149	0.1117	0.1117	56306	1417791	0.0381969436203995	C	G	FALSE	0	1.39831298223595e-08	4	1	0	0	0	0
rs60567842	4	170367907	0.06838	0.027	0.0148	0.112	0.112	56306	1417791	0.0381969436203995	T	C	FALSE	0	1.17865472921939e-08	0	0	0	0	0	0
rs60578368	4	170657341	0.0006845	0.0427	0.0126	0.1674	0.1674	56306	1417791	0.0381969436203995	A	G	FALSE	0	5.84843675592766e-07	0	0	0	0	0	0
rs60579393	4	170506959	0.3794	0.0112	0.0127	0.8269	0.1731	56306	1417791	0.0381969436203995	A	G	FALSE	0	2.84891556897551e-09	0	0	0	0	0	0
rs60763938	4	170842346	0.2724	-0.0234	0.0213	0.9387	0.0613	49053	1411006	0.0335965875351613	T	C	FALSE	0	5.86966315613536e-09	0	0	0	0	0	0
rs60806286	4	169796062	0.2492	-0.0234	0.0203	0.0662	0.0662	50092	1411760	0.0342661226991515	C	G	FALSE	0	5.94848321602251e-09	0	0	0	0	0	0
rs60814450	4	171466576	0.9349	0.0022	0.0265	0.0379	0.0379	49053	1411006	0.0335965875351613	A	G	FALSE	0	4.02238417776588e-09	0	0	0	0	0	0
rs60940569	4	170078745	0.8116	-0.0071	0.0298	0.0323	0.0323	49053	1411006	0.0335965875351613	A	C	FALSE	0	4.62437411025692e-09	0	0	0	0	0	0
rs60962442	4	170780160	0.3602	-0.0115	0.0126	0.7124	0.2876	30435	974587	0.0302829191798786	A	C	FALSE	0	2.90555456109957e-09	0	0	0	0	0	0
rs60983070	4	169685459	0.3025	-0.0284	0.0275	0.044	0.044	49053	1411006	0.0335965875351613	A	G	FALSE	0	7.01628895238027e-09	0	0	0	0	0	0
rs61021568	4	169619772	0.9735	6e-04	0.0172	0.0925	0.0925	49053	1411006	0.0335965875351613	T	C	FALSE	0	2.61659638758793e-09	0	0	0	0	0	0
rs61056735	4	171156568	0.03075	-0.1049	0.0485	0.9822	0.0178	35345	1315724	0.0261607660304544	C	G	FALSE	0	6.55076427896831e-08	0	0	0	0	0	0
rs61088981	4	170862348	0.02135	0.0356	0.0154	0.118	0.118	49053	1411006	0.0335965875351613	T	G	FALSE	0	3.33700898207546e-08	0	0	0	0	0	0
rs61132655	4	170162253	0.02177	0.1034	0.0451	0.014	0.014	49053	1411006	0.0335965875351613	T	C	FALSE	0	8.18712489551806e-08	0	0	0	0	0	0
rs61136280	4	170820061	0.4577	0.0085	0.0114	0.2686	0.2686	49053	1411006	0.0335965875351613	A	G	FALSE	0	2.29127138996829e-09	0	0	0	0	0	0
rs61139378	4	170018654	0.916	0.0015	0.0145	0.1383	0.1383	49053	1411006	0.0335965875351613	A	G	FALSE	0	2.21864272733301e-09	0	0	0	0	0	0
rs61141806	4	170821708	0.5885	0.0061	0.0114	0.2705	0.2705	49053	1411006	0.0335965875351613	A	C	FALSE	0	2.00317360654118e-09	0	0	0	0	0	0
rs61168726	4	170414489	0.04333	-0.03	0.0149	0.8894	0.1106	56306	1417791	0.0381969436203995	C	G	FALSE	0	1.70199639099769e-08	0	0	0	0	0	0
rs61198380	4	170864280	0.01735	-0.0366	0.0154	0.8818	0.1182	49053	1411006	0.0335965875351613	A	G	FALSE	0	3.88217522975865e-08	0	0	0	0	0	0
rs61225877	4	171038690	0.1003	-0.0179	0.0109	0.2786	0.2786	56306	1417791	0.0381969436203995	T	C	FALSE	0	6.37093000899427e-09	0	0	0	0	0	0
rs61273788	4	170303773	0.0008195	0.0323	0.0096	0.5044	0.4956	56306	1417791	0.0381969436203995	T	G	FALSE	0	4.14825189853235e-07	0	0	0	0	0	0
rs61379910	4	170328389	0.0003525	0.0346	0.0097	0.5342	0.4658	56306	1417791	0.0381969436203995	T	C	FALSE	0	8.43743429606614e-07	0	0	0	0	0	0
rs61380794	4	169627901	0.8952	0.0023	0.0178	0.9106	0.0894	49053	1411006	0.0335965875351613	A	G	FALSE	0	2.72803464535621e-09	0	0	0	0	0	0
rs61405217	4	170322312	0.0003282	0.0348	0.0097	0.5383	0.4617	56306	1417791	0.0381969436203995	T	C	FALSE	0	9.08172672920653e-07	0	0	0	0	0	0
rs61438349	4	170107166	0.9514	9e-04	0.0153	0.8768	0.1232	49053	1411006	0.0335965875351613	A	G	FALSE	0	2.33194035775118e-09	0	0	0	0	0	0
rs61479730	4	170928251	0.9461	-0.0064	0.0948	0.9864	0.0135999999999999	26818	402208	0.0625090320866334	A	G	FALSE	0	1.30964007362211e-08	0	0	0	0	0	0
rs61501918	4	171520585	0.4213	0.0281	0.0349	0.0211	0.0211	49053	1411006	0.0335965875351613	A	G	FALSE	0	7.18571657576019e-09	0	0	0	0	0	0
rs61516087	4	170367800	0.04846	-0.0294	0.0149	0.8892	0.1108	56306	1417791	0.0381969436203995	A	G	FALSE	0	1.571417842245e-08	0	0	0	0	0	0
rs61557923	4	170270391	0.006709	0.0311	0.0115	0.7522	0.2478	56306	1417791	0.0381969436203995	A	C	FALSE	0	6.70501172341611e-08	0	0	0	0	0	0
rs61586458	4	171345323	0.9152	-0.0045	0.0422	0.0307	0.0307	49053	1411006	0.0335965875351613	A	G	FALSE	0	6.33525219794449e-09	0	0	0	0	0	0
rs61592574	4	171128514	0.02177	0.0942	0.0411	0.0167	0.0167	49053	1411006	0.0335965875351613	T	C	FALSE	0	7.63639771274696e-08	0	0	0	0	0	0
rs61614333	4	170786287	0.5044	-0.0138	0.0207	0.0976	0.0976	49053	1411006	0.0335965875351613	T	C	FALSE	0	3.91462067696321e-09	0	0	0	0	0	0
rs61621921	4	171446567	0.9831	6e-04	0.0282	0.9644	0.0356	49053	1411006	0.0335965875351613	A	G	FALSE	0	4.26203334755531e-09	0	0	0	0	0	0
rs61651883	4	170460665	0.06106	-0.0278	0.0149	0.8888	0.1112	56306	1417791	0.0381969436203995	T	C	FALSE	0	1.28017801186884e-08	0	0	0	0	0	0
rs62332692	4	169996544	0.9489	9e-04	0.0137	0.1644	0.1644	56306	1417791	0.0381969436203995	T	C	FALSE	0	2.09017616772583e-09	0	0	0	0	0	0
rs62332694	4	170011293	0.3359	-0.0175	0.0182	0.9161	0.0839	49053	1411006	0.0335965875351613	A	G	FALSE	0	4.37464331347528e-09	0	0	0	0	0	0
rs62332722	4	170095270	0.1651	-0.0163	0.0117	0.7501	0.2499	49053	1411006	0.0335965875351613	A	C	FALSE	0	4.68828568207743e-09	0	0	0	0	0	0
rs62332726	4	170130880	0.1475	-0.0167	0.0116	0.7493	0.2507	49053	1411006	0.0335965875351613	T	G	FALSE	0	4.96394314674489e-09	0	0	0	0	0	0
rs62332970	4	169746931	0.7387	0.0042	0.0125	0.2322	0.2322	49053	1411006	0.0335965875351613	A	G	FALSE	0	2.01385964983793e-09	0	0	0	0	0	0
rs62332971	4	169749149	0.5296	-0.0277	0.044	0.0287	0.0287	49053	1411006	0.0335965875351613	A	G	FALSE	0	7.92179526313459e-09	0	0	0	0	0	0
rs62332978	4	169773960	0.7177	-0.005	0.0138	0.2617	0.2617	42598	1322509	0.0312048799105125	T	C	FALSE	0	2.24266662500125e-09	0	0	0	0	0	0
rs62333013	4	169799448	0.2669	-0.0112	0.0101	0.3618	0.3618	56306	1417791	0.0381969436203995	A	G	FALSE	0	2.84221880174154e-09	0	0	0	0	0	0
rs62333016	4	169810658	0.2604	-0.0114	0.0101	0.3624	0.3624	56306	1417791	0.0381969436203995	T	C	FALSE	0	2.90572622309567e-09	0	0	0	0	0	0
rs62333036	4	169863470	0.6114	0.0142	0.028	0.0904	0.0904	35345	1315724	0.0261607660304544	A	G	FALSE	0	4.80025780981579e-09	0	0	0	0	0	0
rs62333038	4	169878641	0.6425	0.0175	0.0377	0.0502	0.0502	34176	1314756	0.0253355988292961	C	G	FALSE	0	6.2732063736858e-09	0	0	0	0	0	0
rs62333101	4	170253310	0.267	0.0189	0.017	0.8918	0.1082	49053	1411006	0.0335965875351613	T	C	FALSE	0	4.77424830715129e-09	0	0	0	0	0	0
rs62333102	4	170268643	0.0108	-0.029	0.0114	0.2444	0.2444	56306	1417791	0.0381969436203995	A	G	FALSE	0	4.36921919812185e-08	0	0	0	0	0	0
rs62333105	4	170276856	0.865	0.0082	0.048	0.0186	0.0186	42598	1322509	0.0312048799105125	T	C	FALSE	0	7.22135514392391e-09	0	0	0	0	0	0
rs62333107	4	170281697	0.9644	0.0021	0.0479	0.0187	0.0187	42598	1322509	0.0312048799105125	T	C	FALSE	0	7.11483533426885e-09	0	0	0	0	0	0
rs62333139	4	170289318	0.0008152	0.0325	0.0097	0.5064	0.4936	56306	1417791	0.0381969436203995	A	G	FALSE	0	3.9973481321206e-07	0	0	0	0	0	0
rs62333142	4	170299408	0.8802	-0.0081	0.0537	0.0179	0.0179	35345	1315724	0.0261607660304544	A	G	FALSE	0	7.99857531982364e-09	0	0	0	0	0	0
rs62333145	4	170312233	0.0003219	-0.0348	0.0097	0.4651	0.4651	56306	1417791	0.0381969436203995	T	G	FALSE	0	9.08172672920653e-07	0	0	0	0	0	0
rs62333149	4	170322336	0.7853	-0.0129	0.0474	0.9818	0.0182	56306	1417791	0.0381969436203995	T	C	FALSE	0	7.28929893887172e-09	0	0	0	0	0	0
rs62333164	4	170583157	2.001e-10	-0.0638	0.01	0.3264	0.3264	56306	1417791	0.0381969436203995	A	G	TRUE	1	0.999562718144726	0	0	0	0	1	1
rs62333166	4	170584880	0.005879	0.0376	0.0137	0.1357	0.1357	56306	1417791	0.0381969436203995	A	G	FALSE	0	8.85636402060829e-08	0	0	0	0	0	0
rs62333170	4	170587248	2.113e-05	-0.047	0.011	0.2467	0.2467	56306	1417791	0.0381969436203995	A	G	FALSE	0	1.50179349296897e-05	0	0	0	0	0	0
rs62333171	4	170593582	1.551e-05	-0.048	0.0111	0.2458	0.2458	56306	1417791	0.0381969436203995	T	C	FALSE	0	1.88946037181662e-05	0	0	0	0	0	0
rs62333172	4	170594892	0.006841	-0.0369	0.0137	0.8646	0.1354	56306	1417791	0.0381969436203995	A	G	FALSE	0	7.71262997080861e-08	0	0	0	0	0	0
rs62333886	4	169585374	0.6477	0.0123	0.0269	0.0392	0.0392	56306	1417791	0.0381969436203995	T	C	FALSE	0	4.50815626384307e-09	0	0	0	0	0	0
rs62333890	4	169600755	0.8022	-0.0045	0.0178	0.9237	0.0763	56306	1417791	0.0381969436203995	T	C	FALSE	0	2.79268651094466e-09	0	0	0	0	0	0
rs62333891	4	169606649	0.7356	0.006	0.0178	0.076	0.076	56306	1417791	0.0381969436203995	A	C	FALSE	0	2.86240885746582e-09	0	0	0	0	0	0
rs62333892	4	169608218	0.7189	0.0064	0.0177	0.0777	0.0777	56306	1417791	0.0381969436203995	A	G	FALSE	0	2.87074596821263e-09	0	0	0	0	0	0
rs62333894	4	169617627	0.7787	-0.0074	0.0265	0.961	0.039	56306	1417791	0.0381969436203995	C	G	FALSE	0	4.16536734492818e-09	0	0	0	0	0	0
rs62333913	4	169620992	0.7879	0.013	0.0482	0.0169	0.0169	37688	981372	0.0369831020744608	T	C	FALSE	0	7.40052599789126e-09	0	0	0	0	0	0
rs62333914	4	169640666	0.8197	0.0058	0.0252	0.0405	0.0405	56306	1417791	0.0381969436203995	T	C	FALSE	0	3.91606123575652e-09	0	0	0	0	0	0
rs62333915	4	169645874	0.9936	-2e-04	0.0248	0.0409	0.0409	56306	1417791	0.0381969436203995	T	C	FALSE	0	3.75576355411327e-09	0	0	0	0	0	0
rs62333916	4	169646886	0.9403	-0.0019	0.0248	0.0413	0.0413	56306	1417791	0.0381969436203995	T	C	FALSE	0	3.76651401362997e-09	0	0	0	0	0	0
rs62333917	4	169647958	0.9893	-3e-04	0.0248	0.0416	0.0416	56306	1417791	0.0381969436203995	T	C	FALSE	0	3.75591390870275e-09	0	0	0	0	0	0
rs62333919	4	169649629	0.9647	0.0011	0.0249	0.9586	0.0414	56306	1417791	0.0381969436203995	T	C	FALSE	0	3.7741811620463e-09	0	0	0	0	0	0
rs62333920	4	169650836	0.9519	-0.0015	0.0254	0.0406	0.0406	56306	1417791	0.0381969436203995	A	G	FALSE	0	3.85168423647766e-09	0	0	0	0	0	0
rs62333921	4	169651555	0.9688	0.001	0.0249	0.9586	0.0414	56306	1417791	0.0381969436203995	A	T	FALSE	0	3.773551804998e-09	0	0	0	0	0	0
rs62333922	4	169651854	0.988	4e-04	0.0249	0.9585	0.0415	56306	1417791	0.0381969436203995	T	C	FALSE	0	3.77103542610327e-09	0	0	0	0	0	0
rs62333924	4	169653732	0.8188	0.0058	0.0255	0.959	0.041	56306	1417791	0.0381969436203995	T	C	FALSE	0	3.95948635837142e-09	0	0	0	0	0	0
rs62333926	4	169679449	0.1437	0.0199	0.0136	0.19	0.19	49053	1411006	0.0335965875351613	A	G	FALSE	0	6.00991115866852e-09	0	0	0	0	0	0
rs62334169	4	170141849	0.1754	-0.0168	0.0124	0.7882	0.2118	49053	1411006	0.0335965875351613	A	T	FALSE	0	4.71195574391646e-09	0	0	0	0	0	0
rs62334170	4	170156746	0.3067	0.0119	0.0117	0.2431	0.2431	49053	1411006	0.0335965875351613	T	C	FALSE	0	2.98441006027717e-09	0	0	0	0	0	0
rs62334171	4	170157611	0.2169	-0.0143	0.0116	0.7518	0.2482	49053	1411006	0.0335965875351613	T	C	FALSE	0	3.76847607968963e-09	0	0	0	0	0	0
rs62334172	4	170185706	0.303	0.0108	0.0104	0.3762	0.3762	49053	1411006	0.0335965875351613	A	G	FALSE	0	2.71352402542136e-09	0	0	0	0	0	0
rs62334208	4	170203312	0.698	-0.0194	0.0499	0.0173	0.0173	56306	1417791	0.0381969436203995	T	C	FALSE	0	7.93288553731692e-09	0	0	0	0	0	0
rs62334209	4	170206625	0.1598	-0.0167	0.0119	0.2461	0.2461	47884	1410038	0.032844006743845	A	G	FALSE	0	4.83583845969419e-09	0	0	0	0	0	0
rs62334210	4	170213712	0.9046	0.006	0.0499	0.0178	0.0178	55137	1416823	0.0374582189733417	T	C	FALSE	0	7.43855727387032e-09	0	0	0	0	0	0
rs62334211	4	170220311	0.05396	0.0193	0.01	0.4945	0.4945	50092	1411760	0.0342661226991515	A	G	FALSE	0	9.7687406856214e-09	0	0	0	0	0	0
rs62334213	4	170237440	0.2772	0.0183	0.0169	0.8916	0.1084	49053	1411006	0.0335965875351613	A	G	FALSE	0	4.59935762524241e-09	0	0	0	0	0	0
rs62334265	4	169684612	0.3586	0.0117	0.0127	0.1946	0.1946	49053	1411006	0.0335965875351613	A	G	FALSE	0	2.95143337018799e-09	0	0	0	0	0	0
rs62334289	4	169691264	0.2944	-0.0107	0.0102	0.4211	0.4211	49053	1411006	0.0335965875351613	A	C	FALSE	0	2.69104067735223e-09	0	0	0	0	0	0
rs62334291	4	169695607	0.1367	0.0181	0.0121	0.2161	0.2161	49053	1411006	0.0335965875351613	A	G	FALSE	0	5.61900213116565e-09	0	0	0	0	0	0
rs62334293	4	169696661	0.128	0.0185	0.0121	0.216	0.216	49053	1411006	0.0335965875351613	T	C	FALSE	0	5.90599740373715e-09	0	0	0	0	0	0
rs62334294	4	169699346	0.3295	0.015	0.0154	0.2221	0.2221	35345	1315724	0.0261607660304544	T	G	FALSE	0	3.75476072575822e-09	0	0	0	0	0	0
rs62334295	4	169705607	0.1448	0.0178	0.0122	0.2136	0.2136	49053	1411006	0.0335965875351613	A	G	FALSE	0	5.36578630710728e-09	0	0	0	0	0	0
rs62334297	4	169706660	0.1098	-0.0196	0.0123	0.7893	0.2107	49053	1411006	0.0335965875351613	A	G	FALSE	0	6.63652092140912e-09	0	0	0	0	0	0
rs62334298	4	169707203	0.1151	0.0194	0.0123	0.2107	0.2107	49053	1411006	0.0335965875351613	A	G	FALSE	0	6.46825712684989e-09	0	0	0	0	0	0
rs62334299	4	169707473	0.1186	0.0192	0.0123	0.2112	0.2112	49053	1411006	0.0335965875351613	A	G	FALSE	0	6.3059202687115e-09	0	0	0	0	0	0
rs62334300	4	169709276	0.4044	-0.0326	0.0391	0.0449	0.0449	35345	1315724	0.0261607660304544	T	C	FALSE	0	8.18412242853734e-09	0	0	0	0	0	0
rs62334301	4	169709298	0.06016	-0.0233	0.0124	0.7887	0.2113	49053	1411006	0.0335965875351613	A	G	FALSE	0	1.09621075108947e-08	0	0	0	0	0	0
rs62334302	4	169712469	0.2339	0.0154	0.013	0.1861	0.1861	49053	1411006	0.0335965875351613	T	C	FALSE	0	3.98123274856817e-09	0	0	0	0	0	0
rs62334303	4	169712666	0.1821	0.0173	0.013	0.1846	0.1846	49053	1411006	0.0335965875351613	T	C	FALSE	0	4.78092822815875e-09	0	0	0	0	0	0
rs62334304	4	169714205	0.2289	0.0155	0.0129	0.1909	0.1909	49053	1411006	0.0335965875351613	A	G	FALSE	0	4.03121535655108e-09	0	0	0	0	0	0
rs62334305	4	169715383	0.1889	0.0172	0.0131	0.1844	0.1844	49053	1411006	0.0335965875351613	A	G	FALSE	0	4.70576967043845e-09	0	0	0	0	0	0
rs62334335	4	169724673	0.2029	0.0161	0.0126	0.1922	0.1922	49053	1411006	0.0335965875351613	A	C	FALSE	0	4.32707750589158e-09	0	0	0	0	0	0
rs62334339	4	169738543	0.7612	0.0042	0.0139	0.1618	0.1618	49053	1411006	0.0335965875351613	T	C	FALSE	0	2.2143420640087e-09	0	0	0	0	0	0
rs62334340	4	169742747	0.9113	0.0014	0.0124	0.2265	0.2265	49053	1411006	0.0335965875351613	A	C	FALSE	0	1.90060592417457e-09	0	0	0	0	0	0
rs62334470	4	170330598	0.0003382	-0.0347	0.0097	0.4629	0.4629	56306	1417791	0.0381969436203995	T	G	FALSE	0	8.75319074166123e-07	0	0	0	0	0	0
rs62334471	4	170346444	0.4128	0.0104	0.0127	0.825	0.175	56306	1417791	0.0381969436203995	A	G	FALSE	0	2.70090106510724e-09	0	0	0	0	0	0
rs62334472	4	170357792	0.0003477	0.0346	0.0097	0.551	0.449	56306	1417791	0.0381969436203995	A	G	FALSE	0	8.43743429606614e-07	0	0	0	0	0	0
rs62334476	4	170406047	0.9824	-0.001	0.0463	0.982	0.018	56306	1417791	0.0381969436203995	A	G	FALSE	0	6.88473060965306e-09	0	0	0	0	0	0
rs62334479	4	170411433	0.7689	0.013	0.0444	0.0194	0.0194	56306	1417791	0.0381969436203995	C	G	FALSE	0	6.89007114417391e-09	0	0	0	0	0	0
rs62334480	4	170422558	0.0002568	0.0353	0.0096	0.5518	0.4482	56306	1417791	0.0381969436203995	A	G	FALSE	0	1.24337961371016e-06	0	0	0	0	0	0
rs62334503	4	170467206	0.0002066	0.0356	0.0096	0.5497	0.4503	56306	1417791	0.0381969436203995	C	G	FALSE	0	1.39509852316278e-06	0	0	0	0	0	0
rs62334509	4	170521730	0.06409	-0.0312	0.0168	0.1136	0.1136	56306	1417791	0.0381969436203995	A	G	FALSE	0	1.41585084778676e-08	0	0	0	0	0	0
rs62334511	4	170524666	0.9257	0.0043	0.0462	0.0172	0.0172	56306	1417791	0.0381969436203995	A	T	FALSE	0	6.89739737598981e-09	0	0	0	0	0	0
rs62334513	4	170529388	0.629	-0.0196	0.0407	0.9811	0.0189	56306	1417791	0.0381969436203995	A	G	FALSE	0	6.80276831120912e-09	0	0	0	0	0	0
rs62334514	4	170533688	0.763	0.0137	0.0453	0.0191	0.0191	42598	1322509	0.0312048799105125	A	G	FALSE	0	7.04161414706118e-09	0	0	0	0	0	0
rs62334531	4	170551360	0.005838	-0.039	0.0142	0.865	0.135	56306	1417791	0.0381969436203995	T	G	FALSE	0	9.21510594117316e-08	0	0	0	0	0	0
rs62334533	4	170566308	5.709e-05	-0.0457	0.0114	0.2438	0.2438	56306	1417791	0.0381969436203995	A	C	FALSE	0	5.22464181855416e-06	0	0	1	1	0	0
rs62334535	4	170569438	0.005055	0.0386	0.0138	0.135	0.135	56306	1417791	0.0381969436203995	A	G	FALSE	0	1.03099152765753e-07	0	0	0	0	0	0
rs62334861	4	169905147	0.7417	-0.0119	0.036	0.9489	0.0511	35345	1315724	0.0261607660304544	A	G	FALSE	0	5.70042185277186e-09	0	0	0	0	0	0
rs62334887	4	169941715	0.6646	-0.0178	0.041	0.9743	0.0256999999999999	47884	1410038	0.032844006743845	T	G	FALSE	0	6.7091701647411e-09	0	0	0	0	0	0
rs62334889	4	169949845	0.9059	0.0033	0.0278	0.0381	0.0381	49053	1411006	0.0335965875351613	T	G	FALSE	0	4.23094334645851e-09	0	0	0	0	0	0
rs62334890	4	169957337	0.9338	-0.0023	0.0276	0.0383	0.0383	49053	1411006	0.0335965875351613	T	C	FALSE	0	4.18637858952038e-09	0	0	0	0	0	0
rs62334891	4	169960517	0.9469	-0.0018	0.027	0.0399	0.0399	49053	1411006	0.0335965875351613	A	G	FALSE	0	4.09200175915286e-09	0	0	0	0	0	0
rs62334892	4	169960637	0.9073	0.0032	0.0274	0.9614	0.0386	49053	1411006	0.0335965875351613	A	G	FALSE	0	4.17028772492809e-09	0	0	0	0	0	0
rs62334893	4	169961425	0.9019	-0.0033	0.0271	0.0391	0.0391	49053	1411006	0.0335965875351613	A	G	FALSE	0	4.12787491666439e-09	0	0	0	0	0	0
rs62334894	4	169964726	0.7964	0.0062	0.0239	0.0728	0.0728	49053	1411006	0.0335965875351613	A	G	FALSE	0	3.74345279591137e-09	0	0	0	0	0	0
rs62344061	4	171372630	0.4449	0.0331	0.0433	0.9607	0.0393	35345	1315724	0.0261607660304544	A	C	FALSE	0	8.53685323307112e-09	0	0	0	0	0	0
rs62344097	4	171406435	0.7195	-0.0117	0.0325	0.0605	0.0605	35345	1315724	0.0261607660304544	A	G	FALSE	0	5.214204817832e-09	0	0	0	0	0	0
rs62344121	4	171456864	0.2847	0.0291	0.0272	0.9208	0.0792000000000001	35345	1315724	0.0261607660304544	T	C	FALSE	0	7.21382007489535e-09	0	0	0	0	0	0
rs62344152	4	171468365	0.9812	-5e-04	0.0224	0.1473	0.1473	16727	879305	0.0186678600764258	A	C	FALSE	0	3.39777032678566e-09	0	0	0	0	0	0
rs62344460	4	170707495	0.6795	-0.0053	0.0128	0.2181	0.2181	49053	1411006	0.0335965875351613	T	C	FALSE	0	2.12298042158349e-09	0	0	0	0	0	0
rs62344484	4	170752204	0.1398	0.0376	0.0254	0.882	0.118	35345	1315724	0.0261607660304544	C	G	FALSE	0	1.1303010887658e-08	0	0	0	0	0	0
rs62344514	4	170777182	0.2979	-0.0179	0.0172	0.1163	0.1163	49053	1411006	0.0335965875351613	T	C	FALSE	0	4.47640611801643e-09	0	0	0	0	0	0
rs62344515	4	170777395	0.2915	0.018	0.0171	0.8837	0.1163	49053	1411006	0.0335965875351613	T	C	FALSE	0	4.50630743843981e-09	0	0	0	0	0	0
rs62344516	4	170777554	0.2971	-0.0215	0.0206	0.1178	0.1178	35345	1315724	0.0261607660304544	A	G	FALSE	0	5.36011896053703e-09	0	0	0	0	0	0
rs62344517	4	170779381	0.07279	-0.0353	0.0197	0.9247	0.0753	35345	1315724	0.0261607660304544	A	G	FALSE	0	1.4670278181269e-08	0	0	0	0	0	0
rs62344519	4	170780498	0.1034	0.032	0.0197	0.0745	0.0745	49053	1411006	0.0335965875351613	A	C	FALSE	0	1.1050115948247e-08	0	0	0	0	0	0
rs62344525	4	170786054	0.6209	0.0065	0.0132	0.188	0.188	49053	1411006	0.0335965875351613	A	G	FALSE	0	2.26778586328024e-09	0	0	0	0	0	0
rs62344552	4	170801833	0.8069	0.0033	0.0134	0.1706	0.1706	49053	1411006	0.0335965875351613	A	G	FALSE	0	2.10275683257457e-09	0	0	0	0	0	0
rs62344554	4	170814723	0.6211	0.0065	0.0132	0.1732	0.1732	49053	1411006	0.0335965875351613	T	C	FALSE	0	2.26778586328024e-09	0	0	0	0	0	0
rs62344557	4	170820165	0.612	0.0067	0.0132	0.1741	0.1741	49053	1411006	0.0335965875351613	A	G	FALSE	0	2.28495622260482e-09	0	0	0	0	0	0
rs62344585	4	171145790	0.003326	-0.1862	0.0634	0.9886	0.0114	35345	1315724	0.0261607660304544	T	C	FALSE	0	4.64304498075702e-07	0	0	0	0	0	0
rs62344586	4	171145853	0.02924	-0.1059	0.0486	0.9823	0.0177000000000001	35345	1315724	0.0261607660304544	A	C	FALSE	0	6.78067543487384e-08	0	0	0	0	0	0
rs62344587	4	171145888	0.01911	-0.0956	0.0408	0.9829	0.0171	49053	1411006	0.0335965875351613	A	G	FALSE	0	8.50984881793066e-08	0	0	0	0	0	0
rs62344588	4	171147413	0.02292	-0.0929	0.0409	0.9829	0.0171	49053	1411006	0.0335965875351613	A	G	FALSE	0	7.2730124204077e-08	0	0	0	0	0	0
rs62344589	4	171151374	0.2215	-0.0237	0.0194	0.0765	0.0765	49053	1411006	0.0335965875351613	A	G	FALSE	0	6.17120448707985e-09	0	0	0	0	0	0
rs62344606	4	171175731	0.0867	0.0784	0.0458	0.9815	0.0185	49053	1411006	0.0335965875351613	T	C	FALSE	0	2.74093160421269e-08	0	0	0	0	0	0
rs62344611	4	171190901	0.1816	-0.0261	0.0195	0.0748	0.0748	49053	1411006	0.0335965875351613	A	C	FALSE	0	7.19246476619699e-09	0	0	0	0	0	0
rs62344613	4	171197865	0.1771	-0.0266	0.0197	0.0747	0.0747	49053	1411006	0.0335965875351613	T	C	FALSE	0	7.37923130776285e-09	0	0	0	0	0	0
rs62344651	4	171262170	0.09147	0.1058	0.0627	0.986	0.014	30435	974587	0.0302829191798786	T	C	FALSE	0	3.33745523515893e-08	0	0	0	0	0	0
rs62344652	4	171266307	0.3401	0.0442	0.0464	0.025	0.025	35345	1315724	0.0261607660304544	T	C	FALSE	0	1.06086443292904e-08	0	0	0	0	0	0
rs62344670	4	170938639	0.4465	-0.0372	0.0489	0.0137	0.0137	29266	973619	0.0291818104767745	A	G	FALSE	0	9.52413934860961e-09	0	0	0	0	0	0
rs62344671	4	170941154	0.3243	-0.0184	0.0187	0.9189	0.0811	49053	1411006	0.0335965875351613	T	C	FALSE	0	4.59104376823466e-09	0	0	0	0	0	0
rs62344672	4	170948060	0.3552	0.0172	0.0187	0.0812	0.0812	49053	1411006	0.0335965875351613	C	G	FALSE	0	4.32129055653014e-09	0	0	0	0	0	0
rs62344673	4	170951632	0.3737	0.0166	0.0187	0.0812	0.0812	49053	1411006	0.0335965875351613	A	T	FALSE	0	4.19883996738577e-09	0	0	0	0	0	0
rs62344676	4	170955013	0.2103	-0.0261	0.0208	0.9356	0.0644	49053	1411006	0.0335965875351613	C	G	FALSE	0	6.87895401676946e-09	0	0	0	0	0	0
rs62344677	4	170955488	0.1325	0.0312	0.0207	0.0656	0.0656	49053	1411006	0.0335965875351613	T	C	FALSE	0	9.66690569402022e-09	0	0	0	0	0	0
rs62344678	4	170961308	0.007905	-0.0311	0.0117	0.2518	0.2518	49053	1411006	0.0335965875351613	A	G	FALSE	0	6.02605239428164e-08	0	0	0	0	0	0
rs62344679	4	170963591	0.006974	-0.0318	0.0118	0.2514	0.2514	49053	1411006	0.0335965875351613	A	G	FALSE	0	6.70269608384675e-08	0	0	0	0	0	0
rs62344680	4	170965878	0.1227	0.0324	0.021	0.0638	0.0638	49053	1411006	0.0335965875351613	C	G	FALSE	0	1.03430076339087e-08	0	0	0	0	0	0
rs62344708	4	170969966	0.0697	-0.067	0.0369	0.9799	0.0201	47884	1410038	0.032844006743845	A	T	FALSE	0	2.72668325877439e-08	0	0	0	0	0	0
rs62344709	4	170970026	0.1311	-0.0334	0.0221	0.9404	0.0596	49053	1411006	0.0335965875351613	C	G	FALSE	0	1.0358535841313e-08	0	0	0	0	0	0
rs62344710	4	170971840	0.1175	0.0329	0.021	0.0642	0.0642	49053	1411006	0.0335965875351613	A	T	FALSE	0	1.07287297497267e-08	0	0	0	0	0	0
rs62344715	4	170988103	0.1381	0.0311	0.021	0.0642	0.0642	49053	1411006	0.0335965875351613	T	C	FALSE	0	9.42850190090374e-09	0	0	0	0	0	0
rs62344716	4	170992853	0.109	0.034	0.0212	0.0636	0.0636	49053	1411006	0.0335965875351613	A	G	FALSE	0	1.14755116557483e-08	0	0	0	0	0	0
rs62344717	4	170993392	0.07737	0.0371	0.021	0.0656	0.0656	49053	1411006	0.0335965875351613	A	G	FALSE	0	1.49188210708122e-08	0	0	0	0	0	0
rs62344720	4	171001406	0.04639	0.0672	0.0337	0.0231	0.0231	49053	1411006	0.0335965875351613	T	G	FALSE	0	3.5050978910991e-08	0	0	0	0	0	0
rs62344721	4	171018724	0.04925	0.0687	0.0349	0.0221	0.0221	49053	1411006	0.0335965875351613	T	C	FALSE	0	3.43891472934936e-08	0	0	0	0	0	0
rs62344723	4	171022811	0.02515	-0.0746	0.0333	0.9766	0.0234	49053	1411006	0.0335965875351613	A	G	FALSE	0	5.76033357465006e-08	0	0	0	0	0	0
rs62344724	4	171027403	0.02531	-0.0743	0.0332	0.9765	0.0235	49053	1411006	0.0335965875351613	T	G	FALSE	0	5.71718860503285e-08	0	0	0	0	0	0
rs62344725	4	171029605	0.02494	-0.0744	0.0332	0.9765	0.0235	49053	1411006	0.0335965875351613	A	G	FALSE	0	5.75484233992504e-08	0	0	0	0	0	0
rs62344726	4	171034177	0.1469	-0.0254	0.0175	0.093	0.093	49053	1411006	0.0335965875351613	A	C	FALSE	0	7.56666172164839e-09	0	0	0	0	0	0
rs62344727	4	171035345	0.00491	0.057	0.0203	0.9304	0.0696	49053	1411006	0.0335965875351613	A	T	FALSE	0	1.52542492583547e-07	0	0	0	0	0	0
rs62344749	4	171057506	0.2067	-0.0219	0.0173	0.0953	0.0953	49053	1411006	0.0335965875351613	A	G	FALSE	0	5.82594027700881e-09	0	0	0	0	0	0
rs62344751	4	171065869	0.2704	-0.0272	0.0247	0.0769	0.0769	35345	1315724	0.0261607660304544	T	C	FALSE	0	6.79717998448476e-09	0	0	0	0	0	0
rs62344752	4	171066483	0.3634	-0.0203	0.0224	0.0615	0.0615	47884	1410038	0.032844006743845	A	G	FALSE	0	5.09587105577886e-09	0	0	0	0	0	0
rs62346178	4	170620812	0.003043	-0.0424	0.0143	0.8737	0.1263	56306	1417791	0.0381969436203995	A	G	FALSE	0	1.72623654350269e-07	0	0	0	0	0	0
rs62346179	4	170621045	0.004805	-0.0405	0.0144	0.8712	0.1288	56306	1417791	0.0381969436203995	T	G	FALSE	0	1.12097504054389e-07	0	0	0	0	0	0
rs62346181	4	170624330	7.613e-05	0.0425	0.0107	0.7247	0.2753	56306	1417791	0.0381969436203995	T	C	FALSE	0	4.24964153102784e-06	0	0	0	0	0	0
rs62346182	4	170627119	0.1465	0.0258	0.0177	0.8984	0.1016	56306	1417791	0.0381969436203995	C	G	FALSE	0	7.71982552828469e-09	0	0	0	0	0	0
rs62346184	4	170633035	8.539e-05	-0.0423	0.0108	0.2753	0.2753	56306	1417791	0.0381969436203995	T	C	FALSE	0	3.44946171140884e-06	0	0	0	0	0	0
rs62346188	4	170636463	0.5366	0.0284	0.0459	0.0177	0.0177	56306	1417791	0.0381969436203995	T	C	FALSE	0	8.18812825893992e-09	0	0	0	0	0	0
rs62346269	4	171066503	0.4375	-0.0152	0.0196	0.0759	0.0759	47884	1410038	0.032844006743845	T	C	FALSE	0	4.00940724904785e-09	0	0	0	0	0	0
rs62346270	4	171066864	0.3962	0.0165	0.0195	0.9249	0.0750999999999999	49053	1411006	0.0335965875351613	T	C	FALSE	0	4.22215769757508e-09	0	0	0	0	0	0
rs62346272	4	171067299	0.4175	0.0166	0.0205	0.9289	0.0711000000000001	49053	1411006	0.0335965875351613	A	G	FALSE	0	4.30461786481171e-09	0	0	0	0	0	0
rs62346280	4	171078420	0.01892	0.0943	0.0402	0.0173	0.0173	49053	1411006	0.0335965875351613	T	C	FALSE	0	8.46555564262763e-08	0	0	0	0	0	0
rs62346281	4	171078722	0.003492	-0.0278	0.0095	0.5137	0.4863	56306	1417791	0.0381969436203995	T	C	FALSE	0	1.03775889380488e-07	0	0	0	0	0	0
rs62346282	4	171081706	0.3888	-0.0166	0.0193	0.0759	0.0759	49053	1411006	0.0335965875351613	T	C	FALSE	0	4.22911327708212e-09	0	0	0	0	0	0
rs62346283	4	171082440	0.01807	-0.0949	0.0401	0.9827	0.0173	49053	1411006	0.0335965875351613	A	G	FALSE	0	8.85749857627113e-08	0	0	0	0	0	0
rs62346285	4	171087842	0.3543	-0.0178	0.0192	0.0776	0.0776	49053	1411006	0.0335965875351613	T	C	FALSE	0	4.46462947151712e-09	0	0	0	0	0	0
rs62346287	4	171088501	0.005886	0.1508	0.0548	0.0136	0.0136	35345	1315724	0.0261607660304544	T	C	FALSE	0	2.72981082449004e-07	0	0	0	0	0	0
rs62346313	4	171093497	0.03274	0.085	0.0398	0.0173	0.0173	49053	1411006	0.0335965875351613	A	G	FALSE	0	5.34198643153074e-08	0	0	0	0	0	0
rs62346315	4	171094887	0.2788	0.0208	0.0192	0.9229	0.0771	49053	1411006	0.0335965875351613	T	C	FALSE	0	5.21644296977622e-09	0	0	0	0	0	0
rs62346318	4	171097043	0.2153	-0.0238	0.0192	0.0787	0.0787	49053	1411006	0.0335965875351613	T	C	FALSE	0	6.24409604057499e-09	0	0	0	0	0	0
rs62346320	4	171100321	0.279	0.0208	0.0192	0.9232	0.0768	49053	1411006	0.0335965875351613	T	C	FALSE	0	5.21644296977622e-09	0	0	0	0	0	0
rs62346321	4	171100377	0.2709	0.021	0.0191	0.9228	0.0772	49053	1411006	0.0335965875351613	A	G	FALSE	0	5.28121319741381e-09	0	0	0	0	0	0
rs62346322	4	171100830	0.2236	-0.0238	0.0195	0.0755	0.0755	49053	1411006	0.0335965875351613	A	G	FALSE	0	6.19375273588591e-09	0	0	0	0	0	0
rs62346324	4	171107467	0.03753	0.0979	0.0471	0.0172	0.0172	49053	1411006	0.0335965875351613	A	C	FALSE	0	5.41640924852298e-08	0	0	0	0	0	0
rs62346355	4	171127824	0.288	-0.0204	0.0192	0.0772	0.0772	49053	1411006	0.0335965875351613	A	C	FALSE	0	5.10217762805449e-09	0	0	0	0	0	0
rs62346359	4	171135508	0.02177	0.0946	0.0412	0.0167	0.0167	49053	1411006	0.0335965875351613	A	G	FALSE	0	7.72053206670644e-08	0	0	0	0	0	0
rs62346531	4	171564861	0.6625	0.0096	0.0221	0.1508	0.1508	16727	879305	0.0186678600764258	T	C	FALSE	0	3.67945166522439e-09	0	0	0	0	0	0
rs62346571	4	171292208	0.7846	0.0066	0.0241	0.0465	0.0465	49053	1411006	0.0335965875351613	T	C	FALSE	0	3.7886584678138e-09	0	0	0	0	0	0
rs62346998	4	170827096	0.6697	0.0056	0.0131	0.1755	0.1755	49053	1411006	0.0335965875351613	A	G	FALSE	0	2.18473984535683e-09	0	0	0	0	0	0
rs62346999	4	170828610	0.6276	0.0275	0.0566	0.0143	0.0143	35345	1315724	0.0261607660304544	A	C	FALSE	0	9.27027703222983e-09	0	0	0	0	0	0
rs62347001	4	170839914	0.1606	0.0741	0.0528	0.0158	0.0158	35345	1315724	0.0261607660304544	T	C	FALSE	0	1.95599615194394e-08	0	0	0	0	0	0
rs62347004	4	170842030	0.3223	0.0501	0.0507	0.0168	0.0168	35345	1315724	0.0261607660304544	T	G	FALSE	0	1.18649121759032e-08	0	0	0	0	0	0
rs62347005	4	170843168	0.3236	-0.0487	0.0493	0.9838	0.0162	49053	1411006	0.0335965875351613	T	C	FALSE	0	1.15701829740022e-08	0	0	0	0	0	0
rs62347048	4	170886653	0.3362	0.0396	0.0412	0.0196	0.0196	49053	1411006	0.0335965875351613	A	G	FALSE	0	9.59093739349379e-09	0	0	0	0	0	0
rs62347051	4	170914227	0.7466	-0.0058	0.018	0.09	0.09	49053	1411006	0.0335965875351613	T	G	FALSE	0	2.88025823139682e-09	0	0	0	0	0	0
rs62347054	4	170922867	0.7354	-0.0072	0.0214	0.0642	0.0642	49053	1411006	0.0335965875351613	A	G	FALSE	0	3.43392022411422e-09	0	0	0	0	0	0
rs62348360	4	171137758	0.04988	0.0848	0.0433	0.017	0.017	49053	1411006	0.0335965875351613	A	T	FALSE	0	4.03323705632213e-08	0	0	0	0	0	0
rs62348361	4	171142083	0.2599	-0.0216	0.0192	0.077	0.077	49053	1411006	0.0335965875351613	A	G	FALSE	0	5.45974760528778e-09	0	0	0	0	0	0
rs62622857	4	170893105	0.9147	0.0048	0.0451	0.0369	0.0369	35345	1315724	0.0261607660304544	A	G	FALSE	0	6.74983118548409e-09	0	0	0	0	0	0
rs6419974	4	170334985	0.05879	-0.0287	0.0152	0.8904	0.1096	56306	1417791	0.0381969436203995	T	C	FALSE	0	1.3609856604348e-08	0	0	0	0	0	0
rs6419975	4	170807934	0.9378	-8e-04	0.0101	0.546	0.454	49053	1411006	0.0335965875351613	T	G	FALSE	0	1.54409242762292e-09	0	0	0	0	0	0
rs6553042	4	169636877	0.1965	-0.0227	0.0176	0.1026	0.1026	49053	1411006	0.0335965875351613	A	G	FALSE	0	6.10710260781412e-09	0	0	0	0	0	0
rs6553061	4	169660153	0.1621	0.024	0.0171	0.9018	0.0981999999999999	49053	1411006	0.0335965875351613	A	G	FALSE	0	6.91195654425315e-09	0	0	0	0	0	0
rs6553097	4	169700985	0.161	-0.0421	0.0301	0.0356	0.0356	49053	1411006	0.0335965875351613	T	C	FALSE	0	1.18206478573093e-08	0	0	0	0	0	0
rs6553121	4	169720307	0.5448	0.0065	0.0107	0.3441	0.3441	49053	1411006	0.0335965875351613	T	C	FALSE	0	1.95980973953909e-09	0	0	0	0	0	0
rs6553150	4	169729877	0.3571	0.0095	0.0103	0.3763	0.3763	49053	1411006	0.0335965875351613	T	G	FALSE	0	2.39908211330857e-09	0	0	0	0	0	0
rs6553263	4	169818494	0.2595	-0.0125	0.0111	0.2484	0.2484	56306	1417791	0.0381969436203995	T	C	FALSE	0	3.18224101908935e-09	0	0	0	0	0	0
rs6553398	4	169933238	0.9061	0.003	0.0252	0.0437	0.0437	50092	1411760	0.0342661226991515	A	G	FALSE	0	3.84198513686083e-09	0	0	0	0	0	0
rs6553399	4	169935372	0.2226	0.0146	0.0119	0.7666	0.2334	49053	1411006	0.0335965875351613	T	C	FALSE	0	3.83738899946573e-09	0	0	0	0	0	0
rs6553400	4	169935400	0.8842	0.0037	0.0251	0.0443	0.0443	50092	1411760	0.0342661226991515	T	C	FALSE	0	3.84124277295011e-09	0	0	0	0	0	0
rs6553402	4	169939843	0.2695	-0.0148	0.0134	0.2091	0.2091	49053	1411006	0.0335965875351613	A	G	FALSE	0	3.7444333077477e-09	0	0	0	0	0	0
rs6553404	4	169947131	0.6127	-0.0083	0.0164	0.8878	0.1122	49053	1411006	0.0335965875351613	T	C	FALSE	0	2.83258014163779e-09	0	0	0	0	0	0
rs6553405	4	169947266	0.3427	0.0199	0.021	0.8877	0.1123	35345	1315724	0.0261607660304544	A	C	FALSE	0	4.9688096833205e-09	0	0	0	0	0	0
rs6553406	4	169952728	0.3899	-0.0183	0.0213	0.1089	0.1089	35345	1315724	0.0261607660304544	A	G	FALSE	0	4.65549252095465e-09	0	0	0	0	0	0
rs6553411	4	169987898	0.7263	0.0586	0.1675	0.0284	0.0284	6634	4884	0.575968050008682	T	C	FALSE	0	2.03131843820834e-08	0	0	0	0	0	0
rs6553413	4	169991042	0.2563	0.0126	0.0111	0.701	0.299	56306	1417791	0.0381969436203995	A	G	FALSE	0	3.21471997530876e-09	0	0	0	0	0	0
rs6553416	4	170012104	0.3186	0.0181	0.0182	0.084	0.084	49053	1411006	0.0335965875351613	A	C	FALSE	0	4.51679496503625e-09	0	0	0	0	0	0
rs6553418	4	170019039	0.9199	0.0015	0.0145	0.138	0.138	49053	1411006	0.0335965875351613	A	G	FALSE	0	2.21864272733301e-09	0	0	0	0	0	0
rs6553419	4	170045859	0.3521	-0.0096	0.0103	0.3459	0.3459	56306	1417791	0.0381969436203995	A	G	FALSE	0	2.42071800029249e-09	0	0	0	0	0	0
rs6553420	4	170059252	0.4196	-0.0101	0.0125	0.1795	0.1795	56306	1417791	0.0381969436203995	A	G	FALSE	0	2.63527247625909e-09	0	0	0	0	0	0
rs6553421	4	170065351	0.3945	0.0088	0.0103	0.655	0.345	56306	1417791	0.0381969436203995	T	C	FALSE	0	2.25888797304496e-09	0	0	0	0	0	0
rs6553422	4	170085864	0.435	-0.0084	0.0108	0.3095	0.3095	56306	1417791	0.0381969436203995	A	G	FALSE	0	2.22492983108118e-09	0	0	0	0	0	0
rs6553423	4	170150273	0.005303	-0.0377	0.0135	0.6584	0.3416	35345	1315724	0.0261607660304544	T	C	FALSE	0	9.96897941344469e-08	0	0	0	0	0	0
rs6553424	4	170227242	0.3736	-0.0114	0.0128	0.1934	0.1934	49053	1411006	0.0335965875351613	A	G	FALSE	0	2.8934088747659e-09	0	0	0	0	0	0
rs6553426	4	170256267	0.1873	0.0173	0.0131	0.1661	0.1661	56306	1417791	0.0381969436203995	T	G	FALSE	0	4.75310584418388e-09	0	0	0	0	0	0
rs6553427	4	170256675	0.1284	-0.0243	0.016	0.8889	0.1111	56306	1417791	0.0381969436203995	T	C	FALSE	0	7.65539736001104e-09	0	0	0	0	0	0
rs6553428	4	170261931	0.1892	-0.017	0.0129	0.8244	0.1756	56306	1417791	0.0381969436203995	T	G	FALSE	0	4.66429468448429e-09	0	0	0	0	0	0
rs6553429	4	170262908	0.01401	0.028	0.0114	0.7554	0.2446	56306	1417791	0.0381969436203995	T	C	FALSE	0	3.51133485908543e-08	0	0	0	0	0	0
rs6553430	4	170270518	0.2111	-0.0163	0.013	0.8279	0.1721	56306	1417791	0.0381969436203995	T	C	FALSE	0	4.33033396226609e-09	0	0	0	0	0	0
rs6553433	4	170285766	0.118	0.0154	0.0099	0.5765	0.4235	56306	1417791	0.0381969436203995	T	G	FALSE	0	5.04438549871926e-09	0	0	0	0	0	0
rs6553434	4	170297158	0.001862	0.0355	0.0114	0.7619	0.2381	56306	1417791	0.0381969436203995	A	C	FALSE	0	2.18097468514238e-07	0	0	0	0	0	0
rs6553435	4	170314292	0.05075	0.0286	0.0147	0.1203	0.1203	56306	1417791	0.0381969436203995	A	G	FALSE	0	1.46973444346931e-08	0	0	0	0	0	0
rs6553436	4	170336962	0.05305	0.0289	0.015	0.1119	0.1119	56306	1417791	0.0381969436203995	T	C	FALSE	0	1.44534262717245e-08	0	0	0	0	0	0
rs6553437	4	170349864	0.0494	-0.0294	0.0149	0.8892	0.1108	56306	1417791	0.0381969436203995	T	C	FALSE	0	1.571417842245e-08	0	0	0	0	0	0
rs6553438	4	170359021	0.04465	-0.03	0.0149	0.8895	0.1105	56306	1417791	0.0381969436203995	A	G	FALSE	0	1.70199639099769e-08	5	1	0	0	0	0
rs6553439	4	170393194	0.0005597	0.0414	0.012	0.7786	0.2214	56306	1417791	0.0381969436203995	T	G	FALSE	0	6.87497130757437e-07	0	0	0	0	0	0
rs6553440	4	170408048	0.0003994	-0.0348	0.0098	0.4298	0.4298	56306	1417791	0.0381969436203995	T	G	FALSE	0	8.05126957344457e-07	0	0	0	0	0	0
rs6553441	4	170448464	0.0002632	0.0356	0.0098	0.5695	0.4305	56306	1417791	0.0381969436203995	T	C	FALSE	0	1.07869669148131e-06	0	0	0	0	0	0
rs6553444	4	170524244	0.0002188	0.0774	0.0209	0.9364	0.0636	49053	1411006	0.0335965875351613	T	C	FALSE	0	2.80087299453123e-06	2	1	0	0	0	0
rs6553446	4	170538082	0.0001897	0.0423	0.0113	0.7611	0.2389	56306	1417791	0.0381969436203995	A	G	FALSE	0	1.85816042220042e-06	0	0	0	0	0	0
rs6553453	4	170662627	0.9847	-6e-04	0.0319	0.0263	0.0263	56306	1417791	0.0381969436203995	T	C	FALSE	0	4.8079120888708e-09	0	0	0	0	1	1
rs6553454	4	170666195	0.7225	0.0112	0.0315	0.0242	0.0242	56306	1417791	0.0381969436203995	T	G	FALSE	0	5.05036750757121e-09	0	0	0	0	1	1
rs6553458	4	170698024	0.8707	0.0021	0.0127	0.7948	0.2052	49053	1411006	0.0335965875351613	T	C	FALSE	0	1.96060180322994e-09	0	0	0	0	0	0
rs6553459	4	170713166	0.2672	-0.0398	0.0359	0.037	0.037	46605	839595	0.0525897088693297	A	G	FALSE	0	9.77941961498426e-09	0	0	0	0	0	0
rs6553467	4	170774311	0.4064	-0.0153	0.0184	0.2342	0.2342	30435	974587	0.0302829191798786	A	G	FALSE	0	3.93926647341445e-09	0	0	0	0	0	0
rs6553470	4	170795462	0.8937	-0.0014	0.0102	0.4571	0.4571	49053	1411006	0.0335965875351613	A	G	FALSE	0	1.56914258943035e-09	0	0	0	0	0	0
rs6553472	4	170827883	0.4908	0.0084	0.0122	0.7769	0.2231	47884	1410038	0.032844006743845	A	G	FALSE	0	2.35320599721971e-09	0	0	0	0	0	0
rs6553473	4	170837804	0.03352	-0.0508	0.0239	0.0488	0.0488	49053	1411006	0.0335965875351613	A	G	FALSE	0	3.35807995868462e-08	0	0	0	0	0	0
rs6553474	4	170870617	0.0653	-0.0188	0.0102	0.4496	0.4496	49053	1411006	0.0335965875351613	A	G	FALSE	0	8.45962852259241e-09	0	0	0	0	0	0
rs6553475	4	170877160	0.9965	0	0.0101	0.4233	0.4233	49053	1411006	0.0335965875351613	A	G	FALSE	0	1.53926856307225e-09	0	0	0	0	0	0
rs6553477	4	170877933	0.9846	2e-04	0.0103	0.5758	0.4242	47884	1410038	0.032844006743845	T	C	FALSE	0	1.56996443896843e-09	0	0	0	0	0	0
rs6553478	4	170881030	0.06929	0.0197	0.0108	0.6903	0.3097	49053	1411006	0.0335965875351613	A	G	FALSE	0	8.64448695835138e-09	0	0	0	0	0	0
rs6553479	4	170885214	0.9998	0	0.0101	0.5758	0.4242	49053	1411006	0.0335965875351613	A	C	FALSE	0	1.53926856307225e-09	0	0	0	0	0	0
rs6553480	4	170888672	0.06263	-0.0203	0.0109	0.3091	0.3091	49053	1411006	0.0335965875351613	T	G	FALSE	0	9.35984714729539e-09	0	0	0	0	0	0
rs6553481	4	170889781	0.9527	6e-04	0.0101	0.4234	0.4234	49053	1411006	0.0335965875351613	C	G	FALSE	0	1.54198012952667e-09	0	0	0	0	0	0
rs6553482	4	170896626	0.3031	-0.0109	0.0106	0.3431	0.3431	49053	1411006	0.0335965875351613	T	C	FALSE	0	2.73660557946882e-09	0	0	0	0	0	0
rs6553483	4	170908445	0.2272	-0.0299	0.0248	0.9571	0.0429	49053	1411006	0.0335965875351613	A	G	FALSE	0	7.68325903937728e-09	0	0	0	0	0	0
rs6553484	4	170919666	0.3851	-0.0088	0.0102	0.528	0.472	49053	1411006	0.0335965875351613	T	C	FALSE	0	2.25315936723363e-09	0	0	0	0	0	0
rs6553486	4	170984825	0.6787	-0.0043	0.0103	0.5768	0.4232	49053	1411006	0.0335965875351613	C	G	FALSE	0	1.71219714595946e-09	0	0	0	0	0	0
rs6553487	4	170997577	0.0003217	0.0604	0.0168	0.0981	0.0981	49053	1411006	0.0335965875351613	A	C	FALSE	0	1.56477088269829e-06	0	0	0	0	0	0
rs6553498	4	171107196	0.04865	0.0189	0.0096	0.5835	0.4165	56306	1417791	0.0381969436203995	A	G	FALSE	0	1.01167378627173e-08	0	0	0	0	0	0
rs6553505	4	171145305	0.01354	-0.0239	0.0097	0.4918	0.4918	56306	1417791	0.0381969436203995	A	G	FALSE	0	3.05485732373679e-08	0	0	0	0	0	0
rs6553506	4	171145717	0.05867	0.0184	0.0097	0.5843	0.4157	56306	1417791	0.0381969436203995	T	C	FALSE	0	8.89868034134675e-09	0	0	0	0	0	0
rs6553513	4	171299293	0.7541	-0.0076	0.0241	0.9533	0.0467	49053	1411006	0.0335965875351613	T	C	FALSE	0	3.83458547128156e-09	0	0	0	0	0	0
rs6553517	4	171306258	0.7922	0.0064	0.0244	0.0469	0.0469	49053	1411006	0.0335965875351613	A	G	FALSE	0	3.82338539250459e-09	0	0	0	0	0	0
rs6553518	4	171306450	0.801	0.0061	0.0244	0.047	0.047	49053	1411006	0.0335965875351613	A	G	FALSE	0	3.81153917723998e-09	0	0	0	0	0	0
rs6553521	4	171318053	0.6948	-0.01	0.0255	0.9585	0.0415	49053	1411006	0.0335965875351613	A	G	FALSE	0	4.16336901749194e-09	0	0	0	0	0	0
rs6553527	4	171532664	0.8522	-0.0033	0.0176	0.9075	0.0925	49053	1411006	0.0335965875351613	C	G	FALSE	0	2.72244476163839e-09	0	0	0	0	0	0
rs66464570	4	170405343	0.4855	0.0088	0.0127	0.8254	0.1746	56306	1417791	0.0381969436203995	T	G	FALSE	0	2.45649543065997e-09	0	0	0	0	0	0
rs66498450	4	170186130	0.8369	0.0031	0.0151	0.1313	0.1313	35345	1315724	0.0261607660304544	T	C	FALSE	0	2.34632981580887e-09	0	0	0	0	0	0
rs66498759	4	171118797	0.7842	0.011	0.0402	0.0181	0.0181	49053	1411006	0.0335965875351613	A	G	FALSE	0	6.23446479123089e-09	0	0	0	0	0	0
rs66509122	4	170429359	0.429	-0.0099	0.0125	0.1781	0.1781	56306	1417791	0.0381969436203995	T	C	FALSE	0	2.6018855367761e-09	0	0	0	0	0	0
rs66573735	4	171292214	0.5684	-0.007	0.0122	0.2246	0.2246	49053	1411006	0.0335965875351613	T	G	FALSE	0	2.18938435189881e-09	0	0	0	0	0	0
rs66645652	4	171207452	0.2129	0.0198	0.0159	0.8884	0.1116	49053	1411006	0.0335965875351613	T	C	FALSE	0	5.22633113278322e-09	0	0	0	0	0	0
rs66657210	4	170379635	0.4629	0.0093	0.0127	0.8262	0.1738	56306	1417791	0.0381969436203995	T	C	FALSE	0	2.52610375510843e-09	0	0	0	0	0	0
rs66678120	4	170499801	0.8138	0.0066	0.028	0.9682	0.0318000000000001	56306	1417791	0.0381969436203995	A	G	FALSE	0	4.34832761661107e-09	0	0	0	0	1	1
rs66742867	4	170824933	0.5365	-0.0066	0.0108	0.6791	0.3209	49053	1411006	0.0335965875351613	A	T	FALSE	0	1.98242562190479e-09	0	0	0	0	0	0
rs66793825	4	170250277	0.01393	0.024	0.0098	0.505	0.495	56306	1417791	0.0381969436203995	T	C	FALSE	0	2.97490296158247e-08	0	0	0	0	0	0
rs66812141	4	171549259	0.1609	0.0168	0.012	0.2511	0.2511	49053	1411006	0.0335965875351613	A	G	FALSE	0	4.85320814658528e-09	0	0	0	0	0	0
rs66893597	4	169724888	0.2008	-0.0162	0.0126	0.8078	0.1922	49053	1411006	0.0335965875351613	A	G	FALSE	0	4.37114393731858e-09	0	0	0	0	0	0
rs66950983	4	170391533	0.7351	-0.0104	0.0309	0.0293	0.0293	56306	1417791	0.0381969436203995	A	T	FALSE	0	4.92500732856601e-09	0	0	0	0	0	0
rs66958912	4	171190556	0.21	-0.0199	0.0159	0.1114	0.1114	49053	1411006	0.0335965875351613	C	G	FALSE	0	5.26726873025786e-09	0	0	0	0	0	0
rs67022599	4	170443793	0.9641	0.0013	0.0289	0.0313	0.0313	56306	1417791	0.0381969436203995	A	G	FALSE	0	4.36904925499102e-09	0	0	0	0	0	0
rs67047977	4	171476080	0.9995	0	0.0194	0.0723	0.0723	49053	1411006	0.0335965875351613	A	G	FALSE	0	2.94655291300989e-09	0	0	0	0	0	0
rs67056191	4	170108393	0.96	8e-04	0.0155	0.8778	0.1222	49053	1411006	0.0335965875351613	A	G	FALSE	0	2.36130704394214e-09	0	0	0	0	0	0
rs67100929	4	171207061	0.2132	0.0198	0.0159	0.8886	0.1114	49053	1411006	0.0335965875351613	A	T	FALSE	0	5.22633113278322e-09	0	0	0	0	0	0
rs67162981	4	171558847	0.6554	0.0131	0.0294	0.9658	0.0342	49053	1411006	0.0335965875351613	T	G	FALSE	0	4.89160713909502e-09	0	0	0	0	0	0
rs67293659	4	171484111	0.9545	-0.0011	0.0194	0.9276	0.0724	49053	1411006	0.0335965875351613	T	C	FALSE	0	2.95124909418853e-09	0	0	0	0	0	0
rs67304008	4	171576648	0.9008	-0.0046	0.037	0.9557	0.0443	35345	1315724	0.0261607660304544	T	C	FALSE	0	5.59352500653444e-09	0	0	0	0	0	0
rs67335847	4	171478986	0.08713	-0.0197	0.0115	0.7431	0.2569	49053	1411006	0.0335965875351613	A	G	FALSE	0	7.5622283351539e-09	0	0	0	0	0	0
rs67400066	4	170948328	0.3628	0.017	0.0187	0.0812	0.0812	49053	1411006	0.0335965875351613	T	C	FALSE	0	4.27959665495963e-09	0	0	0	0	0	0
rs67414895	4	170405144	0.5998	-0.0067	0.0128	0.1706	0.1706	56306	1417791	0.0381969436203995	A	T	FALSE	0	2.23419581394667e-09	3	1	0	0	0	0
rs67470044	4	170254243	0.008639	-0.0597	0.0228	0.0907	0.0907	35345	1315724	0.0261607660304544	A	G	FALSE	0	1.0194512293511e-07	0	0	0	0	1	1
