SNP	CHR	POS	P	Effect	StdErr	Freq	MAF	N_cases	N_controls	proportion_cases	A1	A2	leadSNP	ABF.Credible_Set	ABF.PP	SUSIE.Credible_Set	SUSIE.PP	POLYFUN_SUSIE.Credible_Set	POLYFUN_SUSIE.PP	FINEMAP.Credible_Set	FINEMAP.PP
rs73007473	6	133903942	0.9166	0.0014	0.0132	0.8235	0.1765	49565	1411288	0.0339288073474881	T	C	FALSE	0	5.70757192415847e-10	0	0	0	2.22044604925031e-16	0	3.65576e-05
rs73007475	6	133904104	0.9353	-0.0011	0.0134	0.1724	0.1724	49565	1411288	0.0339288073474881	T	C	FALSE	0	5.78067020710393e-10	0	0	0	2.22044604925031e-16	0	3.23866e-05
rs73007476	6	133904108	0.9341	0.0011	0.0134	0.8276	0.1724	49565	1411288	0.0339288073474881	A	C	FALSE	0	5.78067020710393e-10	0	0	0	2.22044604925031e-16	0	3.59555e-05
rs73007617	6	133478569	0.6089	0.0092	0.0181	0.9061	0.0939	50455	1411925	0.0345019762305283	A	G	FALSE	0	8.82962179939771e-10	0	0	0	2.22044604925031e-16	0	3.71388e-05
rs73007619	6	133479577	0.8274	0.0109	0.0498	0.9867	0.0133	48411	1410510	0.0331827425885295	A	G	FALSE	0	2.12986242660569e-09	0	0	0	1.4432899320127e-15	0	2.82066e-05
rs73007635	6	133514893	0.7169	-0.0065	0.018	0.0915	0.0915	50455	1411925	0.0345019762305283	T	G	FALSE	0	8.24135619568066e-10	0	0	0	5.55111512312578e-16	0	2.78839e-05
rs73007659	6	133554726	0.913	0.002	0.0187	0.9156	0.0844	50455	1411925	0.0345019762305283	T	C	FALSE	0	8.06869120525162e-10	0	0	0	2.22044604925031e-16	0	3.04627e-05
rs73007667	6	133570148	0.7463	-0.0138	0.0428	0.0161	0.0161	49580	1411478	0.0339343133537478	T	G	FALSE	0	1.89537787603773e-09	0	0	0	5.55111512312578e-16	0	2.95979e-05
rs73009604	6	133607175	0.7814	0.0038	0.0135	0.8461	0.1539	56306	1417791	0.0381969436203995	T	C	FALSE	0	6.03757882394883e-10	0	0	0	2.22044604925031e-16	0	3.04251e-05
rs731033	6	132429885	0.9969	1e-04	0.0146	0.1388	0.1388	49053	1411006	0.0335965875351613	T	C	FALSE	0	6.27477447745776e-10	0	0	0	2.22044604925031e-16	0	2.92606e-05
rs73541529	6	132229728	0.5669	0.0101	0.0177	0.9047	0.0953	49053	1411006	0.0335965875351613	T	C	FALSE	0	8.92943475024726e-10	0	0	0	4.44089209850063e-16	0	3.26166e-05
rs73543029	6	133017546	0.89	-0.0055	0.0398	0.0163	0.0163	56306	1417791	0.0381969436203995	C	G	FALSE	0	1.69757045427613e-09	0	0	0	2.22044604925031e-16	0	2.81531e-05
rs73544919	6	133766866	0.666	-0.0086	0.02	0.0654	0.0654	50455	1411925	0.0345019762305283	A	G	FALSE	0	9.39748284288326e-10	0	0	0	2.22044604925031e-16	0	3.0526e-05
rs73544934	6	133774247	0.5521	-0.0121	0.0203	0.0654	0.0654	49286	1410957	0.0337519166330535	A	C	FALSE	0	1.03758189076644e-09	0	0	0	2.22044604925031e-16	0	3.33004e-05
rs73544945	6	133785281	0.7666	-0.0064	0.0216	0.062	0.062	50455	1411925	0.0345019762305283	A	G	FALSE	0	9.66426270394284e-10	0	0	0	2.22044604925031e-16	0	2.90344e-05
rs73544950	6	133788110	0.04923	-0.05	0.0254	0.0486	0.0486	56306	1417791	0.0381969436203995	A	C	FALSE	0	7.3086891962109e-09	0	0	0	2.60902410786912e-14	0	0.000275312
rs73544957	6	133790516	0.04432	-0.0922	0.0459	0.0145	0.0145	37688	981372	0.0369831020744608	A	G	FALSE	0	1.3103619857528e-08	0	0	0	1.33226762955019e-15	0	0.000187308
rs73544971	6	133797637	0.0845	-0.0759	0.044	0.0154	0.0154	37688	981372	0.0369831020744608	A	G	FALSE	0	7.65415638377695e-09	0	0	0	7.7715611723761e-16	0	0.000110271
rs73544989	6	133806318	0.05484	0.0879	0.0458	0.9855	0.0145	37688	981372	0.0369831020744608	A	G	FALSE	0	1.10697526090026e-08	0	0	0	1.55431223447522e-15	0	0.000183804
rs73544998	6	133815498	0.09767	0.0727	0.0439	0.9847	0.0153	37688	981372	0.0369831020744608	A	T	FALSE	0	6.83564309756906e-09	0	0	0	9.99200722162641e-16	0	0.000121708
rs73544999	6	133815524	0.1001	0.0721	0.0439	0.9847	0.0153	37688	981372	0.0369831020744608	A	G	FALSE	0	6.69021679681729e-09	0	0	0	9.99200722162641e-16	0	0.000118891
rs73545565	6	132373454	0.008157	0.0536	0.0203	0.933	0.067	49053	1411006	0.0335965875351613	T	C	FALSE	0	2.74222795126979e-08	0	0	0	1.13242748511766e-14	0	0.00214028
rs73545573	6	132378009	0.008306	0.0534	0.0202	0.933	0.067	49053	1411006	0.0335965875351613	A	G	FALSE	0	2.75252743872356e-08	0	0	0	1.14352971536391e-14	0	0.00215839
rs73545585	6	132390104	0.005628	0.0556	0.0201	0.9324	0.0676	49053	1411006	0.0335965875351613	A	G	FALSE	0	3.80480686825342e-08	0	0	0	1.64313007644523e-14	0	0.00307733
rs73545590	6	132390538	0.00815	-0.053	0.02	0.0679	0.0679	49053	1411006	0.0335965875351613	T	C	FALSE	0	2.77381098028962e-08	0	0	0	1.06581410364015e-14	0	0.000441533
rs73545593	6	132392229	0.008349	-0.0529	0.02	0.0679	0.0679	49053	1411006	0.0335965875351613	A	C	FALSE	0	2.73769340852154e-08	0	0	0	4.32986979603811e-15	0	0.000436372
rs73545598	6	132393072	0.007539	0.0533	0.02	0.9316	0.0684	49053	1411006	0.0335965875351613	A	G	FALSE	0	2.88547635751742e-08	0	0	0	1.23234755733392e-14	0	0.00226762
rs73545602	6	132398731	0.008308	-0.0528	0.02	0.0679	0.0679	49053	1411006	0.0335965875351613	A	T	FALSE	0	2.70211300393523e-08	0	0	0	4.2188474935756e-15	0	0.000431281
rs73545924	6	133180613	0.8057	-0.0123	0.0502	0.0109	0.0109	36133	979911	0.0355624362724449	T	C	FALSE	0	2.15819097670442e-09	0	0	0	3.10862446895044e-15	0	2.94336e-05
rs73545933	6	133185462	0.7783	-0.0141	0.0503	0.0109	0.0109	36133	979911	0.0355624362724449	A	G	FALSE	0	2.18115758340412e-09	0	0	0	2.22044604925031e-16	0	2.98083e-05
rs73545937	6	133186357	0.7544	-0.0157	0.0503	0.0109	0.0109	36133	979911	0.0355624362724449	A	G	FALSE	0	2.20057300403343e-09	0	0	0	2.22044604925031e-16	0	3.01844e-05
rs73545939	6	133186734	0.7533	0.0158	0.0503	0.9891	0.0109	36133	979911	0.0355624362724449	A	G	FALSE	0	2.2018617615133e-09	0	0	0	2.22044604925031e-16	0	2.84109e-05
rs73545946	6	133189494	0.7263	-0.0176	0.0504	0.0109	0.0109	36133	979911	0.0355624362724449	C	G	FALSE	0	2.23022700227123e-09	0	0	0	2.22044604925031e-16	0	3.06674e-05
rs73545954	6	133193769	0.8616	0.0047	0.0272	0.9669	0.0331	56306	1417791	0.0381969436203995	T	C	FALSE	0	1.17853986273628e-09	0	0	0	2.22044604925031e-16	0	2.89925e-05
rs73545957	6	133194597	0.7019	-0.0194	0.0508	0.0109	0.0109	36133	979911	0.0355624362724449	A	G	FALSE	0	2.27209376399888e-09	0	0	0	2.22044604925031e-16	0	3.11302e-05
rs73545962	6	133198004	0.8761	-0.0042	0.0272	0.0331	0.0331	56306	1417791	0.0381969436203995	A	G	FALSE	0	1.17506501224614e-09	0	0	0	5.55111512312578e-16	0	3.34653e-05
rs73545963	6	133199866	0.7011	-0.0195	0.0509	0.0109	0.0109	36133	979911	0.0355624362724449	A	G	FALSE	0	2.27725053601628e-09	0	0	0	2.22044604925031e-16	0	3.11465e-05
rs73546003	6	132645856	0.8067	0.0109	0.0444	0.9845	0.0155	49580	1411478	0.0339343133537478	A	C	FALSE	0	1.92219761268802e-09	0	0	0	5.55111512312578e-16	0	2.98664e-05
rs73546006	6	132646976	0.9783	-0.0012	0.044	0.0166	0.0166	49580	1411478	0.0339343133537478	A	G	FALSE	0	1.85239016382698e-09	0	0	0	2.22044604925031e-16	0	2.79383e-05
rs73546009	6	132647173	0.8094	0.0107	0.0443	0.9844	0.0155999999999999	49580	1411478	0.0339343133537478	T	C	FALSE	0	1.91632011285051e-09	0	0	0	2.22044604925031e-16	0	2.98994e-05
rs73546020	6	132653258	0.7667	-0.0132	0.0446	0.0146	0.0146	49580	1411478	0.0339343133537478	C	G	FALSE	0	1.95571414435936e-09	0	0	0	2.22044604925031e-16	0	2.80076e-05
rs73546022	6	132653975	0.5384	0.0071	0.0116	0.2342	0.2342	56306	1417791	0.0381969436203995	A	C	FALSE	0	6.01443388004684e-10	0	0	0	2.22044604925031e-16	0	3.81299e-05
rs73546027	6	132655681	0.9851	-8e-04	0.043	0.0152	0.0152	49580	1411478	0.0339343133537478	A	G	FALSE	0	1.81182808627833e-09	0	0	0	2.22044604925031e-16	0	2.80477e-05
rs73546028	6	132655878	0.9722	-0.0015	0.043	0.985	0.015	49580	1411478	0.0339343133537478	A	G	FALSE	0	1.81258220761563e-09	0	0	0	1.33226762955019e-15	0	2.79864e-05
rs73546029	6	132659827	0.9584	-0.0023	0.0435	0.9852	0.0148	49580	1411478	0.0339343133537478	A	G	FALSE	0	1.83409271716594e-09	0	0	0	2.22044604925031e-16	0	2.79319e-05
rs73546091	6	132691841	0.5881	0.0287	0.053	0.9844	0.0155999999999999	49580	1411478	0.0339343133537478	T	C	FALSE	0	2.5317687930509e-09	0	0	0	2.22044604925031e-16	0	3.59154e-05
rs73546608	6	133029249	0.457	0.0163	0.022	0.0522	0.0522	56306	1417791	0.0381969436203995	A	C	FALSE	0	1.23588275989746e-09	0	0	0	3.33066907387547e-16	0	4.96917e-05
rs73546803	6	133815737	0.04813	-0.0902	0.0456	0.0145	0.0145	37688	981372	0.0369831020744608	A	G	FALSE	0	1.23029570024811e-08	0	0	0	1.33226762955019e-15	0	0.000186688
rs73546808	6	133816930	0.09675	0.0723	0.0435	0.9843	0.0157	37688	981372	0.0369831020744608	A	G	FALSE	0	6.8487227799953e-09	0	0	0	1.33226762955019e-15	0	0.000155195
rs73546821	6	133822075	0.08262	-0.0748	0.0431	0.0158	0.0158	37688	981372	0.0369831020744608	A	C	FALSE	0	7.65634594241254e-09	0	0	0	7.7715611723761e-16	0	0.000108735
rs73546895	6	133871620	0.3676	0.0311	0.0345	0.9779	0.0221	56306	1417791	0.0381969436203995	T	C	FALSE	0	2.17369375660761e-09	0	0	0	3.33066907387547e-16	0	4.97075e-05
rs73546896	6	133871815	0.3604	0.0316	0.0345	0.9779	0.0221	56306	1417791	0.0381969436203995	A	G	FALSE	0	2.20167154144198e-09	0	0	0	3.33066907387547e-16	0	5.0487e-05
rs73546899	6	133873175	0.3997	-0.0294	0.0349	0.0217	0.0217	56306	1417791	0.0381969436203995	T	C	FALSE	0	2.09047931021762e-09	0	0	0	2.22044604925031e-16	0	3.48399e-05
rs73547567	6	132410126	0.01227	-0.0501	0.02	0.0689	0.0689	49053	1411006	0.0335965875351613	T	C	FALSE	0	1.91589533473653e-08	0	0	0	1.89848137210902e-14	0	0.000316189
rs73547578	6	132418387	0.0053	-0.0563	0.0202	0.0682	0.0682	49053	1411006	0.0335965875351613	A	G	FALSE	0	4.04875759297298e-08	0	0	0	1.47659662275146e-14	0	0.000608929
rs73547585	6	132421666	0.008872	-0.0523	0.02	0.0692	0.0692	49053	1411006	0.0335965875351613	A	G	FALSE	0	2.53196816789234e-08	0	0	0	3.88578058618805e-15	0	0.000405788
rs73547587	6	132424169	0.009231	-0.0521	0.02	0.0692	0.0692	49053	1411006	0.0335965875351613	A	G	FALSE	0	2.46737627228008e-08	0	0	0	3.88578058618805e-15	0	0.000397013
rs73547601	6	132433651	0.9138	-0.0016	0.0147	0.1385	0.1385	49053	1411006	0.0335965875351613	A	G	FALSE	0	6.35470432754807e-10	0	0	0	2.22044604925031e-16	0	2.8378e-05
rs73547611	6	133218971	0.6033	0.0242	0.0465	0.9875	0.0125	56306	1417791	0.0381969436203995	C	G	FALSE	0	2.21925841654656e-09	0	0	0	6.66133814775094e-16	0	3.18836e-05
rs73547655	6	133232781	0.9592	0.0023	0.0445	0.0136	0.0136	56306	1417791	0.0381969436203995	T	C	FALSE	0	1.87417203714972e-09	0	0	0	2.22044604925031e-16	0	2.78107e-05
rs73547657	6	133233566	0.6867	0.0202	0.0502	0.9889	0.0111	37302	980879	0.0366359222967233	A	T	FALSE	0	2.26413513488347e-09	0	0	0	5.55111512312578e-16	0	2.9218e-05
rs73547681	6	133237922	0.7339	-0.0052	0.0154	0.1197	0.1197	50455	1411925	0.0345019762305283	A	G	FALSE	0	7.00226586428757e-10	0	0	0	2.22044604925031e-16	0	3.15608e-05
rs73547914	6	132706888	0.8744	0.0035	0.0219	0.0578	0.0578	55943	1417626	0.0379642894224838	T	C	FALSE	0	9.50004713285491e-10	0	0	0	2.22044604925031e-16	0	2.8e-05
rs73548506	6	133082823	0.2425	0.0362	0.0309	0.027	0.027	56306	1417791	0.0381969436203995	T	C	FALSE	0	2.57219200210342e-09	0	0	0	4.44089209850063e-16	0	4.69272e-05
rs73548522	6	133088051	0.2023	-0.0377	0.0296	0.9731	0.0269	56306	1417791	0.0381969436203995	T	C	FALSE	0	2.79047190643105e-09	0	0	0	4.44089209850063e-16	0	7.66341e-05
rs73548803	6	133874435	0.4816	-0.0246	0.0349	0.0216	0.0216	56306	1417791	0.0381969436203995	A	G	FALSE	0	1.88538975106521e-09	0	0	0	1.55431223447522e-15	0	3.22367e-05
rs73548804	6	133874936	0.345	0.0327	0.0346	0.9779	0.0221	56306	1417791	0.0381969436203995	A	C	FALSE	0	2.26662171004516e-09	0	0	0	5.55111512312578e-16	0	5.22221e-05
rs73548805	6	133874968	0.3269	0.0341	0.0348	0.9781	0.0219	56306	1417791	0.0381969436203995	T	C	FALSE	0	2.35431169451952e-09	0	0	0	6.66133814775094e-16	0	5.42754e-05
rs73548813	6	133878134	0.346	-0.0327	0.0347	0.0221	0.0221	56306	1417791	0.0381969436203995	A	T	FALSE	0	2.26715162774352e-09	0	0	0	3.33066907387547e-16	0	3.71089e-05
rs73549819	6	133255589	0.5405	-0.0314	0.0514	0.0115	0.0115	37302	980879	0.0366359222967233	A	G	FALSE	0	2.55552822705809e-09	0	0	0	2.22044604925031e-16	0	3.44484e-05
rs73549819	6	133255589	0.5405	-0.0314	0.0514	0.0115	0.0115	37302	980879	0.0366359222967233	A	G	FALSE	0	2.55552822705809e-09	0	0	0	2.22044604925031e-16	0	3.44484e-05
rs73549819	6	133255589	0.5405	-0.0314	0.0514	0.0115	0.0115	37302	980879	0.0366359222967233	A	G	FALSE	0	2.55552822705809e-09	0	0	0	2.22044604925031e-16	0	3.44484e-05
rs73549819	6	133255589	0.5405	-0.0314	0.0514	0.0115	0.0115	37302	980879	0.0366359222967233	A	G	FALSE	0	2.55552822705809e-09	0	0	0	2.22044604925031e-16	0	3.44484e-05
rs73549830	6	133261580	0.348	-0.0228	0.0243	0.047	0.047	56306	1417791	0.0381969436203995	T	C	FALSE	0	1.60397917172189e-09	0	0	0	3.33066907387547e-16	0	3.95233e-05
rs73549831	6	133261965	0.3566	-0.0224	0.0243	0.047	0.047	56306	1417791	0.0381969436203995	T	C	FALSE	0	1.57996219104824e-09	0	0	0	3.33066907387547e-16	0	3.89852e-05
rs73549832	6	133262123	0.3612	-0.0222	0.0243	0.047	0.047	56306	1417791	0.0381969436203995	A	G	FALSE	0	1.56824591915715e-09	0	0	0	3.33066907387547e-16	0	3.87242e-05
rs73549840	6	133268197	0.3902	0.0459	0.0534	0.989	0.011	37302	980879	0.0366359222967233	A	G	FALSE	0	3.13859546528017e-09	0	0	0	3.33066907387547e-16	0	4.13538e-05
rs73549842	6	133269580	0.3718	-0.0545	0.0611	0.0114	0.0114	37688	981372	0.0369831020744608	A	C	FALSE	0	3.62305814349155e-09	0	0	0	3.33066907387547e-16	0	4.01979e-05
rs73549843	6	133269630	0.3455	-0.0504	0.0534	0.0111	0.0111	37688	981372	0.0369831020744608	A	G	FALSE	0	3.36929563208775e-09	0	0	0	3.33066907387547e-16	0	4.20946e-05
rs73550455	6	133096633	0.6019	-0.011	0.0211	0.9477	0.0523	56306	1417791	0.0381969436203995	A	G	FALSE	0	1.03427298652412e-09	0	0	0	2.22044604925031e-16	0	4.12079e-05
rs73550478	6	133107134	0.2256	-0.0356	0.0294	0.9732	0.0268	56306	1417791	0.0381969436203995	T	C	FALSE	0	2.56891548792129e-09	0	0	0	4.44089209850063e-16	0	7.0159e-05
rs73551650	6	133373996	0.4895	-0.0374	0.0542	0.0109	0.0109	47884	1410038	0.032844006743845	T	C	FALSE	0	2.81397598737112e-09	0	0	0	2.22044604925031e-16	0	3.32509e-05
rs73551862	6	132824328	0.032	-0.0913	0.0426	0.9825	0.0175	49053	1411006	0.0335965875351613	T	C	FALSE	0	1.61544783607406e-08	0	0	0	1.88737914186277e-15	0	0.000309143
rs73553890	6	132923161	0.02213	-0.0793	0.0347	0.9791	0.0209	56306	1417791	0.0381969436203995	A	G	FALSE	0	1.85871520111508e-08	0	0	0	6.32827124036339e-13	0	0.0477483
rs73553897	6	132924230	0.01906	0.0814	0.0347	0.0209	0.0209	56306	1417791	0.0381969436203995	A	C	FALSE	0	2.12958104399794e-08	0	0	0	2.22044604925031e-16	0	3.83606e-05
rs73554430	6	133129200	0.2139	0.0364	0.0292	0.0273	0.0273	56306	1417791	0.0381969436203995	A	G	FALSE	0	2.66431353509404e-09	0	0	0	5.55111512312578e-16	0	5.06802e-05
rs73554431	6	133129922	0.7082	0.0054	0.0145	0.8807	0.1193	56306	1417791	0.0381969436203995	T	G	FALSE	0	6.67694761357595e-10	0	0	0	2.22044604925031e-16	0	2.78294e-05
rs73554461	6	133139087	0.6136	-0.0107	0.0212	0.9481	0.0518999999999999	56306	1417791	0.0381969436203995	T	G	FALSE	0	1.0303864409722e-09	0	0	0	2.22044604925031e-16	0	4.14384e-05
rs73554467	6	133139635	0.9712	0.0018	0.0507	0.0106	0.0106	36519	980404	0.0359112735182506	A	G	FALSE	0	2.11899556051962e-09	0	0	0	2.22044604925031e-16	0	2.78212e-05
rs73555325	6	133968005	0.06559	0.0743	0.0403	0.9833	0.0167	56306	1417791	0.0381969436203995	A	G	FALSE	0	8.71692981686772e-09	0	0	0	1.22124532708767e-15	0	0.000123508
rs73555509	6	133481840	0.5978	0.0238	0.0452	0.9849	0.0151	30435	974587	0.0302829191798786	T	G	FALSE	0	2.16765345323632e-09	0	0	0	4.32986979603811e-15	0	4.70947e-05
rs73555538	6	133497732	0.7359	-0.0143	0.0423	0.9835	0.0165	49053	1411006	0.0335965875351613	T	C	FALSE	0	1.88356806262556e-09	0	0	0	2.22044604925031e-16	0	2.80763e-05
rs73555553	6	133506565	0.8177	-0.0095	0.0414	0.9826	0.0174	49053	1411006	0.0335965875351613	T	C	FALSE	0	1.79160855139617e-09	0	0	0	2.99760216648792e-15	0	2.8463e-05
rs73555807	6	132926598	0.01872	0.0823	0.035	0.0207	0.0207	56306	1417791	0.0381969436203995	T	C	FALSE	0	2.17211895454763e-08	0	0	0	2.22044604925031e-16	0	3.85441e-05
rs73555819	6	132927449	0.02378	-0.0816	0.0361	0.9791	0.0209	56306	1417791	0.0381969436203995	A	T	FALSE	0	1.81722950822023e-08	0	0	0	6.14397421827562e-13	0	0.0461966
rs73555844	6	132934520	0.4651	0.0358	0.049	0.0169	0.0169	49053	1411006	0.0335965875351613	T	C	FALSE	0	2.6380047932376e-09	0	0	0	3.33066907387547e-16	0	3.88169e-05
rs73555846	6	132934666	0.4414	-0.0314	0.0408	0.9831	0.0169	49053	1411006	0.0335965875351613	A	G	FALSE	0	2.28914055011453e-09	0	0	0	2.22044604925031e-16	0	3.49992e-05
rs73555851	6	132936284	0.4658	-0.0297	0.0407	0.9831	0.0169	49053	1411006	0.0335965875351613	T	C	FALSE	0	2.2192500412537e-09	0	0	0	3.5527136788005e-15	0	3.40853e-05
rs73555853	6	132936617	0.484	-0.0342	0.0489	0.9832	0.0168	49053	1411006	0.0335965875351613	A	C	FALSE	0	2.57818736618368e-09	0	0	0	3.44169137633799e-15	0	3.34565e-05
rs73555855	6	132936846	0.346	-0.0396	0.042	0.9838	0.0162	49053	1411006	0.0335965875351613	T	C	FALSE	0	2.71114954531962e-09	0	0	0	3.33066907387547e-16	0	3.99787e-05
rs73555862	6	132937091	0.4298	-0.0325	0.0412	0.983	0.017	47884	1410038	0.032844006743845	T	C	FALSE	0	2.34359898644773e-09	0	0	0	4.44089209850063e-16	0	3.54663e-05
rs73557806	6	132956531	0.7332	0.0074	0.0217	0.0515	0.0515	56306	1417791	0.0381969436203995	A	G	FALSE	0	9.84613803227973e-10	0	0	0	2.22044604925031e-16	0	2.82244e-05
rs73557834	6	132972592	0.7142	-0.0079	0.0217	0.9485	0.0515	56306	1417791	0.0381969436203995	T	C	FALSE	0	9.92550497292925e-10	0	0	0	5.55111512312578e-16	0	3.21248e-05
rs73557876	6	132989819	0.5051	0.0148	0.0223	0.0496	0.0496	56306	1417791	0.0381969436203995	C	G	FALSE	0	1.18708791827731e-09	0	0	0	2.22044604925031e-16	0	3.14069e-05
rs73558395	6	133157991	0.7326	-0.0217	0.0636	0.0113	0.0113	22811	885122	0.0251241005668921	A	G	FALSE	0	2.75350374858107e-09	0	0	0	2.22044604925031e-16	0	3.0527e-05
rs73559612	6	133667909	0.05549	0.0288	0.015	0.8788	0.1212	56306	1417791	0.0381969436203995	T	C	FALSE	0	4.02973489800425e-09	0	0	0	2.88657986402541e-15	0	0.000144793
rs73559615	6	133668846	0.05944	0.0283	0.015	0.8786	0.1214	56306	1417791	0.0381969436203995	A	G	FALSE	0	3.78335440945249e-09	0	0	0	2.66453525910038e-15	0	0.000136607
rs73559745	6	133010979	0.7761	0.0113	0.0399	0.9835	0.0165	56306	1417791	0.0381969436203995	A	G	FALSE	0	1.75241596496302e-09	0	0	0	1.88737914186277e-15	0	2.86312e-05
rs7356961	6	132349215	0.4207	0.0097	0.012	0.2303	0.2303	49053	1411006	0.0335965875351613	T	C	FALSE	0	7.14769176085293e-10	0	0	0	2.22044604925031e-16	0	3.0222e-05
rs7357002	6	132338322	0.2645	0.0132	0.0119	0.2298	0.2298	49053	1411006	0.0335965875351613	A	C	FALSE	0	9.44950145374901e-10	0	0	0	3.33066907387547e-16	0	3.57046e-05
rs7357079	6	133148461	0.3348	0.0094	0.0098	0.4279	0.4279	56306	1417791	0.0381969436203995	T	C	FALSE	0	6.67419260556631e-10	0	0	0	2.22044604925031e-16	0	0.000145856
rs736572	6	134027838	0.8668	-0.0018	0.0109	0.7532	0.2468	56306	1417791	0.0381969436203995	T	C	FALSE	0	4.75418275448185e-10	0	0	0	3.21964677141295e-15	0	3.14086e-05
rs737454	6	132429242	0.6444	-0.0057	0.0123	0.7533	0.2467	47884	1410038	0.032844006743845	T	C	FALSE	0	5.88751366724212e-10	0	0	0	6.66133814775094e-16	0	4.0085e-05
rs73772989	6	133187599	0.6839	-0.0186	0.0457	0.9779	0.0221	42598	1322509	0.0312048799105125	A	T	FALSE	0	2.07701416780825e-09	0	0	0	2.22044604925031e-16	0	3.20046e-05
rs73773520	6	133402507	0.7841	0.0151	0.0551	0.9897	0.0103	47884	1410038	0.032844006743845	A	G	FALSE	0	2.37035024166714e-09	0	0	0	3.21964677141295e-15	0	2.85869e-05
rs73773521	6	133402935	0.7769	0.0156	0.0552	0.9897	0.0103	47884	1410038	0.032844006743845	C	G	FALSE	0	2.37958980766772e-09	0	0	0	5.55111512312578e-16	0	2.98511e-05
rs73775123	6	132894986	0.5715	0.0078	0.0138	0.1564	0.1564	49053	1411006	0.0335965875351613	A	C	FALSE	0	6.95473208532453e-10	0	0	0	2.22044604925031e-16	0	2.95344e-05
rs73775132	6	132931995	0.2015	-0.0408	0.032	0.9746	0.0254	56306	1417791	0.0381969436203995	A	T	FALSE	0	3.0077307892271e-09	0	0	0	4.44089209850063e-16	0	6.21568e-05
rs73775136	6	132935115	0.6386	-0.0109	0.0233	0.0625	0.0625	50455	1411925	0.0345019762305283	A	G	FALSE	0	1.11097309391477e-09	0	0	0	2.22044604925031e-16	0	2.95323e-05
rs73776019	6	133608134	0.01563	-0.1352	0.0559	0.9871	0.0129	49053	1411006	0.0335965875351613	T	C	FALSE	0	3.4967263164704e-08	0	0	3	1	0	1
rs73776021	6	133622067	0.05779	-0.097	0.0511	0.9886	0.0114	49053	1411006	0.0335965875351613	A	G	FALSE	0	1.15765385360707e-08	0	0	0	1.09375367318698e-07	0	6.48497e-50
rs73778611	6	132213687	0.4426	-0.0277	0.0361	0.9791	0.0209	49053	1411006	0.0335965875351613	A	G	FALSE	0	2.03587078127095e-09	0	0	0	2.22044604925031e-16	0	3.49597e-05
rs73778612	6	132213933	0.3649	0.0331	0.0365	0.0203	0.0203	49053	1411006	0.0335965875351613	A	G	FALSE	0	2.30349979480748e-09	0	0	0	3.33066907387547e-16	0	4.56179e-05
rs73778613	6	132218967	0.1077	0.0625	0.0389	0.0217	0.0217	49053	1411006	0.0335965875351613	A	G	FALSE	0	5.7068162630577e-09	0	0	0	8.88178419700125e-16	0	0.000116951
rs73778638	6	132235934	0.1943	0.048	0.037	0.0223	0.0223	49053	1411006	0.0335965875351613	T	G	FALSE	0	3.53707442582607e-09	0	0	0	5.55111512312578e-16	0	7.9833e-05
rs73779142	6	132240273	0.7853	0.0091	0.0333	0.0255	0.0255	47884	1410038	0.032844006743845	A	G	FALSE	0	1.46782524203483e-09	0	0	0	2.22044604925031e-16	0	2.89763e-05
rs73779153	6	132265567	0.9083	-0.0056	0.049	0.0134	0.0134	30435	974587	0.0302829191798786	A	G	FALSE	0	2.06349238018388e-09	0	0	0	1.33226762955019e-15	0	2.89316e-05
rs73779156	6	132266646	0.5829	0.023	0.0418	0.9832	0.0168	49053	1411006	0.0335965875351613	T	C	FALSE	0	2.03832883064035e-09	0	0	0	2.22044604925031e-16	0	2.99635e-05
rs73779158	6	132267818	0.9439	0.0034	0.049	0.9865	0.0135	30435	974587	0.0302829191798786	C	G	FALSE	0	2.05548140454177e-09	0	0	0	2.22044604925031e-16	0	2.7754e-05
rs73779160	6	132271740	0.7074	0.0151	0.0402	0.9767	0.0233	49053	1411006	0.0335965875351613	A	G	FALSE	0	1.81745170469705e-09	0	0	0	3.10862446895044e-15	0	2.88507e-05
rs73780060	6	132688281	0.6021	0.0397	0.0761	0.9841	0.0159	13005	876185	0.0146256705540998	C	G	FALSE	0	3.45172277002161e-09	0	0	0	2.22044604925031e-16	0	3.14306e-05
rs73780064	6	132720933	0.1255	-0.036	0.0235	0.9431	0.0569	49053	1411006	0.0335965875351613	A	C	FALSE	0	3.19987506657515e-09	0	0	0	5.55111512312578e-16	0	7.58201e-05
rs73781414	6	132432241	0.008339	-0.0527	0.02	0.9292	0.0708	49053	1411006	0.0335965875351613	T	C	FALSE	0	2.66706103526109e-08	0	0	0	5.21804821573824e-15	0	0.000639598
rs73781421	6	132444269	0.3583	-0.0178	0.0194	0.9252	0.0748	49053	1411006	0.0335965875351613	A	G	FALSE	0	1.26258191839787e-09	0	0	0	3.33066907387547e-16	0	3.24626e-05
rs73781422	6	132447592	0.3859	0.0163	0.0188	0.0772	0.0772	49053	1411006	0.0335965875351613	T	C	FALSE	0	1.17069103301281e-09	0	0	0	3.33066907387547e-16	0	5.72546e-05
rs73781424	6	132448974	0.3844	-0.0164	0.0188	0.9228	0.0772	49053	1411006	0.0335965875351613	A	G	FALSE	0	1.17607149882285e-09	0	0	0	2.22044604925031e-16	0	3.16772e-05
rs74187450	6	133924882	0.2774	0.0273	0.0252	0.9502	0.0498	56306	1417791	0.0381969436203995	C	G	FALSE	0	1.91969896635354e-09	0	0	0	4.44089209850063e-16	0	4.61798e-05
rs742297	6	133689800	0.9758	9e-04	0.0302	0.9716	0.0284	50455	1411925	0.0345019762305283	A	G	FALSE	0	1.28732784198395e-09	0	0	0	2.22044604925031e-16	0	2.77672e-05
rs742298	6	133689481	0.9865	5e-04	0.0302	0.9716	0.0284	50455	1411925	0.0345019762305283	T	C	FALSE	0	1.28694149548031e-09	0	0	0	2.22044604925031e-16	0	2.77587e-05
rs742300	6	133688952	0.06085	-0.0281	0.015	0.1203	0.1203	56306	1417791	0.0381969436203995	A	G	FALSE	0	3.69021444178554e-09	0	0	0	6.66133814775094e-16	0	0.000200281
rs742516	6	133014623	0.4423	0.0074	0.0097	0.3754	0.3754	56306	1417791	0.0381969436203995	T	C	FALSE	0	5.58126993690667e-10	0	0	0	3.33066907387547e-16	0	4.66655e-05
rs74298520	6	133086213	0.2283	0.0237	0.0197	0.9362	0.0638	56306	1417791	0.0381969436203995	T	C	FALSE	0	1.72989672598765e-09	0	0	0	5.55111512312578e-16	0	4.53789e-05
rs74298526	6	133129933	0.2995	-0.0195	0.0188	0.068	0.068	56306	1417791	0.0381969436203995	T	C	FALSE	0	1.37470481184151e-09	0	0	0	3.33066907387547e-16	0	6.04234e-05
rs74298536	6	133460391	0.2561	0.0145	0.0127	0.8063	0.1937	50455	1411925	0.0345019762305283	A	G	FALSE	0	1.04531018773335e-09	0	0	0	6.66133814775094e-16	0	4.28217e-05
rs74298542	6	133667715	0.05958	0.0283	0.015	0.8785	0.1215	56306	1417791	0.0381969436203995	T	C	FALSE	0	3.78335440945249e-09	0	0	0	2.66453525910038e-15	0	0.000136439
rs74298544	6	133679686	0.05861	-0.0284	0.015	0.1198	0.1198	56306	1417791	0.0381969436203995	T	C	FALSE	0	3.8310562461878e-09	0	0	0	6.66133814775094e-16	0	0.000206589
rs74338849	6	133552230	0.9722	0.0016	0.0469	0.0211	0.0211	35345	1315724	0.0261607660304544	T	C	FALSE	0	1.96869033741272e-09	0	0	0	2.22044604925031e-16	0	2.77612e-05
rs74370711	6	132720042	0.5383	-0.0204	0.0331	0.9669	0.0331	49053	1411006	0.0335965875351613	A	C	FALSE	0	1.69290443710184e-09	0	0	0	2.22044604925031e-16	0	3.37193e-05
rs74379084	6	134062451	0.9561	-0.0025	0.0455	0.9752	0.0248	49416	1411171	0.0338329726336055	A	C	FALSE	0	1.9145485450937e-09	0	0	0	2.22044604925031e-16	0	2.77865e-05
rs74382814	6	133627616	0.6889	-0.0226	0.0565	0.9892	0.0108	31837	975506	0.0316049250354646	T	C	FALSE	0	2.5231350759871e-09	0	0	0	2.22044604925031e-16	0	2.88961e-05
rs74389589	6	132962853	0.5257	0.0231	0.0364	0.02	0.02	49580	1411478	0.0339343133537478	T	C	FALSE	0	1.87526926211798e-09	0	0	0	3.33066907387547e-16	0	4.86099e-05
rs74391558	6	133707602	0.1739	0.0205	0.0151	0.8802	0.1198	56306	1417791	0.0381969436203995	T	G	FALSE	0	1.6221539011003e-09	0	0	0	8.88178419700125e-16	0	7.99353e-05
rs74416570	6	132931444	0.02944	0.0561	0.0258	0.0417	0.0417	56306	1417791	0.0381969436203995	A	G	FALSE	0	1.12800923433956e-08	0	0	0	1.88737914186277e-15	0	0.000227846
rs74419207	6	134059438	0.5561	0.0213	0.0362	0.9732	0.0268	49053	1411006	0.0335965875351613	T	C	FALSE	0	1.81506447143657e-09	0	0	0	2.22044604925031e-16	0	3.17143e-05
rs74428259	6	132748170	0.5585	0.0366	0.0625	0.9883	0.0117	42086	1322227	0.0308477600081506	A	G	FALSE	0	3.00522326983054e-09	0	0	0	2.22044604925031e-16	0	3.16175e-05
rs74432100	6	133739644	0.7101	0.0089	0.0239	0.0457	0.0457	50455	1411925	0.0345019762305283	T	C	FALSE	0	1.09495463936424e-09	0	0	0	3.10862446895044e-15	0	2.93608e-05
rs74464144	6	133516826	0.09559	-0.0207	0.0124	0.204	0.204	50455	1411925	0.0345019762305283	T	C	FALSE	0	2.13695164224776e-09	0	0	0	4.44089209850063e-16	0	0.000151322
rs74467241	6	132685955	0.5858	-0.0241	0.0442	0.0145	0.0145	49580	1411478	0.0339343133537478	A	G	FALSE	0	2.14292785780523e-09	0	0	0	2.22044604925031e-16	0	2.9618e-05
rs74468754	6	133369016	0.4453	0.0313	0.0411	0.0351	0.0351	35345	1315724	0.0261607660304544	A	G	FALSE	0	2.2913162592089e-09	0	0	0	3.77475828372553e-15	0	3.04367e-05
rs74470915	6	132994308	0.4485	0.0469	0.0619	0.0142	0.0142	46605	839595	0.0525897088693297	T	C	FALSE	0	3.31113290348522e-09	0	0	0	9.99200722162641e-16	0	5.12282e-05
rs74476760	6	132617275	0.01523	-0.1452	0.0599	0.0101	0.0101	29266	973619	0.0291818104767745	A	T	FALSE	0	3.66506376247117e-08	0	0	0	4.2188474935756e-15	0	0.000714167
rs74488123	6	132637589	0.01858	-0.0572	0.0243	0.0542	0.0542	56306	1417791	0.0381969436203995	A	G	FALSE	0	1.59403884162626e-08	0	0	0	3.10862446895044e-15	0	0.000222438
rs7449646	6	132716733	0.3141	-0.0118	0.0117	0.2377	0.2377	56306	1417791	0.0381969436203995	A	G	FALSE	0	8.35516338804212e-10	0	0	0	4.44089209850063e-16	0	5.28294e-05
rs7449825	6	132925323	0.02008	0.0817	0.0352	0.0205	0.0205	56306	1417791	0.0381969436203995	A	G	FALSE	0	2.03687553362858e-08	0	0	0	2.22044604925031e-16	0	3.72536e-05
rs7449915	6	133629183	0.08635	0.018	0.0105	0.3597	0.3597	50455	1411925	0.0345019762305283	T	C	FALSE	0	1.95602221967072e-09	0	0	0	3.33066907387547e-16	0	5.98889e-05
rs7450274	6	132730555	0.8345	0.002	0.0095	0.5912	0.4088	56306	1417791	0.0381969436203995	C	G	FALSE	0	4.18047899004283e-10	0	0	0	2.22044604925031e-16	0	3.03503e-05
rs7450504	6	134088284	0.6069	-0.012	0.0234	0.8897	0.1103	49416	1411171	0.0338329726336055	A	C	FALSE	0	1.14021827018665e-09	0	0	0	3.33066907387547e-16	0	4.14217e-05
rs745091	6	133658299	0.09105	0.0186	0.011	0.7156	0.2844	50455	1411925	0.0345019762305283	A	G	FALSE	0	1.96840858424736e-09	0	0	0	4.44089209850063e-16	0	6.28822e-05
rs7452066	6	133942074	0.4012	0.0111	0.0132	0.8416	0.1584	56306	1417791	0.0381969436203995	C	G	FALSE	0	8.07057130108341e-10	0	0	0	2.22044604925031e-16	0	2.78585e-05
rs74522534	6	132843496	0.926	-0.0088	0.0949	0.0102	0.0102	14696	877382	0.0164738957804138	T	C	FALSE	0	3.70753123957501e-09	0	0	0	2.22044604925031e-16	0	2.78776e-05
rs7452703	6	133140073	0.3358	0.0094	0.0097	0.4285	0.4285	56306	1417791	0.0381969436203995	A	G	FALSE	0	6.66953253768963e-10	0	0	0	1.33226762955019e-15	0	0.000148618
rs74541475	6	134195957	0.00854	-0.0445	0.0169	0.903	0.097	50455	1411925	0.0345019762305283	T	G	FALSE	0	2.26791593057211e-08	0	0	0	8.32667268468867e-15	0	0.00130356
rs7454561	6	133636623	0.02521	-0.0223	0.01	0.5251	0.4749	50455	1411925	0.0345019762305283	T	G	FALSE	0	5.14050357064253e-09	0	0	0	7.7715611723761e-16	0	0.000255245
rs74560046	6	133387250	0.07825	0.0388	0.022	0.9067	0.0933000000000001	49053	1411006	0.0335965875351613	T	G	FALSE	0	4.38069490789467e-09	0	0	0	6.66133814775094e-16	0	5.9937e-05
rs74569039	6	132940400	0.49	-0.0282	0.0409	0.9834	0.0165999999999999	49053	1411006	0.0335965875351613	C	G	FALSE	0	2.16921369046156e-09	0	0	0	5.55111512312578e-16	0	3.32354e-05
rs74586137	6	133611524	0.3018	-0.0712	0.069	0.0147	0.0147	34176	1314756	0.0253355988292961	A	T	FALSE	0	4.52314307184296e-09	0	0	0	3.33066907387547e-16	0	5.24235e-05
rs74593073	6	132974320	0.6134	-0.0182	0.0361	0.9793	0.0207000000000001	50092	1411760	0.0342661226991515	T	C	FALSE	0	1.73135412772276e-09	0	0	0	2.22044604925031e-16	0	2.7932e-05
rs74618266	6	132231978	0.617	-0.0089	0.0177	0.0957	0.0957	49053	1411006	0.0335965875351613	A	G	FALSE	0	8.61278622180351e-10	0	0	0	2.22044604925031e-16	0	3.1534e-05
rs74627356	6	133136410	0.285	0.0314	0.0294	0.0325	0.0325	49053	1411006	0.0335965875351613	A	C	FALSE	0	2.19053875698462e-09	0	0	0	4.44089209850063e-16	0	4.50728e-05
rs74658049	6	133023648	0.4223	-0.0152	0.0189	0.0775	0.0775	56306	1417791	0.0381969436203995	A	G	FALSE	0	1.11718753385351e-09	0	0	0	2.22044604925031e-16	0	4.52384e-05
rs74676040	6	132343807	0.9064	0.0026	0.0224	0.0602	0.0602	49053	1411006	0.0335965875351613	T	C	FALSE	0	9.65649663433442e-10	0	0	0	2.22044604925031e-16	0	2.85966e-05
rs74681289	6	133128791	0.2391	0.0345	0.0293	0.027	0.027	56306	1417791	0.0381969436203995	A	T	FALSE	0	2.46253771801263e-09	0	0	0	4.44089209850063e-16	0	4.70969e-05
rs74686425	6	132825155	0.6303	0.0286	0.0594	0.9845	0.0155	36747	1316643	0.0271518187662093	T	G	FALSE	0	2.72947456799262e-09	0	0	0	1.55431223447522e-15	0	3.38057e-05
rs74705015	6	132533069	0.3107	-0.0221	0.0218	0.94	0.0600000000000001	49053	1411006	0.0335965875351613	T	C	FALSE	0	1.55176379099265e-09	0	0	0	3.33066907387547e-16	0	4.62034e-05
rs74711293	6	132611056	0.01779	-0.0539	0.0227	0.0532	0.0532	49053	1411006	0.0335965875351613	T	C	FALSE	0	1.5716034998899e-08	0	0	0	2.88657986402541e-15	0	0.000543627
rs74717223	6	132686908	0.786	0.0125	0.0461	0.9871	0.0129	55943	1417626	0.0379642894224838	A	G	FALSE	0	2.00451270068606e-09	0	0	0	2.22044604925031e-16	0	2.91937e-05
rs74735512	6	132828896	0.03664	0.0887	0.0424	0.0176	0.0176	49053	1411006	0.0335965875351613	A	T	FALSE	0	1.45095650590956e-08	0	0	0	2.1094237467878e-15	0	0.000221934
rs74744231	6	133675885	0.06966	-0.0276	0.0152	0.1184	0.1184	56306	1417791	0.0381969436203995	A	G	FALSE	0	3.36375914641526e-09	0	0	0	5.55111512312578e-16	0	0.000179492
rs74747223	6	133489223	0.9664	-0.002	0.0485	0.9861	0.0139	30435	974587	0.0302829191798786	A	G	FALSE	0	2.03269153413612e-09	0	0	0	2.22044604925031e-16	0	3.0911e-05
rs74749089	6	133977969	0.4979	-0.0416	0.0613	0.0131	0.0131	47884	1410038	0.032844006743845	T	C	FALSE	0	3.11723277465787e-09	0	0	0	2.22044604925031e-16	0	3.72394e-05
rs74766913	6	133158175	0.5698	0.0513	0.0902	0.011	0.011	15558	878337	0.0174047287433088	A	G	FALSE	0	4.05282035442516e-09	0	0	0	2.22044604925031e-16	0	3.17138e-05
rs74773528	6	133726751	0.5278	-0.0232	0.0368	0.0207	0.0207	49286	1410957	0.0337519166330535	A	G	FALSE	0	1.89010322139912e-09	0	0	0	2.22044604925031e-16	0	3.4616e-05
rs74774391	6	133687349	0.06364	-0.0278	0.015	0.1205	0.1205	56306	1417791	0.0381969436203995	T	C	FALSE	0	3.5559645781688e-09	0	0	0	6.66133814775094e-16	0	0.000192376
rs74775212	6	132947039	0.3289	0.0125	0.0128	0.1911	0.1911	50455	1411925	0.0345019762305283	T	C	FALSE	0	8.85023014291815e-10	0	0	0	9.99200722162641e-16	0	3.79517e-05
rs74796328	6	132436285	0.173	0.0952	0.0698	0.0104	0.0104	30435	974587	0.0302829191798786	A	G	FALSE	0	6.50682098522961e-09	0	0	0	1.33226762955019e-15	0	8.60818e-05
rs74809948	6	134136306	0.1575	0.0673	0.0476	0.975	0.025	36235	1316361	0.0267892260512378	T	C	FALSE	0	5.13857429484257e-09	0	0	0	6.66133814775094e-16	0	7.6599e-05
rs74866270	6	133898331	0.491	-0.0093	0.0135	0.3115	0.3115	42598	1322509	0.0312048799105125	A	T	FALSE	0	7.35054582880422e-10	0	0	0	3.33066907387547e-16	0	3.62339e-05
rs74894456	6	132408317	0.01057	-0.1144	0.0448	0.9803	0.0197000000000001	49053	1411006	0.0335965875351613	T	C	FALSE	0	4.20089208797929e-08	0	0	0	2.54241072639161e-14	0	0.00436906
rs74901902	6	132388885	0.999	1e-04	0.0458	0.0172	0.0172	49053	1411006	0.0335965875351613	A	G	FALSE	0	1.92378626681489e-09	0	0	0	2.22044604925031e-16	0	2.7907e-05
rs74904675	6	132382129	0.8511	-0.0169	0.0901	0.0104	0.0104	15558	878337	0.0174047287433088	A	G	FALSE	0	3.59203885069128e-09	0	0	0	1.33226762955019e-15	0	2.77541e-05
rs74935708	6	132599117	0.5591	-0.007	0.012	0.2292	0.2292	50092	1411760	0.0342661226991515	A	G	FALSE	0	6.11526789193578e-10	0	0	0	5.55111512312578e-16	0	3.04355e-05
rs74948997	6	133059893	0.9069	0.0028	0.0242	0.9475	0.0525	49053	1411006	0.0335965875351613	T	C	FALSE	0	1.04210964948011e-09	0	0	0	2.22044604925031e-16	0	2.83344e-05
rs74962546	6	132996369	0.5589	-0.0216	0.0369	0.9813	0.0187000000000001	56306	1417791	0.0381969436203995	A	T	FALSE	0	1.84545580367221e-09	0	0	0	2.22044604925031e-16	0	2.80916e-05
rs74996195	6	132983694	0.7147	-0.0136	0.0371	0.9813	0.0187000000000001	56306	1417791	0.0381969436203995	A	C	FALSE	0	1.67735886008004e-09	0	0	0	2.22044604925031e-16	0	2.78278e-05
rs75008412	6	132806055	0.134	0.0642	0.0428	0.0232	0.0232	49053	1411006	0.0335965875351613	A	G	FALSE	0	5.28805007305617e-09	0	0	0	7.7715611723761e-16	0	7.857e-05
rs75023101	6	134159616	0.9375	0.0036	0.0453	0.9742	0.0258	42598	1322509	0.0312048799105125	A	T	FALSE	0	1.90953717011335e-09	0	0	0	2.22044604925031e-16	0	3.10699e-05
rs75045071	6	132515985	0.1608	-0.0329	0.0235	0.0574	0.0574	56306	1417791	0.0381969436203995	T	C	FALSE	0	2.64418704512034e-09	0	0	0	4.44089209850063e-16	0	7.57202e-05
rs75097668	6	132374539	0.672	0.0208	0.0492	0.015	0.015	49053	1411006	0.0335965875351613	T	C	FALSE	0	2.23970965740385e-09	0	0	0	2.22044604925031e-16	0	2.90891e-05
rs75106170	6	133590389	0.8836	0.0054	0.0367	0.9805	0.0195	50455	1411925	0.0345019762305283	T	C	FALSE	0	1.57185304360727e-09	0	0	0	2.22044604925031e-16	0	2.81971e-05
rs75112112	6	134131103	0.5828	0.0113	0.0206	0.0654	0.0654	50455	1411925	0.0345019762305283	A	C	FALSE	0	1.02475161081522e-09	0	0	0	3.10862446895044e-15	0	2.93509e-05
rs75118628	6	134146153	0.04147	0.1367	0.067	0.9855	0.0145	35345	1315724	0.0261607660304544	T	C	FALSE	0	1.77870098664448e-08	0	0	0	2.22044604925031e-15	0	0.000244949
rs75134392	6	132853129	0.6655	0.0154	0.0357	0.024	0.024	47884	1410038	0.032844006743845	T	C	FALSE	0	1.65731909234944e-09	0	0	0	2.22044604925031e-16	0	3.03123e-05
rs75151726	6	133437626	0.8723	0.0067	0.0419	0.0179	0.0179	49053	1411006	0.0335965875351613	A	G	FALSE	0	1.78893569802682e-09	0	0	0	1.33226762955019e-15	0	2.78079e-05
rs75157194	6	132847621	0.1939	-0.0441	0.0339	0.9755	0.0245	49053	1411006	0.0335965875351613	C	G	FALSE	0	3.27833946111269e-09	0	0	0	4.44089209850063e-16	0	5.08039e-05
rs75197983	6	132485642	0.6761	-0.0334	0.0799	0.987	0.013	29266	973619	0.0291818104767745	T	C	FALSE	0	3.4475000817028e-09	0	0	0	2.22044604925031e-16	0	3.06371e-05
rs75220434	6	133419668	0.8569	0.0076	0.0424	0.0181	0.0181	49053	1411006	0.0335965875351613	A	G	FALSE	0	1.81503585126972e-09	0	0	0	1.77635683940025e-15	0	2.78429e-05
rs75253705	6	133690904	0.05663	-0.0286	0.015	0.1201	0.1201	56306	1417791	0.0381969436203995	A	G	FALSE	0	3.9287927008285e-09	0	0	0	9.76996261670138e-15	0	0.000214168
rs75279330	6	133731936	0.6793	-0.01	0.0243	0.9548	0.0452	50455	1411925	0.0345019762305283	T	C	FALSE	0	1.12993240868753e-09	0	0	0	3.33066907387547e-16	0	3.06898e-05
rs75279813	6	132387419	0.7212	-0.0062	0.0175	0.8866	0.1134	49053	1411006	0.0335965875351613	T	C	FALSE	0	7.99502745098238e-10	0	0	0	2.22044604925031e-16	0	3.15964e-05
rs75339567	6	132929184	0.9153	-0.0017	0.0163	0.8899	0.1101	56306	1417791	0.0381969436203995	T	C	FALSE	0	7.03858992756652e-10	0	0	0	2.22044604925031e-16	0	3.02175e-05
rs75341931	6	132578684	0.0854	-0.0415	0.0241	0.0463	0.0463	56306	1417791	0.0381969436203995	T	C	FALSE	0	4.44587473634717e-09	0	0	0	7.7715611723761e-16	0	0.000138478
rs75388756	6	132985753	0.7164	0.0135	0.0371	0.0187	0.0187	56306	1417791	0.0381969436203995	A	G	FALSE	0	1.67576328220443e-09	0	0	0	2.22044604925031e-16	0	3.80843e-05
rs75416267	6	133081250	0.9991	0	0.0347	0.9778	0.0222	56306	1417791	0.0381969436203995	T	G	FALSE	0	1.47325710667221e-09	1	1	0	2.22044604925031e-16	0	2.95091e-05
rs75421686	6	133674598	0.08832	0.0266	0.0156	0.8853	0.1147	56306	1417791	0.0381969436203995	T	C	FALSE	0	2.84266851598739e-09	0	0	0	4.32986979603811e-15	0	0.000100734
rs75427081	6	132883329	0.9572	-0.0011	0.0205	0.9301	0.0699	50455	1411925	0.0345019762305283	A	G	FALSE	0	8.80019539640734e-10	0	0	0	2.22044604925031e-16	0	2.77847e-05
rs75435919	6	132421305	0.01431	-0.1106	0.0451	0.9803	0.0197000000000001	49053	1411006	0.0335965875351613	A	T	FALSE	0	3.3151854450128e-08	0	0	0	2.63677968348475e-13	0	0.00316068
rs75441709	6	133621081	0.8611	0.0069	0.0396	0.0507	0.0507	15558	878337	0.0174047287433088	A	C	FALSE	0	1.69854865485505e-09	0	0	0	2.22044604925031e-16	0	3.14097e-05
rs75445394	6	132983469	0.4076	-0.0375	0.0453	0.9813	0.0187000000000001	42598	1322509	0.0312048799105125	T	C	FALSE	0	2.63735198627322e-09	0	0	0	2.22044604925031e-16	0	3.00633e-05
rs75475636	6	133024386	0.2838	-0.0283	0.0264	0.9637	0.0363	56306	1417791	0.0381969436203995	A	G	FALSE	0	1.98379542697372e-09	0	0	0	3.33066907387547e-16	0	3.48941e-05
rs75505532	6	132426527	0.006062	-0.1545	0.0563	0.988	0.012	29793	974091	0.0296777316901156	A	G	FALSE	0	7.64817254378853e-08	0	0	0	8.32667268468867e-15	0	0.0011579
rs75530872	6	132898205	0.4072	0.0247	0.0298	0.029	0.029	49053	1411006	0.0335965875351613	A	G	FALSE	0	1.77737492279552e-09	0	0	0	3.33066907387547e-16	0	3.77571e-05
rs75535943	6	134197201	0.3595	0.042	0.0459	0.9822	0.0178	50092	1411760	0.0342661226991515	T	C	FALSE	0	2.86927903140129e-09	0	0	0	3.33066907387547e-16	0	4.13847e-05
rs75553530	6	132904264	0.4218	0.0238	0.0297	0.0291	0.0291	49053	1411006	0.0335965875351613	A	G	FALSE	0	1.73317740481192e-09	0	0	0	3.33066907387547e-16	0	3.70502e-05
rs755894	6	133151694	0.09843	0.0168	0.0102	0.3472	0.3472	56306	1417791	0.0381969436203995	A	G	FALSE	0	1.69814497045345e-09	0	0	0	6.66133814775094e-16	0	0.00112464
rs755895	6	133150887	0.3256	0.0096	0.0098	0.4148	0.4148	56306	1417791	0.0381969436203995	T	C	FALSE	0	6.80722314994702e-10	0	0	0	2.22044604925031e-16	0	0.00016052
rs75593700	6	133784838	0.6991	-0.008	0.0207	0.064	0.064	50455	1411925	0.0345019762305283	A	G	FALSE	0	9.55290698256793e-10	0	0	0	2.22044604925031e-16	0	3.04087e-05
rs75602978	6	133872964	0.446	0.0267	0.035	0.9787	0.0213	56306	1417791	0.0381969436203995	A	T	FALSE	0	1.97024824908538e-09	0	0	0	4.32986979603811e-15	0	4.24051e-05
rs75624975	6	133929815	0.1114	-0.0743	0.0467	0.0155	0.0155	49565	1411288	0.0339288073474881	T	G	FALSE	0	6.50764544779826e-09	0	0	0	6.66133814775094e-16	0	0.000105788
rs75633844	6	132748945	0.149	-0.0795	0.0551	0.0139	0.0139	42598	1322509	0.0312048799105125	A	C	FALSE	0	6.02300936432971e-09	0	0	0	5.55111512312578e-16	0	8.96767e-05
rs75637651	6	132977305	0.571	-0.0206	0.0363	0.9798	0.0202	50092	1411760	0.0342661226991515	C	G	FALSE	0	1.79870327349617e-09	0	0	0	2.22044604925031e-16	0	2.80666e-05
rs75644135	6	133010677	0.3784	0.0231	0.0263	0.0364	0.0364	56306	1417791	0.0381969436203995	A	G	FALSE	0	1.64170304817079e-09	0	0	0	3.33066907387547e-15	0	6.24102e-05
rs75655782	6	132633913	0.03698	-0.0485	0.0232	0.0519	0.0519	49053	1411006	0.0335965875351613	A	G	FALSE	0	8.57758664686164e-09	0	0	0	1.55431223447522e-15	0	0.000280422
rs75673578	6	133233661	0.6983	0.0096	0.0249	0.0765	0.0765	49053	1411006	0.0335965875351613	T	C	FALSE	0	1.14560068041912e-09	0	0	0	1.55431223447522e-15	0	2.815e-05
rs75718977	6	133897628	0.7602	-0.0079	0.0258	0.9502	0.0498	56306	1417791	0.0381969436203995	T	C	FALSE	0	1.154652946397e-09	0	0	0	2.22044604925031e-16	0	2.98097e-05
rs75772809	6	133326830	0.6527	-0.0146	0.0325	0.0482	0.0482	49053	1411006	0.0335965875351613	T	C	FALSE	0	1.52513279514942e-09	0	0	0	3.10862446895044e-15	0	3.23073e-05
rs75806315	6	132374888	0.4325	0.0248	0.0316	0.9686	0.0314	49053	1411006	0.0335965875351613	T	C	FALSE	0	1.81639925099702e-09	0	0	0	1.88737914186277e-15	0	3.78049e-05
rs75822089	6	133340376	0.4741	-0.0379	0.0529	0.0101	0.0101	47884	1410038	0.032844006743845	T	C	FALSE	0	2.80113310779594e-09	0	0	0	2.22044604925031e-16	0	3.39141e-05
rs75822474	6	133617163	0.007046	-0.0352	0.0131	0.1672	0.1672	56306	1417791	0.0381969436203995	A	G	FALSE	0	2.05048390181239e-08	0	0	0	2.88657986402541e-15	0	0.00180425
rs75826734	6	133898349	0.485	-0.0094	0.0134	0.3155	0.3155	42598	1322509	0.0312048799105125	A	T	FALSE	0	7.36038075749979e-10	0	0	0	3.33066907387547e-16	0	3.60683e-05
rs75833881	6	133922537	0.4361	0.028	0.036	0.9785	0.0215	56306	1417791	0.0381969436203995	A	G	FALSE	0	2.04647244251844e-09	0	0	0	3.33066907387547e-16	0	3.63678e-05
rs75834595	6	133010419	0.4609	-0.0206	0.028	0.9534	0.0466	42598	1322509	0.0312048799105125	C	G	FALSE	0	1.55815052069873e-09	0	0	0	2.22044604925031e-16	0	4.27623e-05
rs75838554	6	132973882	0.5501	0.0217	0.0364	0.0202	0.0202	50092	1411760	0.0342661226991515	A	T	FALSE	0	1.83279565218739e-09	0	0	0	2.22044604925031e-16	0	4.66671e-05
rs75845749	6	133454414	0.2876	-0.0136	0.0128	0.1918	0.1918	50455	1411925	0.0345019762305283	T	G	FALSE	0	9.65718327517216e-10	0	0	0	2.22044604925031e-16	0	6.38613e-05
rs75859381	6	133210361	1.037e-10	-0.2207	0.0341	0.9673	0.0327	49565	1411288	0.0339288073474881	T	C	TRUE	1	0.999915207329961	0	0	1	0.999999999997546	0	1
rs75914346	6	133032714	0.2814	0.0287	0.0267	0.0362	0.0362	56306	1417791	0.0381969436203995	T	C	FALSE	0	2.01172375600892e-09	0	0	0	5.55111512312578e-16	0	8.23763e-05
rs75920132	6	133515258	0.08225	0.0682	0.0393	0.9773	0.0227000000000001	50455	1411925	0.0345019762305283	A	C	FALSE	0	7.08245426737631e-09	0	0	0	1.11022302462516e-15	0	0.000114359
rs75921895	6	132862498	0.4169	-0.0285	0.0351	0.0187	0.0187	56306	1417791	0.0381969436203995	A	G	FALSE	0	2.05113421372088e-09	0	0	0	2.22044604925031e-16	0	4.10776e-05
rs75923268	6	132696972	0.5226	-0.0153	0.0239	0.0451	0.0451	56306	1417791	0.0381969436203995	A	T	FALSE	0	1.25154157406904e-09	0	0	0	2.22044604925031e-16	0	3.37993e-05
rs75931471	6	133797734	0.2944	-0.0369	0.0352	0.0364	0.0364	50455	1411925	0.0345019762305283	A	G	FALSE	0	2.5454591991521e-09	0	0	0	3.33066907387547e-16	0	5.04254e-05
rs75934561	6	133787664	0.2977	0.0216	0.0208	0.9339	0.0661000000000001	56306	1417791	0.0381969436203995	C	G	FALSE	0	1.51978765968e-09	0	0	0	3.33066907387547e-16	0	4.55087e-05
rs75938280	6	132934168	0.4531	-0.0492	0.0656	0.0114	0.0114	47884	1410038	0.032844006743845	T	G	FALSE	0	3.46246671213212e-09	0	0	0	2.22044604925031e-16	0	3.811e-05
rs75943876	6	133484317	0.5969	-0.0245	0.0464	0.0144	0.0144	30435	974587	0.0302829191798786	T	C	FALSE	0	2.22316742944608e-09	0	0	0	2.22044604925031e-16	0	2.77754e-05
rs75951580	6	132919592	0.4204	-0.0239	0.0297	0.9711	0.0289	49053	1411006	0.0335965875351613	T	C	FALSE	0	1.73776853900903e-09	0	0	0	2.22044604925031e-16	0	3.96463e-05
rs75974986	6	132802001	0.8289	0.0049	0.0225	0.9334	0.0666	49053	1411006	0.0335965875351613	T	C	FALSE	0	9.86303775642665e-10	0	0	0	2.22044604925031e-16	0	2.82981e-05
rs76004881	6	132972563	0.6258	-0.0383	0.0786	0.9874	0.0125999999999999	30305	974373	0.0301638933071093	T	G	FALSE	0	3.49370133399323e-09	0	0	0	3.33066907387547e-16	0	4.32135e-05
rs76008619	6	132879353	0.4466	0.0265	0.0348	0.9799	0.0201	56306	1417791	0.0381969436203995	A	T	FALSE	0	1.95753419879575e-09	0	0	0	3.33066907387547e-16	0	3.52673e-05
rs76013994	6	132570129	0.1764	-0.0317	0.0234	0.9492	0.0508	49053	1411006	0.0335965875351613	A	G	FALSE	0	2.47618400525488e-09	0	0	0	4.44089209850063e-16	0	7.06961e-05
rs76019914	6	133352974	0.4865	-0.0368	0.0529	0.0101	0.0101	47884	1410038	0.032844006743845	A	T	FALSE	0	2.76295961903207e-09	0	0	0	2.22044604925031e-16	0	3.34797e-05
rs76040412	6	134202815	0.6332	-0.0207	0.0433	0.0231	0.0231	56306	1417791	0.0381969436203995	T	G	FALSE	0	2.03392736897102e-09	0	0	0	2.22044604925031e-16	0	3.06631e-05
rs76043914	6	133775732	0.2145	0.0454	0.0365	0.9804	0.0196	56306	1417791	0.0381969436203995	A	T	FALSE	0	3.27109551962709e-09	0	0	0	5.55111512312578e-16	0	5.91989e-05
rs76054319	6	133747111	0.6588	0.0248	0.0563	0.0158	0.0158	49053	1411006	0.0335965875351613	A	G	FALSE	0	2.55493146367469e-09	0	0	0	2.22044604925031e-16	0	3.03359e-05
rs76059021	6	132968400	0.3675	0.0351	0.0389	0.0188	0.0188	49580	1411478	0.0339343133537478	A	G	FALSE	0	2.43571248885584e-09	0	0	0	3.33066907387547e-16	0	6.70476e-05
rs76061835	6	132397317	0.4648	0.0231	0.0316	0.9685	0.0315	49053	1411006	0.0335965875351613	A	G	FALSE	0	1.74556009830987e-09	0	0	0	3.33066907387547e-16	0	3.61865e-05
rs760635	6	132429478	0.8152	0.0034	0.0146	0.1408	0.1408	49053	1411006	0.0335965875351613	T	C	FALSE	0	6.4461706694017e-10	0	0	0	2.22044604925031e-16	0	3.23777e-05
rs760811	6	132606718	0.02263	-0.051	0.0224	0.0541	0.0541	49053	1411006	0.0335965875351613	A	T	FALSE	0	1.24057474065692e-08	0	0	0	1.99840144432528e-15	0	0.000346452
rs760861	6	133761663	0.5913	-0.0059	0.0109	0.3042	0.3042	50455	1411925	0.0345019762305283	C	G	FALSE	0	5.42756468687702e-10	0	0	0	2.22044604925031e-16	0	2.80577e-05
rs76092088	6	133018545	0.7344	-0.0081	0.0238	0.0525	0.0525	56306	1417791	0.0381969436203995	A	G	FALSE	0	1.0782349846937e-09	0	0	0	2.22044604925031e-16	0	2.85881e-05
rs76111629	6	133399990	0.623	0.0272	0.0553	0.9897	0.0103	47884	1410038	0.032844006743845	A	G	FALSE	0	2.56992262852701e-09	0	0	0	2.22044604925031e-16	0	3.29992e-05
rs761125	6	133107989	0.1487	-0.0152	0.0105	0.6895	0.3105	56306	1417791	0.0381969436203995	A	G	FALSE	0	1.28464759519602e-09	0	0	0	3.44169137633799e-15	0	3.02733e-05
rs761126	6	133064596	0.4954	-0.0104	0.0152	0.2068	0.2068	30435	974587	0.0302829191798786	T	C	FALSE	0	8.24241704848584e-10	0	0	0	2.33146835171283e-15	0	4.78361e-05
rs76115148	6	132775628	0.5692	-0.0122	0.0215	0.9312	0.0688	49053	1411006	0.0335965875351613	C	G	FALSE	0	1.08007323097185e-09	0	0	0	2.22044604925031e-16	0	3.53838e-05
rs76138372	6	132975881	0.531	-0.04	0.0639	0.9896	0.0104	28880	973126	0.0288221827015008	T	C	FALSE	0	3.13322052939579e-09	0	0	0	2.22044604925031e-16	0	3.49267e-05
rs76157079	6	133328902	0.7683	-0.0218	0.0742	0.014	0.014	35345	1315724	0.0261607660304544	C	G	FALSE	0	3.11362724813184e-09	0	0	0	2.22044604925031e-16	0	2.95357e-05
rs76220512	6	133797319	0.04631	-0.0912	0.0458	0.0145	0.0145	37688	981372	0.0369831020744608	A	T	FALSE	0	1.26553037615794e-08	0	0	0	1.33226762955019e-15	0	0.000191672
rs76223283	6	132932753	0.06105	0.0428	0.0229	0.0542	0.0542	56306	1417791	0.0381969436203995	A	G	FALSE	0	5.49676672760322e-09	0	0	0	6.55031584528842e-15	0	0.000117265
rs76228356	6	133042075	1	0	0.0528	0.9822	0.0178	35345	1315724	0.0261607660304544	T	C	FALSE	0	2.19984952190492e-09	0	0	0	2.22044604925031e-16	0	2.778e-05
rs76297283	6	132889159	0.3255	-0.0212	0.0216	0.0534	0.0534	56306	1417791	0.0381969436203995	A	C	FALSE	0	1.48967772254928e-09	0	0	0	2.77555756156289e-15	0	4.14508e-05
rs76297575	6	132952722	0.5044	0.0244	0.0366	0.0199	0.0199	49580	1411478	0.0339343133537478	C	G	FALSE	0	1.92353453972739e-09	0	0	0	4.10782519111308e-15	0	5.02655e-05
rs76305730	6	132588250	0.04232	0.0463	0.0228	0.9356	0.0644	56306	1417791	0.0381969436203995	T	C	FALSE	0	7.4729652226114e-09	0	0	0	3.21964677141295e-15	0	0.000382071
rs76311061	6	133245006	0.9392	-0.0015	0.0193	0.1232	0.1232	36747	1316643	0.0271518187662093	T	C	FALSE	0	8.30296745582001e-10	0	0	0	2.22044604925031e-16	0	2.83567e-05
rs76325643	6	132689033	0.9992	0	0.023	0.0499	0.0499	56306	1417791	0.0381969436203995	A	G	FALSE	0	9.84609734959711e-10	0	0	0	2.22044604925031e-16	0	2.77752e-05
rs76328412	6	133261322	0.391	-0.0208	0.0243	0.0473	0.0473	56306	1417791	0.0381969436203995	T	C	FALSE	0	1.49141403176275e-09	0	0	0	3.33066907387547e-16	0	3.70069e-05
rs76371290	6	133686988	0.05028	-0.0293	0.0149	0.1209	0.1209	56306	1417791	0.0381969436203995	A	T	FALSE	0	4.37950553939347e-09	0	0	0	7.7715611723761e-16	0	0.000242891
rs76372522	6	132870318	0.4227	0.028	0.035	0.9813	0.0187000000000001	56306	1417791	0.0381969436203995	C	G	FALSE	0	2.02652312287447e-09	0	0	0	3.33066907387547e-16	0	3.61664e-05
rs76403591	6	133830309	0.08041	0.0876	0.0501	0.9867	0.0133	37688	981372	0.0369831020744608	A	T	FALSE	0	8.82447447613864e-09	0	0	0	1.11022302462516e-15	0	0.000134639
rs76404165	6	133235936	0.2434	0.0198	0.017	0.9089	0.0911	56306	1417791	0.0381969436203995	T	G	FALSE	0	1.43130039213889e-09	0	0	0	5.55111512312578e-16	0	4.2743e-05
rs76404875	6	132828345	0.04772	0.0845	0.0427	0.0175	0.0175	49053	1411006	0.0335965875351613	A	G	FALSE	0	1.17069468651578e-08	0	0	0	1.66533453693773e-15	0	0.000177364
rs764262	6	133055610	0.3782	0.0088	0.01	0.4904	0.4904	49053	1411006	0.0335965875351613	T	G	FALSE	0	6.33266511016709e-10	0	0	0	1.06581410364015e-14	0	2.79331e-05
rs764263	6	133055612	0.008616	0.0366	0.0139	0.3147	0.3147	35345	1315724	0.0261607660304544	C	G	FALSE	0	1.88209628323071e-08	0	0	0	5.21804821573824e-15	0	0.000219622
rs76451477	6	132908002	0.7683	0.0244	0.0829	0.9886	0.0114	15921	878502	0.017800302541415	A	T	FALSE	0	3.4242742799109e-09	0	0	0	2.22044604925031e-16	0	2.93655e-05
rs76485698	6	132774168	0.4047	-0.0344	0.0413	0.0171	0.0171	49053	1411006	0.0335965875351613	C	G	FALSE	0	2.43086566817503e-09	0	0	0	3.33066907387547e-16	0	3.75198e-05
rs76489410	6	132632841	0.02481	0.0544	0.0242	0.9511	0.0489000000000001	49053	1411006	0.0335965875351613	A	G	FALSE	0	1.24883396438622e-08	0	0	0	3.21964677141295e-15	0	0.000304302
rs76510133	6	133852957	0.9083	0.002	0.0176	0.9146	0.0854	56306	1417791	0.0381969436203995	T	C	FALSE	0	7.60342590289765e-10	0	0	0	1.77635683940025e-15	0	2.83761e-05
rs76524044	6	133752805	0.7955	-0.0052	0.0201	0.0647	0.0647	50455	1411925	0.0345019762305283	A	T	FALSE	0	8.90822520686352e-10	0	0	0	2.22044604925031e-16	0	2.90315e-05
rs76532798	6	133736034	0.6975	-0.0093	0.024	0.9545	0.0455	50455	1411925	0.0345019762305283	A	T	FALSE	0	1.10570433743589e-09	0	0	0	2.22044604925031e-16	0	3.03705e-05
rs76578203	6	133363232	0.6077	-0.0283	0.0552	0.01	0.01	47884	1410038	0.032844006743845	T	G	FALSE	0	2.59072937637293e-09	0	0	0	3.10862446895044e-15	0	3.04134e-05
rs76587409	6	133598381	0.8012	-0.0095	0.0376	0.0188	0.0188	50455	1411925	0.0345019762305283	A	T	FALSE	0	1.64219048763198e-09	0	0	0	5.55111512312578e-16	0	2.84581e-05
rs76593777	6	132830248	0.0377	0.0886	0.0427	0.0173	0.0173	49053	1411006	0.0335965875351613	T	C	FALSE	0	1.41020650419658e-08	0	0	0	1.99840144432528e-15	0	0.000214627
rs766161	6	132457918	0.2855	0.012	0.0113	0.7264	0.2736	49053	1411006	0.0335965875351613	A	G	FALSE	0	8.52864580253285e-10	0	0	0	3.33066907387547e-16	0	5.35441e-05
rs76620734	6	134129836	0.8858	0.007	0.0487	0.9851	0.0149	56306	1417791	0.0381969436203995	T	C	FALSE	0	2.05894871138851e-09	0	0	0	5.55111512312578e-16	0	7.28501e-05
rs766541	6	133786483	0.3227	0.0125	0.0126	0.7952	0.2048	50455	1411925	0.0345019762305283	T	C	FALSE	0	8.8464472116588e-10	0	0	0	1.06581410364015e-14	0	8.2345e-05
rs76655526	6	132423574	0.1677	-0.0308	0.0223	0.0638	0.0638	37161	980900	0.0365017420370685	A	G	FALSE	0	2.44995866300376e-09	0	0	0	6.66133814775094e-16	0	9.16816e-05
rs76684005	6	133898387	0.4954	-0.0096	0.0141	0.1411	0.1411	56306	1417791	0.0381969436203995	A	T	FALSE	0	7.63298295665153e-10	0	0	0	4.44089209850063e-16	0	7.95793e-05
rs76685690	6	133741030	0.2403	0.0424	0.0361	0.9803	0.0197000000000001	56306	1417791	0.0381969436203995	A	T	FALSE	0	2.98562038627352e-09	0	0	0	4.44089209850063e-16	0	5.42374e-05
rs76691913	6	133503384	0.09907	-0.065	0.0394	0.9784	0.0216	49928	1411453	0.03416494398107	A	G	FALSE	0	6.17361878941579e-09	0	0	0	6.66133814775094e-16	0	4.77342e-05
rs766996	6	133994026	0.657	0.0054	0.0122	0.8163	0.1837	56306	1417791	0.0381969436203995	T	C	FALSE	0	5.78531843086732e-10	0	0	0	2.22044604925031e-16	0	2.77792e-05
rs76712796	6	133983882	0.3374	0.0334	0.0348	0.0511	0.0511	34176	1314756	0.0253355988292961	T	C	FALSE	0	2.31015276230615e-09	0	0	0	2.22044604925031e-16	0	3.71555e-05
rs767148	6	133057794	0.1945	-0.0232	0.0179	0.0923	0.0923	49053	1411006	0.0335965875351613	C	G	FALSE	0	1.76760561721518e-09	0	0	0	3.33066907387547e-16	0	7.08264e-05
rs76728608	6	133010848	0.4496	0.0171	0.0226	0.0467	0.0467	56306	1417791	0.0381969436203995	A	G	FALSE	0	1.28378365942336e-09	0	0	0	1.77635683940025e-15	0	3.27498e-05
rs76750941	6	133012219	0.4442	0.0173	0.0226	0.0464	0.0464	56306	1417791	0.0381969436203995	T	C	FALSE	0	1.2923494582274e-09	0	0	0	3.33066907387547e-16	0	3.29143e-05
rs76777907	6	133556111	0.0003037	0.1528	0.0423	0.0142	0.0142	49580	1411478	0.0339343133537478	T	C	FALSE	0	9.19151266148714e-07	0	0	2	1	0	1
rs76783676	6	134108659	0.9542	-0.0026	0.0455	0.986	0.014	56306	1417791	0.0381969436203995	A	G	FALSE	0	1.9147727752911e-09	0	0	0	2.22044604925031e-16	0	2.96929e-05
rs76783883	6	133631233	0.06749	0.0866	0.0474	0.0116	0.0116	49580	1411478	0.0339343133537478	A	G	FALSE	0	9.65114298706591e-09	0	0	4	1	0	1
rs76785531	6	134080595	0.1324	-0.1619	0.1076	0.012	0.012	9082	576295	0.0155147879059136	T	G	FALSE	0	9.82335952765868e-09	0	0	0	4.2188474935756e-15	0	0.000103777
rs76816206	6	132830181	0.04068	0.0879	0.0429	0.0169	0.0169	49053	1411006	0.0335965875351613	T	C	FALSE	0	1.34464287382262e-08	0	0	0	1.88737914186277e-15	0	0.000203734
rs76845812	6	134152592	0.1226	-0.0944	0.0611	0.0192	0.0192	40150	751098	0.0507426243099509	A	G	FALSE	0	7.50151240807324e-09	0	0	0	6.66133814775094e-16	0	8.91069e-05
rs76856074	6	133017746	0.2352	0.1067	0.0899	0.0104	0.0104	15558	878337	0.0174047287433088	T	C	FALSE	0	6.34834161417724e-09	0	0	0	3.33066907387547e-16	0	3.5986e-05
rs76859050	6	133903163	0.3553	0.0421	0.0456	0.0151	0.0151	56306	1417791	0.0381969436203995	A	T	FALSE	0	2.87273542898951e-09	0	0	0	3.33066907387547e-16	0	3.89659e-05
rs76860138	6	132907081	0.3357	0.0284	0.0295	0.0296	0.0296	49053	1411006	0.0335965875351613	T	C	FALSE	0	1.9792807917024e-09	0	0	0	3.33066907387547e-16	0	4.23238e-05
rs76865071	6	132916111	0.6579	-0.0193	0.0435	0.0278	0.0278	35345	1315724	0.0261607660304544	A	G	FALSE	0	2.01213149074424e-09	0	0	0	3.33066907387547e-16	0	2.84667e-05
rs76907463	6	132969177	0.4808	-0.0202	0.0287	0.9695	0.0305	56306	1417791	0.0381969436203995	A	G	FALSE	0	1.56043288681338e-09	0	0	0	1.99840144432528e-15	0	3.35741e-05
rs76918874	6	132234103	0.5737	0.01	0.0178	0.9047	0.0953	49053	1411006	0.0335965875351613	A	G	FALSE	0	8.93496159768353e-10	0	0	0	2.22044604925031e-16	0	3.24725e-05
rs76926783	6	132859290	0.2327	-0.046	0.0385	0.9766	0.0234	49928	1411453	0.03416494398107	C	G	FALSE	0	3.24237152495871e-09	0	0	0	6.66133814775094e-16	0	6.81217e-05
rs76934481	6	132233638	0.5019	-0.0126	0.0188	0.211	0.211	30435	974587	0.0302829191798786	T	G	FALSE	0	1.00767807417449e-09	0	0	0	2.22044604925031e-16	0	3.04431e-05
rs76974923	6	132410513	0.01328	0.1134	0.0458	0.0186	0.0186	49053	1411006	0.0335965875351613	C	G	FALSE	0	3.54032214306324e-08	0	0	0	3.99680288865056e-15	0	0.000439106
rs76988041	6	132853899	0.3833	0.0158	0.0181	0.0765	0.0765	56306	1417791	0.0381969436203995	T	C	FALSE	0	1.1334942967834e-09	0	0	0	3.33066907387547e-16	0	5.72219e-05
rs77015476	6	134138895	0.7228	-0.0099	0.0278	0.0414	0.0414	56306	1417791	0.0381969436203995	C	G	FALSE	0	1.26268418317117e-09	0	0	0	3.10862446895044e-15	0	2.97508e-05
rs77017813	6	133178218	0.2705	-0.0504	0.0457	0.9831	0.0169	49580	1411478	0.0339343133537478	T	C	FALSE	0	3.42182014441529e-09	0	0	0	3.33066907387547e-16	0	5.56612e-05
rs77020716	6	133022853	0.4356	0.0149	0.0191	0.9253	0.0747	56306	1417791	0.0381969436203995	A	G	FALSE	0	1.10765540356087e-09	0	0	0	3.33066907387547e-16	0	3.3306e-05
rs77044119	6	133749548	0.7884	-0.0054	0.0201	0.0649	0.0649	50455	1411925	0.0345019762305283	T	C	FALSE	0	8.93139406410085e-10	0	0	0	2.22044604925031e-16	0	2.91206e-05
rs77051073	6	132591021	0.1623	0.033	0.0236	0.0536	0.0536	49053	1411006	0.0335965875351613	A	G	FALSE	0	2.64878420696788e-09	0	0	0	6.66133814775094e-16	0	7.18055e-05
rs77095238	6	133584252	0.6575	-0.0282	0.0636	0.016	0.016	35345	1315724	0.0261607660304544	A	G	FALSE	0	2.85560937463979e-09	0	0	0	1.4432899320127e-15	0	3.23441e-05
rs77103054	6	133136589	0.5115	0.0157	0.0239	0.0412	0.0412	56306	1417791	0.0381969436203995	T	C	FALSE	0	1.26500665712905e-09	0	0	0	2.22044604925031e-16	0	2.8908e-05
rs77168189	6	133524851	0.7456	0.0124	0.0381	0.0255	0.0255	50455	1411925	0.0345019762305283	A	G	FALSE	0	1.69734090834789e-09	0	0	0	2.22044604925031e-16	0	2.92186e-05
rs77182192	6	132313068	0.1837	-0.1077	0.081	0.0109	0.0109	16727	879305	0.0186678600764258	A	G	FALSE	0	6.91345550971339e-09	0	0	0	4.44089209850063e-16	0	6.29167e-05
rs77207425	6	133873334	0.2334	0.0681	0.0571	0.9887	0.0113	37688	981372	0.0369831020744608	C	G	FALSE	0	4.56669274939609e-09	0	0	0	5.55111512312578e-16	0	5.8595e-05
rs77236809	6	132426078	0.0093	-0.0521	0.02	0.0691	0.0691	49053	1411006	0.0335965875351613	T	C	FALSE	0	2.46737627228008e-08	0	0	0	3.88578058618805e-15	0	0.000396208
rs77249600	6	132865850	0.8614	-0.016	0.0916	0.0113	0.0113	15558	878337	0.0174047287433088	T	C	FALSE	0	3.63421718683483e-09	0	0	0	2.22044604925031e-16	0	2.85488e-05
rs77274149	6	133103831	0.4045	-0.1125	0.1349	0.99	0.01	9082	576295	0.0155147879059136	A	C	FALSE	0	6.12032827757764e-09	0	0	0	2.22044604925031e-16	0	4.07285e-05
rs77297490	6	132992388	0.8792	0.0036	0.0238	0.9418	0.0582	55137	1416823	0.0374582189733417	T	G	FALSE	0	1.02993932640794e-09	0	0	0	2.22044604925031e-16	0	2.887e-05
rs77297885	6	132491083	0.1862	0.0223	0.0169	0.9017	0.0983000000000001	56306	1417791	0.0381969436203995	T	C	FALSE	0	1.72240988048461e-09	0	0	0	4.44089209850063e-16	0	5.8407e-05
rs77306214	6	133786405	0.6927	0.0082	0.0208	0.936	0.064	50455	1411925	0.0345019762305283	T	G	FALSE	0	9.62728809819351e-10	0	0	0	5.55111512312578e-16	0	2.95426e-05
rs77309281	6	133677231	0.05882	-0.0284	0.015	0.1199	0.1199	56306	1417791	0.0381969436203995	A	C	FALSE	0	3.8310562461878e-09	0	0	0	6.66133814775094e-16	0	0.000206577
rs77325751	6	132879437	0.2386	0.0508	0.0431	0.9762	0.0238	49053	1411006	0.0335965875351613	A	C	FALSE	0	3.52604725922218e-09	0	0	0	4.44089209850063e-16	0	5.31921e-05
rs77338703	6	133964380	0.9297	-0.0044	0.0502	0.0273	0.0273	47495	840232	0.0535018085515029	T	G	FALSE	0	2.10569499032817e-09	0	0	0	2.22044604925031e-16	0	2.80093e-05
rs77350821	6	132758258	0.1369	0.1057	0.071	0.0144	0.0144	34176	1314756	0.0253355988292961	A	G	FALSE	0	7.71398042140179e-09	0	0	0	4.44089209850063e-16	0	5.18289e-05
rs77352399	6	132528018	0.7838	0.0067	0.0244	0.9427	0.0573	49053	1411006	0.0335965875351613	A	C	FALSE	0	1.0831873791909e-09	0	0	0	2.22044604925031e-16	0	2.77565e-05
rs7738071	6	133085116	0.9273	-0.0014	0.0155	0.1102	0.1102	56306	1417791	0.0381969436203995	A	G	FALSE	0	6.6862335691206e-10	0	0	0	1.33226762955019e-15	0	3.13042e-05
rs7738156	6	133413907	0.2922	0.0139	0.0132	0.8231	0.1769	50455	1411925	0.0345019762305283	A	G	FALSE	0	9.85742943172944e-10	0	0	0	5.55111512312578e-16	0	4.0003e-05
rs7738242	6	133981533	0.6016	-0.006	0.0115	0.2265	0.2265	56306	1417791	0.0381969436203995	T	C	FALSE	0	5.66611721912893e-10	0	0	0	3.33066907387547e-16	0	5.62496e-05
rs7738256	6	133113066	0.416	-0.0172	0.0211	0.9479	0.0521	56306	1417791	0.0381969436203995	C	G	FALSE	0	1.25595229328409e-09	0	0	0	3.33066907387547e-16	0	5.49135e-05
rs7738301	6	132900154	0.6907	-0.0144	0.0361	0.9646	0.0354	35345	1315724	0.0261607660304544	A	T	FALSE	0	1.65346763918608e-09	0	0	0	2.22044604925031e-16	0	3.10686e-05
rs7738569	6	133113237	0.5083	0.0145	0.022	0.0496	0.0496	56306	1417791	0.0381969436203995	T	C	FALSE	0	1.16788858203316e-09	0	0	0	3.5527136788005e-15	0	2.91227e-05
rs7738592	6	133413940	0.1887	-0.0176	0.0134	0.1721	0.1721	50455	1411925	0.0345019762305283	A	G	FALSE	0	1.3597195383857e-09	0	0	0	7.7715611723761e-16	0	9.10397e-05
rs7738600	6	132930379	0.5596	0.0209	0.0359	0.977	0.023	56306	1417791	0.0381969436203995	A	C	FALSE	0	1.79430743393852e-09	0	0	0	2.22044604925031e-16	0	3.22164e-05
rs7738705	6	132561782	0.2438	0.0131	0.0112	0.7281	0.2719	49053	1411006	0.0335965875351613	T	C	FALSE	0	9.52949883997209e-10	0	0	0	4.44089209850063e-16	0	6.50403e-05
rs7738716	6	132561805	0.2469	0.013	0.0112	0.728	0.272	49053	1411006	0.0335965875351613	T	C	FALSE	0	9.43118047340325e-10	0	0	0	4.44089209850063e-16	0	6.42758e-05
rs77388734	6	132971825	0.6269	0.0184	0.0378	0.0193	0.0193	50092	1411760	0.0342661226991515	T	C	FALSE	0	1.79447572123462e-09	0	0	0	2.22044604925031e-16	0	4.19989e-05
rs7738876	6	132716758	0.8463	-0.0042	0.0218	0.9301	0.0699	49053	1411006	0.0335965875351613	A	G	FALSE	0	9.51144418157373e-10	0	0	0	2.22044604925031e-16	0	2.95903e-05
rs7738973	6	133989674	0.606	0.0059	0.0115	0.7698	0.2302	56306	1417791	0.0381969436203995	T	C	FALSE	0	5.64076593584953e-10	0	0	0	2.22044604925031e-16	0	2.80401e-05
rs7739007	6	132598642	0.0852	-0.0418	0.0243	0.0455	0.0455	49053	1411006	0.0335965875351613	A	G	FALSE	0	4.46681022596371e-09	0	0	0	7.7715611723761e-16	0	0.000136615
rs7739052	6	134086768	0.6167	0.0056	0.0111	0.2427	0.2427	56306	1417791	0.0381969436203995	A	C	FALSE	0	5.42180649119442e-10	0	0	0	5.55111512312578e-16	0	2.82474e-05
rs7739104	6	134063880	0.916	0.0012	0.011	0.2456	0.2456	56306	1417791	0.0381969436203995	T	C	FALSE	0	4.76104714508e-10	0	0	0	2.22044604925031e-16	0	2.8572e-05
rs7739344	6	132541347	0.2223	0.0121	0.0099	0.5705	0.4295	56306	1417791	0.0381969436203995	A	G	FALSE	0	8.97595350035835e-10	0	0	0	8.88178419700125e-16	0	5.31707e-05
rs7739368	6	133042840	0.223	0.0378	0.031	0.9683	0.0317	49416	1411171	0.0338329726336055	A	C	FALSE	0	2.72823094342688e-09	0	0	0	4.44089209850063e-16	0	5.19594e-05
rs7739428	6	134087068	0.8344	-0.0026	0.0123	0.8132	0.1868	56306	1417791	0.0381969436203995	A	G	FALSE	0	5.40929533091183e-10	0	0	0	5.55111512312578e-16	0	3.24249e-05
rs7739499	6	132541408	0.1638	0.0139	0.01	0.5708	0.4292	56306	1417791	0.0381969436203995	A	G	FALSE	0	1.12810875993202e-09	0	0	0	4.44089209850063e-16	0	6.25237e-05
rs7739535	6	132234617	0.1129	-0.0179	0.0113	0.7464	0.2536	56306	1417791	0.0381969436203995	A	G	FALSE	0	1.69795047849682e-09	0	0	0	9.99200722162641e-16	0	0.000137252
rs7739700	6	132954963	0.9871	2e-04	0.0101	0.3805	0.3805	56306	1417791	0.0381969436203995	A	G	FALSE	0	4.34752879975429e-10	0	0	0	2.22044604925031e-16	0	2.93735e-05
rs7739826	6	134087010	0.6372	0.0052	0.0111	0.2429	0.2429	56306	1417791	0.0381969436203995	A	G	FALSE	0	5.327871688699e-10	0	0	0	3.10862446895044e-15	0	2.80856e-05
rs7739846	6	132745382	0.7268	0.0037	0.0104	0.695	0.305	56306	1417791	0.0381969436203995	T	G	FALSE	0	4.76701798566988e-10	0	0	0	2.22044604925031e-16	0	3.07397e-05
rs7740210	6	133367044	0.0188	0.0234	0.01	0.4945	0.4945	50455	1411925	0.0345019762305283	A	G	FALSE	0	6.60531242161666e-09	0	0	0	1.21902488103842e-13	0	9.75783e-05
rs77402595	6	133902219	0.8616	-0.0041	0.0236	0.0524	0.0524	56306	1417791	0.0381969436203995	A	C	FALSE	0	1.02509097349938e-09	0	0	0	2.22044604925031e-16	0	2.86084e-05
rs7740263	6	133366799	0.01815	-0.0235	0.0099	0.5059	0.4941	50455	1411925	0.0345019762305283	A	G	FALSE	0	7.08021627502654e-09	0	0	0	1.55431223447522e-15	0	0.00465496
rs7740291	6	133191318	0.06719	-0.0192	0.0105	0.6878	0.3122	56306	1417791	0.0381969436203995	C	G	FALSE	0	2.39361660171256e-09	0	0	0	1.22124532708767e-14	0	3.89793e-05
rs7740428	6	133240006	0.7211	0.0055	0.0154	0.8809	0.1191	50455	1411925	0.0345019762305283	T	C	FALSE	0	7.049533794098e-10	0	0	0	2.22044604925031e-16	0	2.83386e-05
rs77406578	6	132267116	0.5652	0.0241	0.0419	0.9833	0.0167	49053	1411006	0.0335965875351613	T	C	FALSE	0	2.0705913217778e-09	0	0	0	2.22044604925031e-16	0	3.12527e-05
rs7740690	6	132676725	0.7438	-0.0042	0.0128	0.1895	0.1895	49053	1411006	0.0335965875351613	C	G	FALSE	0	5.80758528141871e-10	0	0	0	2.22044604925031e-16	0	2.98483e-05
rs7740843	6	132654143	0.4196	0.0095	0.0118	0.2307	0.2307	56306	1417791	0.0381969436203995	T	C	FALSE	0	7.01091818937654e-10	0	0	0	4.44089209850063e-15	0	4.53291e-05
rs7740997	6	132411105	0.9131	0.0013	0.0119	0.7676	0.2324	49053	1411006	0.0335965875351613	C	G	FALSE	0	5.14933485764276e-10	0	0	0	2.22044604925031e-16	0	3.13097e-05
rs77410523	6	132644516	0.09351	-0.1072	0.0639	0.0112	0.0112	47884	1410038	0.032844006743845	T	G	FALSE	0	9.4041266866515e-09	0	0	0	8.88178419700125e-16	0	0.000137565
rs7741354	6	132520117	0.261	-0.0113	0.01	0.5089	0.4911	49053	1411006	0.0335965875351613	T	C	FALSE	0	8.13637392825957e-10	0	0	0	3.33066907387547e-16	0	4.1521e-05
rs7741839	6	133204782	0.1953	-0.0144	0.0111	0.7434	0.2566	56306	1417791	0.0381969436203995	T	C	FALSE	0	1.10503660915603e-09	0	0	0	4.10782519111308e-15	0	2.9157e-05
rs7741846	6	132936061	0.166	-0.0142	0.0103	0.4166	0.4166	56306	1417791	0.0381969436203995	A	G	FALSE	0	1.1436168377266e-09	0	0	0	6.66133814775094e-15	0	0.000323633
rs7741930	6	132935865	0.9097	-0.0039	0.0348	0.0207	0.0207	56306	1417791	0.0381969436203995	A	G	FALSE	0	1.48641061098771e-09	0	0	0	3.33066907387547e-16	0	2.7992e-05
rs77420412	6	133671790	0.06953	-0.0274	0.0151	0.1211	0.1211	56306	1417791	0.0381969436203995	A	C	FALSE	0	3.33481671389905e-09	0	0	0	5.55111512312578e-16	0	0.000176509
rs7742135	6	132340824	0.2449	-0.0139	0.012	0.7723	0.2277	49053	1411006	0.0335965875351613	C	G	FALSE	0	1.00716201745139e-09	0	0	0	7.7715611723761e-15	0	9.33284e-05
rs7742200	6	133031252	0.6014	0.0052	0.0099	0.3455	0.3455	56306	1417791	0.0381969436203995	A	C	FALSE	0	4.88939793181242e-10	0	0	0	2.22044604925031e-16	0	4.05056e-05
rs7742403	6	132936091	0.114	0.0162	0.0102	0.5852	0.4148	56306	1417791	0.0381969436203995	C	G	FALSE	0	1.5443878372768e-09	0	0	0	4.32986979603811e-15	0	3.71296e-05
rs7742430	6	132537650	0.05496	0.0197	0.0103	0.6455	0.3545	56306	1417791	0.0381969436203995	T	C	FALSE	0	2.747266675287e-09	0	0	0	8.88178419700125e-16	0	0.000142023
rs7742479	6	133981870	0.5634	0.0066	0.0114	0.7724	0.2276	56306	1417791	0.0381969436203995	A	G	FALSE	0	5.79612093157506e-10	0	0	0	2.22044604925031e-16	0	2.78883e-05
rs7743007	6	132730029	0.789	-0.0026	0.0095	0.4076	0.4076	56306	1417791	0.0381969436203995	T	C	FALSE	0	4.24474720724462e-10	0	0	0	2.22044604925031e-16	0	2.78276e-05
rs7743115	6	133839333	0.6773	0.0056	0.0134	0.8493	0.1507	56306	1417791	0.0381969436203995	A	C	FALSE	0	6.2845840713205e-10	0	0	0	2.22044604925031e-16	0	3.03036e-05
rs7743259	6	133680637	0.5428	0.0061	0.01	0.6226	0.3774	56306	1417791	0.0381969436203995	A	T	FALSE	0	5.18138708244024e-10	0	0	0	2.22044604925031e-16	0	3.90832e-05
rs7743456	6	132730301	0.859	0.0017	0.0095	0.5906	0.4094	56306	1417791	0.0381969436203995	C	G	FALSE	0	4.15490718606919e-10	0	0	0	2.22044604925031e-16	0	2.99644e-05
rs7743622	6	132730372	0.3781	0.009	0.0102	0.4152	0.4152	56306	1417791	0.0381969436203995	C	G	FALSE	0	6.47211210339031e-10	0	0	0	1.765254609154e-14	0	5.16497e-05
rs7743635	6	133166886	0.767	0.0036	0.0123	0.4306	0.4306	42598	1322509	0.0312048799105125	T	C	FALSE	0	5.52085131503145e-10	0	0	0	2.22044604925031e-16	0	5.39296e-05
rs7743835	6	132848277	0.1543	-0.0177	0.0124	0.1991	0.1991	50455	1411925	0.0345019762305283	T	G	FALSE	0	1.47138635006305e-09	0	0	0	6.66133814775094e-16	0	7.18343e-05
rs7744215	6	132241118	0.8861	-0.0016	0.0109	0.6771	0.3229	49053	1411006	0.0335965875351613	A	C	FALSE	0	4.74063727705055e-10	0	0	0	2.22044604925031e-16	0	2.9426e-05
rs7744266	6	133262211	0.7314	0.0054	0.0158	0.1196	0.1196	50455	1411925	0.0345019762305283	T	G	FALSE	0	7.19287612419252e-10	0	0	0	2.22044604925031e-16	0	2.84355e-05
rs7744426	6	133167258	0.3006	0.0103	0.0099	0.4164	0.4164	56306	1417791	0.0381969436203995	T	G	FALSE	0	7.31084337450197e-10	0	0	0	2.22044604925031e-16	0	0.000172707
rs77447727	6	134161026	0.3626	0.0677	0.0744	0.0103	0.0103	34688	1315038	0.0257000309692486	T	C	FALSE	0	4.32274434297931e-09	0	0	0	3.33066907387547e-16	0	5.6183e-05
rs7744878	6	132901520	0.7272	0.0045	0.0128	0.1918	0.1918	49286	1410957	0.0337519166330535	A	G	FALSE	0	5.85383771746503e-10	0	0	0	2.22044604925031e-16	0	2.89199e-05
rs7744961	6	133107503	0.4164	0.019	0.0233	0.0482	0.0482	56306	1417791	0.0381969436203995	T	C	FALSE	0	1.38445379724239e-09	0	0	0	3.33066907387547e-16	0	3.09466e-05
rs7745056	6	133350487	0.2182	-0.017	0.0138	0.1582	0.1582	50455	1411925	0.0345019762305283	A	G	FALSE	0	1.26242255906946e-09	0	0	0	3.33066907387547e-16	0	7.29346e-05
rs7745094	6	133064853	0.9541	0.0013	0.0234	0.9526	0.0474	55779	1417319	0.0378650979093041	T	C	FALSE	0	1.00302991360419e-09	0	0	0	1.77635683940025e-15	0	2.79693e-05
rs7745129	6	133586425	0.9013	0.0012	0.0098	0.5142	0.4858	56306	1417791	0.0381969436203995	A	G	FALSE	0	4.24954684753047e-10	0	0	0	3.10862446895044e-15	0	2.97465e-05
rs7745145	6	133864458	0.422	-0.008	0.01	0.3955	0.3955	56306	1417791	0.0381969436203995	A	G	FALSE	0	5.92208603176259e-10	0	0	0	3.33066907387547e-16	0	8.72884e-05
rs77451896	6	132497607	0.6177	0.0319	0.0638	0.9898	0.0102	35992	979932	0.0354278469649304	T	C	FALSE	0	2.93385727994151e-09	0	0	0	2.22044604925031e-16	0	3.86666e-05
rs7745230	6	132718231	0.9194	-0.001	0.0099	0.5287	0.4713	55137	1416823	0.0374582189733417	A	G	FALSE	0	4.28255712621478e-10	0	0	0	3.33066907387547e-16	0	2.83079e-05
rs7745308	6	132894428	0.4173	-0.0242	0.0299	0.9706	0.0294	49053	1411006	0.0335965875351613	T	G	FALSE	0	1.75548724195018e-09	0	0	0	2.22044604925031e-16	0	3.73819e-05
rs7745318	6	133864559	0.3686	-0.0115	0.0128	0.172	0.172	56306	1417791	0.0381969436203995	A	G	FALSE	0	8.22764686554675e-10	0	0	0	2.22044604925031e-16	0	4.28144e-05
rs7745571	6	132600453	0.6999	-0.0047	0.0121	0.2269	0.2269	50092	1411760	0.0342661226991515	T	C	FALSE	0	5.61079542295236e-10	0	0	0	1.4432899320127e-15	0	2.85121e-05
rs7745576	6	132228633	0.09156	0.0191	0.0113	0.2541	0.2541	56306	1417791	0.0381969436203995	T	C	FALSE	0	2.01925221569662e-09	0	0	0	9.32587340685131e-15	0	8.40754e-05
rs7745773	6	133240936	0.7413	-0.0051	0.0154	0.12	0.12	50455	1411925	0.0345019762305283	A	T	FALSE	0	6.98716616227141e-10	0	0	0	5.55111512312578e-16	0	3.14065e-05
rs7745875	6	132417564	0.008884	-0.0522	0.02	0.0691	0.0691	49053	1411006	0.0335965875351613	A	G	FALSE	0	2.49943264461182e-08	0	0	0	3.88578058618805e-15	0	0.000400675
rs7745902	6	132836473	0.7456	0.0038	0.0117	0.2661	0.2661	49053	1411006	0.0335965875351613	T	C	FALSE	0	5.30470382570422e-10	0	0	0	1.33226762955019e-15	0	2.88105e-05
rs7746071	6	132228990	0.096	-0.0189	0.0113	0.7469	0.2531	56306	1417791	0.0381969436203995	A	G	FALSE	0	1.96023110373342e-09	0	0	0	1.66533453693773e-14	0	0.000161793
rs7746271	6	133957692	0.2698	-0.0115	0.0104	0.3345	0.3345	56306	1417791	0.0381969436203995	A	C	FALSE	0	8.23439479205079e-10	0	0	0	4.66293670342566e-15	0	5.09703e-05
rs7746298	6	133551344	0.06195	0.0226	0.0121	0.7932	0.2068	56306	1417791	0.0381969436203995	A	G	FALSE	0	2.95903212752283e-09	0	0	0	7.99360577730113e-15	0	0.000125514
rs7746390	6	133486334	0.2754	-0.014	0.0128	0.195	0.195	50455	1411925	0.0345019762305283	T	C	FALSE	0	9.98671778350105e-10	0	0	0	2.22044604925031e-16	0	6.21278e-05
rs7746504	6	132764057	0.4336	0.0103	0.0131	0.8152	0.1848	49053	1411006	0.0335965875351613	T	C	FALSE	0	7.66299865588087e-10	0	0	0	7.7715611723761e-16	0	3.81318e-05
rs7746784	6	134161847	0.3018	0.0197	0.0191	0.1088	0.1088	56306	1417791	0.0381969436203995	T	G	FALSE	0	1.38793028527134e-09	0	0	0	6.88338275267597e-15	0	8.21584e-05
rs7746951	6	132964944	0.714	-0.0079	0.0217	0.9485	0.0515	56306	1417791	0.0381969436203995	T	C	FALSE	0	9.92550497292925e-10	0	0	0	2.22044604925031e-16	0	3.21315e-05
rs7747163	6	133633665	0.5267	0.0097	0.0153	0.1213	0.1213	49565	1411288	0.0339288073474881	T	C	FALSE	0	8.02760134743084e-10	0	0	0	2.22044604925031e-16	0	2.85953e-05
rs77471976	6	132879852	0.2355	0.0178	0.015	0.8646	0.1354	50455	1411925	0.0345019762305283	T	C	FALSE	0	1.29817721724345e-09	0	0	0	4.44089209850063e-16	0	5.60639e-05
rs7747305	6	133245037	0.861	0.0027	0.0154	0.8809	0.1191	50455	1411925	0.0345019762305283	C	G	FALSE	0	6.71833701048686e-10	0	0	0	2.22044604925031e-16	0	2.78076e-05
rs7747402	6	133053063	0.3596	-0.0092	0.0101	0.5122	0.4878	49053	1411006	0.0335965875351613	T	C	FALSE	0	6.57462807939829e-10	0	0	0	4.55191440096314e-15	0	0.000115076
rs7747410	6	134198817	0.00917	-0.0441	0.0169	0.902	0.098	50455	1411925	0.0345019762305283	A	G	FALSE	0	2.1324222310087e-08	0	0	0	5.10702591327572e-15	0	0.000585454
rs7747507	6	134199137	0.06498	0.0469	0.0254	0.0422	0.0422	56306	1417791	0.0381969436203995	A	G	FALSE	0	5.81218455585365e-09	0	0	0	8.88178419700125e-16	0	0.000146607
rs7747513	6	132988106	0.6578	0.0046	0.0104	0.6656	0.3344	56306	1417791	0.0381969436203995	T	G	FALSE	0	4.93404925352265e-10	0	0	0	5.55111512312578e-16	0	2.81765e-05
rs7747544	6	133083199	0.9314	0.0029	0.0334	0.9776	0.0224	56306	1417791	0.0381969436203995	T	C	FALSE	0	1.42480428216963e-09	2	1	0	2.22044604925031e-16	0	2.87751e-05
rs7747551	6	132284167	0.06903	-0.0217	0.012	0.773	0.227	49053	1411006	0.0335965875351613	A	T	FALSE	0	2.63226478195958e-09	0	0	0	3.21964677141295e-15	0	0.000218809
rs7747601	6	132276904	0.08676	-0.0232	0.0136	0.8216	0.1784	49053	1411006	0.0335965875351613	A	G	FALSE	0	2.48842108251477e-09	0	0	0	1.69864122767649e-14	0	0.000200274
rs7747638	6	133603821	0.03308	0.0311	0.0146	0.1363	0.1363	49053	1411006	0.0335965875351613	T	C	FALSE	0	5.99331613786437e-09	0	0	0	5.55111512312578e-16	0	0.000965894
rs7748412	6	132400132	0.77	0.0035	0.012	0.7686	0.2314	49053	1411006	0.0335965875351613	A	C	FALSE	0	5.38513369543398e-10	0	0	0	2.22044604925031e-16	0	3.46959e-05
rs7748518	6	132277218	0.1666	0.0184	0.0133	0.1877	0.1877	49053	1411006	0.0335965875351613	A	G	FALSE	0	1.48273498777904e-09	0	0	0	4.44089209850063e-16	0	4.88768e-05
rs7748859	6	132518355	0.2623	-0.0112	0.01	0.5105	0.4895	49053	1411006	0.0335965875351613	A	G	FALSE	0	8.04557839052985e-10	0	0	0	3.33066907387547e-16	0	4.11653e-05
rs7748902	6	132931921	0.08728	0.019	0.0111	0.3101	0.3101	50455	1411925	0.0345019762305283	T	C	FALSE	0	2.05741885787874e-09	0	0	0	4.44089209850063e-16	0	4.46269e-05
rs7748903	6	132931926	0.08456	-0.0192	0.0111	0.6905	0.3095	50455	1411925	0.0345019762305283	C	G	FALSE	0	2.12200412850383e-09	0	0	0	2.66453525910038e-15	0	0.000591852
rs7748926	6	133489590	0.2788	-0.0136	0.0126	0.1975	0.1975	50455	1411925	0.0345019762305283	A	T	FALSE	0	9.68015562659258e-10	0	0	0	2.22044604925031e-16	0	5.85933e-05
rs77491071	6	133172055	0.8064	-0.0067	0.0274	0.0324	0.0324	56306	1417791	0.0381969436203995	A	G	FALSE	0	1.20461028067088e-09	0	0	0	5.55111512312578e-16	0	3.57441e-05
rs7749352	6	132606245	0.1252	0.0418	0.0272	0.0369	0.0369	49053	1411006	0.0335965875351613	C	G	FALSE	0	3.70246006560929e-09	0	0	0	7.7715611723761e-16	0	9.18963e-05
rs7749405	6	132932318	0.6982	-0.0068	0.0176	0.9075	0.0925	56306	1417791	0.0381969436203995	A	G	FALSE	0	8.13565942820479e-10	0	0	0	2.22044604925031e-16	0	3.13646e-05
rs7749419	6	133168093	0.3724	0.0087	0.0098	0.4301	0.4301	56306	1417791	0.0381969436203995	T	C	FALSE	0	6.24914175756603e-10	0	0	0	2.22044604925031e-16	0	0.000129372
rs7749529	6	133827629	0.591	-0.0071	0.0132	0.1575	0.1575	56306	1417791	0.0381969436203995	T	C	FALSE	0	6.55496692765532e-10	0	0	0	2.22044604925031e-16	0	3.17824e-05
rs7749675	6	134032395	0.8363	-0.0024	0.0118	0.8008	0.1992	56306	1417791	0.0381969436203995	T	C	FALSE	0	5.18165303604206e-10	0	0	0	2.22044604925031e-16	0	3.23163e-05
rs7749769	6	133682058	0.6629	-0.0145	0.0332	0.0258	0.0258	50455	1411925	0.0345019762305283	C	G	FALSE	0	1.54858192917979e-09	0	0	0	2.22044604925031e-16	0	3.07143e-05
rs7749773	6	133682062	0.6134	-0.0168	0.0333	0.0257	0.0257	50455	1411925	0.0345019762305283	A	G	FALSE	0	1.60204270198265e-09	0	0	0	2.22044604925031e-16	0	3.1784e-05
rs7749832	6	132417775	0.9709	-4e-04	0.0121	0.2292	0.2292	49053	1411006	0.0335965875351613	T	C	FALSE	0	5.2073609713217e-10	0	0	0	2.22044604925031e-16	0	2.94861e-05
rs7749849	6	132836576	0.6601	-0.0062	0.0141	0.176	0.176	49565	1411288	0.0339288073474881	T	C	FALSE	0	6.67282314789472e-10	0	0	0	1.4432899320127e-15	0	2.97088e-05
rs7749855	6	132242249	0.6426	-0.0149	0.0322	0.973	0.027	47884	1410038	0.032844006743845	A	G	FALSE	0	1.52058018797942e-09	0	0	0	2.22044604925031e-16	0	3.0327e-05
rs7749931	6	132836769	0.8431	0.0022	0.011	0.6724	0.3276	56306	1417791	0.0381969436203995	A	G	FALSE	0	4.82820540790196e-10	0	0	0	1.33226762955019e-15	0	2.92027e-05
rs77499874	6	132916741	0.6346	0.0183	0.0385	0.0299	0.0299	49053	1411006	0.0335965875351613	T	C	FALSE	0	1.81658869661774e-09	0	0	0	2.22044604925031e-16	0	3.16244e-05
rs7750036	6	132513018	0.05983	-0.1451	0.0771	0.9888	0.0112	15699	878316	0.0175601080518783	C	G	FALSE	0	1.44858947720657e-08	0	0	0	7.7715611723761e-16	0	8.4343e-05
rs7750176	6	133168463	0.2567	0.0115	0.0102	0.4301	0.4301	56306	1417791	0.0381969436203995	A	G	FALSE	0	8.27437209008287e-10	0	0	0	2.22044604925031e-16	0	0.000203779
rs7750218	6	133469313	0.2391	-0.0149	0.0126	0.1965	0.1965	50455	1411925	0.0345019762305283	A	G	FALSE	0	1.08732130613656e-09	0	0	0	3.33066907387547e-16	0	7.28893e-05
rs7750244	6	133682491	0.4793	0.0079	0.0112	0.2588	0.2588	56306	1417791	0.0381969436203995	T	C	FALSE	0	6.17485255355169e-10	0	0	0	2.22044604925031e-16	0	4.71846e-05
rs7750279	6	133469514	0.2355	-0.015	0.0126	0.195	0.195	50455	1411925	0.0345019762305283	A	C	FALSE	0	1.09756781741659e-09	0	0	0	3.33066907387547e-16	0	7.5487e-05
rs7750376	6	133469380	0.2377	-0.0149	0.0127	0.1956	0.1956	50455	1411925	0.0345019762305283	C	G	FALSE	0	1.08396252892823e-09	0	0	0	3.33066907387547e-16	0	7.166e-05
rs7750379	6	133879224	0.2128	-0.0165	0.0132	0.1615	0.1615	56306	1417791	0.0381969436203995	A	T	FALSE	0	1.23549316026022e-09	0	0	0	3.33066907387547e-16	0	6.094e-05
rs7750428	6	133970927	0.5942	-0.0061	0.0114	0.2287	0.2287	56306	1417791	0.0381969436203995	A	G	FALSE	0	5.65668149982707e-10	0	0	0	3.33066907387547e-16	0	5.73435e-05
rs7750935	6	132749484	0.9944	1e-04	0.0097	0.6055	0.3945	56306	1417791	0.0381969436203995	A	G	FALSE	0	4.17516662075099e-10	0	0	0	2.22044604925031e-16	0	2.8331e-05
rs7751333	6	133163365	0.3925	-0.0084	0.0098	0.5836	0.4164	56306	1417791	0.0381969436203995	C	G	FALSE	0	6.08484032360636e-10	0	0	0	8.88178419700125e-16	0	2.84383e-05
rs7751359	6	133163460	0.4224	-0.0079	0.0098	0.5837	0.4163	56306	1417791	0.0381969436203995	A	G	FALSE	0	5.83265254391477e-10	0	0	0	8.88178419700125e-16	0	2.84438e-05
rs7751379	6	133447855	0.5762	0.0059	0.0106	0.6578	0.3422	50455	1411925	0.0345019762305283	T	G	FALSE	0	5.32318364261835e-10	0	0	0	9.99200722162641e-16	0	2.95662e-05
rs7751625	6	134076583	0.09153	-0.3291	0.1951	0.0104	0.0104	6248	4391	0.587273239966162	A	G	FALSE	0	1.24751716520387e-08	0	0	0	6.66133814775094e-16	0	0.000144939
rs7751879	6	133089557	0.1692	-0.0138	0.01	0.5769	0.4231	56306	1417791	0.0381969436203995	T	C	FALSE	0	1.11263058223585e-09	0	0	0	1.07913677993565e-13	0	3.36249e-05
rs7752016	6	133059514	0.3636	-0.0092	0.0101	0.4628	0.4628	49053	1411006	0.0335965875351613	T	C	FALSE	0	6.57462807939829e-10	0	0	0	7.7715611723761e-16	0	0.000133036
rs7752092	6	132561362	0.2191	0.0139	0.0113	0.7303	0.2697	49053	1411006	0.0335965875351613	A	G	FALSE	0	1.03347361773258e-09	0	0	0	5.55111512312578e-16	0	7.05441e-05
rs77522425	6	133631458	0.9011	0.007	0.0565	0.9841	0.0159	35345	1315724	0.0261607660304544	A	G	FALSE	0	2.35967157677357e-09	0	0	0	2.22044604925031e-16	0	2.78453e-05
rs7752454	6	132404282	0.1626	0.0215	0.0154	0.8771	0.1229	49580	1411478	0.0339343133537478	T	G	FALSE	0	1.74331026183727e-09	0	0	0	5.55111512312578e-16	0	7.07915e-05
rs7752691	6	133296594	0.9453	-0.0022	0.0314	0.9726	0.0274	49565	1411288	0.0339288073474881	A	G	FALSE	0	1.33989769981759e-09	0	0	0	2.22044604925031e-16	0	2.78563e-05
rs7752775	6	134172346	0.4643	-0.0076	0.0104	0.7155	0.2845	56306	1417791	0.0381969436203995	C	G	FALSE	0	5.8409737517647e-10	0	0	0	2.22044604925031e-16	0	2.81676e-05
rs7752905	6	133506506	0.105	0.0196	0.0121	0.78	0.22	50455	1411925	0.0345019762305283	T	G	FALSE	0	1.9233942089518e-09	0	0	0	1.3988810110277e-14	0	0.000100111
rs7753048	6	132217687	0.9744	6e-04	0.0172	0.1058	0.1058	49053	1411006	0.0335965875351613	T	C	FALSE	0	7.38890145609485e-10	0	0	0	2.22044604925031e-16	0	2.83311e-05
rs7753057	6	134077470	0.4472	0.0517	0.068	0.0101	0.0101	22811	885122	0.0251241005668921	T	C	FALSE	0	3.59466602553858e-09	0	0	0	3.33066907387547e-16	0	3.78174e-05
rs7753506	6	133976714	0.5572	0.0067	0.0114	0.771	0.229	56306	1417791	0.0381969436203995	A	C	FALSE	0	5.82575891502081e-10	0	0	0	2.22044604925031e-16	0	2.78753e-05
rs7753595	6	133086519	0.1907	0.03	0.0229	0.0483	0.0483	56306	1417791	0.0381969436203995	T	C	FALSE	0	2.28688856252554e-09	0	0	0	1.11022302462516e-15	0	4.46804e-05
rs7753629	6	133775925	0.7072	-0.0054	0.0143	0.2707	0.2707	36747	1316643	0.0271518187662093	A	G	FALSE	0	6.59819889429927e-10	0	0	0	2.22044604925031e-16	0	2.7808e-05
rs7753725	6	132722831	0.828	-0.0022	0.0099	0.5159	0.4841	56306	1417791	0.0381969436203995	T	C	FALSE	0	4.36706974667659e-10	0	0	0	1.33226762955019e-15	0	2.8013e-05
rs7754123	6	132667232	0.9482	-0.0028	0.0426	0.0152	0.0152	49580	1411478	0.0339343133537478	T	C	FALSE	0	1.79912533410665e-09	0	0	0	5.55111512312578e-16	0	2.79094e-05
rs7754356	6	132985974	0.9442	-7e-04	0.01	0.5977	0.4023	56306	1417791	0.0381969436203995	A	G	FALSE	0	4.31428086932231e-10	0	0	0	2.22044604925031e-16	0	2.90273e-05
rs7754486	6	133469585	0.3963	-0.0108	0.0128	0.1904	0.1904	50455	1411925	0.0345019762305283	T	G	FALSE	0	7.84641266362425e-10	0	0	0	2.22044604925031e-16	0	4.49378e-05
rs7754501	6	133527572	0.09258	0.0208	0.0123	0.7927	0.2073	50455	1411925	0.0345019762305283	A	G	FALSE	0	2.19839123407015e-09	0	0	0	2.22044604925031e-15	0	9.35872e-05
rs7754561	6	132212694	0.1282	-0.0173	0.0114	0.7403	0.2597	56306	1417791	0.0381969436203995	A	G	FALSE	0	1.54542225680899e-09	0	0	0	5.55111512312578e-16	0	8.42e-05
rs7754586	6	132212742	0.1433	-0.0185	0.0126	0.7922	0.2078	49053	1411006	0.0335965875351613	A	C	FALSE	0	1.58550806762628e-09	0	0	0	7.7715611723761e-16	0	8.53718e-05
rs7754604	6	132903065	0.8434	-0.0033	0.0166	0.1053	0.1053	49053	1411006	0.0335965875351613	T	C	FALSE	0	7.26991560761575e-10	0	0	0	3.33066907387547e-16	0	3.92391e-05
rs7754859	6	132212808	0.1325	0.0172	0.0114	0.2599	0.2599	56306	1417791	0.0381969436203995	T	C	FALSE	0	1.52511047317386e-09	0	0	0	1.33226762955019e-15	0	9.03906e-05
rs7754860	6	132896041	0.942	0.0019	0.0258	0.9647	0.0353	56306	1417791	0.0381969436203995	A	G	FALSE	0	1.10556306893595e-09	0	0	0	2.22044604925031e-16	0	2.89624e-05
rs7754913	6	132381855	0.1427	0.0214	0.0146	0.863	0.137	49053	1411006	0.0335965875351613	T	G	FALSE	0	1.82659123076694e-09	0	0	0	6.66133814775094e-16	0	7.92195e-05
rs7754992	6	132749585	0.9167	-0.001	0.0097	0.3943	0.3943	56306	1417791	0.0381969436203995	T	C	FALSE	0	4.19713790205816e-10	0	0	0	2.22044604925031e-16	0	2.78773e-05
rs7755058	6	133968448	0.08363	0.0733	0.0424	0.9842	0.0158	37688	981372	0.0369831020744608	T	C	FALSE	0	7.46920315819582e-09	0	0	0	8.88178419700125e-16	0	9.9532e-05
rs77550582	6	133060426	0.7697	-0.0071	0.0242	0.046	0.046	55779	1417319	0.0378650979093041	A	G	FALSE	0	1.08011506220314e-09	0	0	0	5.55111512312578e-16	0	3.10464e-05
