SNP	CHR	POS	P	Effect	StdErr	Freq	MAF	N_cases	N_controls	proportion_cases	A1	A2	leadSNP	FINEMAP.Credible_Set	FINEMAP.Probability	ABF.Credible_Set	ABF.PP	SUSIE.Credible_Set	SUSIE.PP	POLYFUN_SUSIE.Credible_Set	POLYFUN_SUSIE.PP
rs1001848	1	155047379	3.518e-07	-0.0478	0.0094	0.5166	0.4834	56306	1417791	0.0381969436203995	A	C	FALSE	0	1.82517e-122	0	4.2759897168332e-62	0	0	0	0
rs10047079	1	154468135	0.05237	-0.0227	0.0117	0.8004	0.1996	56306	1417791	0.0381969436203995	T	C	FALSE	0	5.79058e-124	0	8.66482607876503e-67	0	0	0	0
rs10047112	1	156045662	0.148	0.0175	0.0121	0.5966	0.4034	42598	1322509	0.0312048799105125	A	G	FALSE	0	1.01346e-123	0	3.89271785019208e-67	0	0	0	0
rs1007170	1	154881461	0.1006	0.0158	0.0096	0.4047	0.4047	56306	1417791	0.0381969436203995	A	G	FALSE	0	3.55547e-123	0	4.21041622618039e-67	0	0	0	0
rs1007839	1	154579534	0.8876	-0.0071	0.0502	0.9866	0.0134	56306	1417791	0.0381969436203995	T	C	FALSE	0	2.74063e-124	0	5.58762753306133e-67	0	0	0	0
rs1010033	1	155917880	0.7085	0.0066	0.0176	0.9202	0.0798	56306	1417791	0.0381969436203995	A	T	FALSE	0	2.30518e-123	0	2.13719181936561e-67	0	0	0	0
rs1010225	1	154792825	0.1703	0.0194	0.0142	0.2489	0.2489	42598	1322509	0.0312048799105125	A	T	FALSE	0	3.60039e-124	0	4.07541668692698e-67	0	0	0	0
rs10128027	1	154691445	0.01459	0.0256	0.0105	0.6764	0.3236	37688	981372	0.0369831020744608	T	C	FALSE	0	1.88831e-123	0	2.30960699665982e-66	0	0	0	0
rs10157801	1	155120012	1.502e-05	0.0417	0.0096	0.606	0.394	56306	1417791	0.0381969436203995	A	G	FALSE	0	7.19465e-116	0	1.33421973712152e-63	0	0	0	0
rs10158206	1	156102438	0.00524	0.058	0.0208	0.055	0.055	55137	1416823	0.0374582189733417	T	C	FALSE	0	1.04576e-119	0	1.10102481005252e-65	0	0	0	0
rs10158536	1	156016884	0.5836	0.024	0.0437	0.9854	0.0145999999999999	56306	1417791	0.0381969436203995	A	G	FALSE	0	5.61011e-124	0	5.60492640650549e-67	0	0	0	0
rs10158820	1	154217763	0.02705	-0.0213	0.0096	0.4385	0.4385	56306	1417791	0.0381969436203995	T	C	FALSE	0	6.77396e-124	0	1.27058033744548e-66	0	0	0	0
rs10159236	1	154431405	0.7939	-0.0033	0.0125	0.1663	0.1663	56306	1417791	0.0381969436203995	A	C	FALSE	0	1.54531e-122	0	1.46839572374492e-67	0	0	0	0
rs10159320	1	156102476	0.003652	0.0503	0.0173	0.0783	0.0783	56306	1417791	0.0381969436203995	A	G	FALSE	0	2.72649e-123	0	1.30071841916581e-65	0	0	0	0
rs1018730	1	155910830	0.7476	0.0057	0.0178	0.9204	0.0796	55137	1416823	0.0374582189733417	A	G	FALSE	0	3.17054e-123	0	2.12081679298739e-67	0	0	0	0
rs10218433	1	154330183	0.7226	-0.0039	0.0109	0.7122	0.2878	56306	1417791	0.0381969436203995	T	C	FALSE	0	1.18648e-123	0	1.31887460197368e-67	0	0	0	0
rs1027809	1	154656371	0.5281	-0.0106	0.0168	0.0954	0.0954	56306	1417791	0.0381969436203995	C	G	FALSE	0	6.6152e-124	0	2.31914318548363e-67	0	0	0	0
rs1044013	1	154243115	0.009971	0.0249	0.0097	0.5316	0.4684	56306	1417791	0.0381969436203995	T	C	FALSE	0	1.95947e-119	0	2.94787274464255e-66	0	0	0	0
rs1045253	1	155201235	0.5136	-0.0067	0.0103	0.2957	0.2957	55137	1416823	0.0374582189733417	A	G	FALSE	0	1.22524e-123	0	1.44412596281389e-67	0	0	0	0
rs10458626	1	155281689	0.1355	-0.0819	0.0548	0.0158	0.0158	41978	1322210	0.0307714186021282	A	G	FALSE	0	1.22327e-123	0	1.697915816857e-66	0	0	0	0
rs1046188	1	155232074	0.936	-9e-04	0.0108	0.2518	0.2518	56306	1417791	0.0381969436203995	T	C	FALSE	0	5.2345e-124	0	1.23026687096144e-67	0	0	0	0
rs10494300	1	154726546	0.6491	-0.0048	0.0105	0.3883	0.3883	50455	1411925	0.0345019762305283	C	G	FALSE	0	2.73668e-124	0	1.32297150552342e-67	0	0	0	0
rs10494301	1	154701218	0.1956	0.0156	0.012	0.3431	0.3431	29389	404095	0.067797196667005	T	C	FALSE	0	1.62154e-119	0	3.16058622814848e-67	0	0	0	0
rs1051614	1	154744807	0.9892	-1e-04	0.0107	0.3849	0.3849	49286	1410957	0.0337519166330535	C	G	FALSE	0	5.52609e-124	0	1.21474835444731e-67	0	0	0	0
rs1051614	1	154744807	0.9892	-1e-04	0.0107	0.3849	0.3849	49286	1410957	0.0337519166330535	C	G	FALSE	0	5.52609e-124	0	1.21474835444731e-67	0	0	0	0
rs1051614	1	154744807	0.9892	-1e-04	0.0107	0.3849	0.3849	49286	1410957	0.0337519166330535	C	G	FALSE	0	5.52609e-124	0	1.21474835444731e-67	0	0	0	0
rs1051614	1	154744807	0.9892	-1e-04	0.0107	0.3849	0.3849	49286	1410957	0.0337519166330535	C	G	FALSE	0	5.52609e-124	0	1.21474835444731e-67	0	0	0	0
rs1052176	1	155260383	0.9503	-7e-04	0.0107	0.2574	0.2574	56306	1417791	0.0381969436203995	T	G	FALSE	0	5.25972e-124	0	1.21729016218487e-67	0	0	0	0
rs1052177	1	155260350	0.9618	5e-04	0.0107	0.7425	0.2575	56306	1417791	0.0381969436203995	A	G	FALSE	0	4.67778e-124	0	1.21601859418308e-67	0	0	0	0
rs1055184	1	155868984	0.9941	1e-04	0.0176	0.0792	0.0792	56306	1417791	0.0381969436203995	T	C	FALSE	0	6.60274e-123	0	1.99319039124132e-67	0	0	0	0
rs1061122	1	154832290	0.04598	-0.023	0.0115	0.2252	0.2252	56306	1417791	0.0381969436203995	T	C	FALSE	0	6.92879e-123	0	9.58102576072869e-67	0	0	0	0
rs10737169	1	154653704	0.4789	-0.012	0.0169	0.0963	0.0963	56306	1417791	0.0381969436203995	T	C	FALSE	0	5.72555e-124	0	2.45896293265967e-67	0	0	0	0
rs10737170	1	156063880	1.072e-10	-0.0995	0.0154	0.8981	0.1019	56306	1417791	0.0381969436203995	A	C	FALSE	0	3.05385e-112	0	1.7919656905697e-58	0	0	0	0
rs10737174	1	154158882	0.1377	-0.0406	0.0273	0.0406	0.0406	56306	1417791	0.0381969436203995	C	G	FALSE	0	7.9188e-124	0	9.10623037040149e-67	0	0	0	0
rs1073907	1	154332520	0.7735	0.0031	0.0108	0.2894	0.2894	56306	1417791	0.0381969436203995	T	C	FALSE	0	4.35848e-124	0	1.27742245674472e-67	0	0	0	0
rs10752605	1	154627213	0.01629	-0.0368	0.0153	0.1246	0.1246	56306	1417791	0.0381969436203995	A	G	FALSE	0	2.77771e-124	0	3.07640605710614e-66	0	0	0	0
rs10752606	1	154711080	0.9477	-0.0015	0.0225	0.8181	0.1819	17766	880059	0.0197878205663687	A	T	FALSE	0	7.86301e-121	0	2.54746838308701e-67	0	0	0	0
rs10752607	1	154716803	0.2129	-0.0149	0.012	0.7774	0.2226	49943	1411643	0.0341704148780845	A	G	FALSE	0	7.11723e-124	0	2.93554022355224e-67	0	0	0	0
rs10752608	1	154753201	0.6112	0.0053	0.0104	0.4184	0.4184	50455	1411925	0.0345019762305283	A	C	FALSE	0	2.73357e-124	0	1.34398368708636e-67	0	0	0	0
rs10752609	1	154791128	0.08951	-0.0167	0.0098	0.47	0.47	56306	1417791	0.0381969436203995	A	G	FALSE	0	1.18211e-123	0	4.73665593018631e-67	0	0	0	0
rs10752610	1	155418113	0.4488	-0.032	0.0423	0.0161	0.0161	56306	1417791	0.0381969436203995	T	C	FALSE	0	3.48462e-121	0	6.18718722841099e-67	0	0	0	0
rs10752611	1	155509107	0.447	0.008	0.0105	0.2651	0.2651	56306	1417791	0.0381969436203995	T	C	FALSE	0	1.79355e-122	0	1.59222019553336e-67	0	0	0	0
rs10752614	1	155995809	0.4997	-0.0344	0.0509	0.015	0.015	42598	1322509	0.0312048799105125	A	G	FALSE	0	2.73715e-124	0	6.9493378803755e-67	0	0	0	0
rs10752641	1	154432042	0.09095	-0.019	0.0112	0.7648	0.2352	56306	1417791	0.0381969436203995	C	G	FALSE	0	1.18413e-122	0	5.3359317572846e-67	0	0	0	0
rs10752642	1	154481624	0.8131	0.003	0.0125	0.831	0.169	56306	1417791	0.0381969436203995	T	C	FALSE	0	9.27394e-122	0	1.4595760159671e-67	0	0	0	0
rs10752643	1	154503601	0.7827	0.0035	0.0126	0.8296	0.1704	56306	1417791	0.0381969436203995	A	G	FALSE	0	1.00853e-121	0	1.48560589739145e-67	0	0	0	0
rs1076556	1	155234821	0.9012	0.0013	0.0108	0.7472	0.2528	56306	1417791	0.0381969436203995	A	G	FALSE	0	1.59709e-123	0	1.23490301533542e-67	0	0	0	0
rs1078699	1	155235493	0.8288	0.0023	0.0108	0.7482	0.2518	56306	1417791	0.0381969436203995	T	C	FALSE	0	4.61309e-122	0	1.25405169633361e-67	0	0	0	0
rs10796927	1	154630498	0.9895	-1e-04	0.0108	0.7249	0.2751	56306	1417791	0.0381969436203995	T	C	FALSE	0	2.90496e-122	0	1.22606729973458e-67	0	0	0	0
rs10796931	1	154652119	0.8823	-0.0015	0.0099	0.5035	0.4965	56306	1417791	0.0381969436203995	A	G	FALSE	0	1.98161e-123	0	1.13705345373011e-67	0	0	0	0
rs10796932	1	154771063	0.9877	-2e-04	0.0157	0.8719	0.1281	50455	1411925	0.0345019762305283	A	C	FALSE	0	6.8062e-123	0	1.77952845413528e-67	0	0	0	0
rs10796933	1	154789036	0.0944	-0.0165	0.0099	0.4636	0.4636	56306	1417791	0.0381969436203995	T	C	FALSE	0	9.4486e-124	0	4.4928351738624e-67	0	0	0	0
rs10796934	1	154849479	0.04922	0.019	0.0097	0.4318	0.4318	56306	1417791	0.0381969436203995	C	G	FALSE	0	8.4288e-124	0	7.46707970180708e-67	0	0	0	0
rs10796935	1	154891363	0.04777	0.0189	0.0095	0.4365	0.4365	56306	1417791	0.0381969436203995	T	G	FALSE	0	9.0983e-124	0	7.77094184715363e-67	0	0	0	0
rs10796936	1	154999514	0.6179	0.0062	0.0124	0.3461	0.3461	42598	1322509	0.0312048799105125	A	T	FALSE	0	2.88055e-124	0	1.59357230515601e-67	0	0	0	0
rs10796937	1	155017385	0.3637	-0.009	0.0099	0.6078	0.3922	56306	1417791	0.0381969436203995	A	T	FALSE	0	5.839e-124	0	1.69757876101261e-67	0	0	0	0
rs10796938	1	155072055	3.829e-08	-0.0517	0.0094	0.4903	0.4903	56306	1417791	0.0381969436203995	A	C	FALSE	0	5.48986e-124	0	3.82453579304072e-61	0	0	0	0
rs10796939	1	155088795	1.737e-05	-0.0417	0.0097	0.3831	0.3831	56306	1417791	0.0381969436203995	T	C	FALSE	0	9.00927e-118	0	1.11090158774607e-63	0	0	0	0
rs10796940	1	155202689	0.4679	0.0075	0.0103	0.7048	0.2952	55137	1416823	0.0374582189733417	A	C	FALSE	0	3.06801e-124	0	1.52333512409766e-67	0	0	0	0
rs10796941	1	155284261	0.7902	0.0029	0.0108	0.2507	0.2507	56306	1417791	0.0381969436203995	T	C	FALSE	0	6.09265e-123	0	1.27088723335458e-67	0	0	0	0
rs10796942	1	155374823	0.5535	-0.0134	0.0226	0.0512	0.0512	56306	1417791	0.0381969436203995	A	T	FALSE	0	1.016e-121	0	3.03692541763263e-67	0	0	0	0
rs10796943	1	155414729	0.6761	-0.0045	0.0107	0.7361	0.2639	56306	1417791	0.0381969436203995	T	C	FALSE	0	1.18506e-123	0	1.32667612638477e-67	0	0	0	0
rs10796944	1	155416328	0.2299	0.0137	0.0114	0.2258	0.2258	56306	1417791	0.0381969436203995	A	G	FALSE	0	5.22907e-121	0	2.65763995856293e-67	0	0	0	0
rs10796945	1	155427688	0.6229	0.0052	0.0106	0.2653	0.2653	56306	1417791	0.0381969436203995	A	G	FALSE	0	2.74256e-124	0	1.35678871302955e-67	0	0	0	0
rs10796946	1	155429490	0.6048	-0.0055	0.0106	0.7352	0.2648	56306	1417791	0.0381969436203995	A	T	FALSE	0	1.00493e-123	0	1.37625369992527e-67	0	0	0	0
rs10796947	1	155477053	0.6104	0.0052	0.0101	0.3162	0.3162	56306	1417791	0.0381969436203995	A	G	FALSE	0	2.6087e-122	0	1.30883776271902e-67	0	0	0	0
rs10796954	1	155794478	0.08331	-0.018	0.0104	0.7142	0.2858	56306	1417791	0.0381969436203995	T	C	FALSE	0	3.10875e-124	0	5.25866056665441e-67	0	0	0	0
rs10796955	1	155959303	0.07241	-0.0197	0.011	0.2506	0.2506	56306	1417791	0.0381969436203995	A	G	FALSE	0	2.76493e-124	0	6.17744637951686e-67	0	0	0	0
rs10796957	1	156021891	0.4144	0.0348	0.0427	0.9844	0.0155999999999999	56306	1417791	0.0381969436203995	T	C	FALSE	0	8.0074e-124	0	6.5222251438947e-67	0	0	0	0
rs10797047	1	154149240	0.01142	-0.0245	0.0097	0.4008	0.4008	56306	1417791	0.0381969436203995	A	G	FALSE	0	2.74545e-124	0	2.6546806941676e-66	0	0	0	0
rs10797049	1	154149284	0.6938	0.0057	0.0146	0.1452	0.1452	56306	1417791	0.0381969436203995	A	T	FALSE	0	6.71452e-120	0	1.78576915399237e-67	0	0	0	0
rs10797051	1	154158881	0.3868	-0.0239	0.0276	0.038	0.038	56306	1417791	0.0381969436203995	T	G	FALSE	0	2.39056e-123	0	4.49058573795549e-67	0	0	0	0
rs10797058	1	154200704	0.7617	-0.0029	0.0096	0.4425	0.4425	56306	1417791	0.0381969436203995	T	C	FALSE	0	1.61025e-122	0	1.14089545625236e-67	0	0	0	0
rs10797061	1	154206212	0.9264	9e-04	0.0096	0.5521	0.4479	56306	1417791	0.0381969436203995	T	C	FALSE	0	5.72314e-122	0	1.09491374091684e-67	0	0	0	0
rs10797067	1	154237638	0.1338	-0.015	0.01	0.3811	0.3811	56306	1417791	0.0381969436203995	T	G	FALSE	0	3.54458e-124	0	3.4875863206789e-67	0	0	0	0
rs10797084	1	154264736	0.07814	-0.0199	0.0113	0.2945	0.2945	56306	1417791	0.0381969436203995	T	C	FALSE	0	4.81435e-124	0	6.01720635976322e-67	0	0	0	0
rs10908419	1	154567699	0.4086	0.0079	0.0095	0.4891	0.4891	56306	1417791	0.0381969436203995	A	G	FALSE	0	5.38525e-121	0	1.52322086041883e-67	0	0	0	0
rs10908421	1	154635885	0.9121	-0.0012	0.0112	0.264	0.264	56306	1417791	0.0381969436203995	T	G	FALSE	0	2.24685e-122	0	1.27857837434678e-67	0	0	0	0
rs10908422	1	154637388	0.03648	-0.0223	0.0107	0.7133	0.2867	56306	1417791	0.0381969436203995	A	C	FALSE	0	5.17216e-121	0	1.05915523429296e-66	0	0	0	0
rs10908423	1	154644546	0.8371	-0.002	0.0097	0.5045	0.4955	56306	1417791	0.0381969436203995	A	G	FALSE	0	4.50827e-124	0	1.12505985046203e-67	0	0	0	0
rs10908424	1	154653273	0.2343	-0.0135	0.0113	0.6917	0.3083	56306	1417791	0.0381969436203995	C	G	FALSE	0	4.14397e-118	0	2.61237407202106e-67	0	0	0	0
rs10908427	1	154682082	0.3831	-0.0082	0.0094	0.473	0.473	56306	1417791	0.0381969436203995	A	G	FALSE	0	2.74168e-124	0	1.56038939245701e-67	0	0	0	0
rs10908429	1	154710904	0.4571	-0.009	0.0121	0.2903	0.2903	50455	1411925	0.0345019762305283	T	C	FALSE	0	3.02179e-122	0	1.80880976830309e-67	0	0	0	0
rs10908430	1	154715726	0.9173	-0.001	0.01	0.4836	0.4836	50455	1411925	0.0345019762305283	T	G	FALSE	0	1.87324e-122	0	1.1411116464549e-67	0	0	0	0
rs10908431	1	154716883	0.7453	0.0033	0.0103	0.6247	0.3753	50455	1411925	0.0345019762305283	T	C	FALSE	0	4.75908e-124	0	1.23082766289621e-67	0	0	0	0
rs10908432	1	154723546	0.293	-0.0108	0.0103	0.4263	0.4263	50092	1411760	0.0342661226991515	A	C	FALSE	0	3.79418e-124	0	2.0233732580891e-67	0	0	0	0
rs10908433	1	154725859	0.7124	-0.0053	0.0145	0.1464	0.1464	49053	1411006	0.0335965875351613	A	G	FALSE	0	3.61711e-123	0	1.75708867391153e-67	0	0	0	0
rs10908434	1	154725924	0.7042	-0.0055	0.0145	0.1462	0.1462	49053	1411006	0.0335965875351613	T	C	FALSE	0	5.22567e-124	0	1.76609017043163e-67	0	0	0	0
rs10908435	1	154729394	0.9943	-1e-04	0.0105	0.4368	0.4368	31837	975506	0.0316049250354646	T	C	FALSE	0	8.1998e-124	0	1.19210778284682e-67	0	0	0	0
rs10908436	1	154733000	0.7961	0.0029	0.0114	0.3293	0.3293	50455	1411925	0.0345019762305283	A	G	FALSE	0	7.03658e-124	0	1.33632264324837e-67	0	0	0	0
rs10908437	1	154733223	0.8161	-0.0026	0.0114	0.6713	0.3287	50455	1411925	0.0345019762305283	A	C	FALSE	0	4.15999e-124	0	1.32789369179671e-67	0	0	0	0
rs10908438	1	154750638	0.9371	8e-04	0.01	0.4757	0.4757	50455	1411925	0.0345019762305283	A	C	FALSE	0	5.96625e-123	0	1.1390646059802e-67	0	0	0	0
rs10908439	1	154750877	0.5687	-0.0059	0.0104	0.6234	0.3766	50455	1411925	0.0345019762305283	T	G	FALSE	0	1.02552e-122	0	1.38627378831116e-67	0	0	0	0
rs10908440	1	154752736	0.2503	0.0151	0.0131	0.4081	0.4081	36747	1316643	0.0271518187662093	T	C	FALSE	0	8.92938e-124	0	2.87956305051219e-67	0	0	0	0
rs10908441	1	154752908	0.6339	0.0049	0.0104	0.4203	0.4203	50455	1411925	0.0345019762305283	A	G	FALSE	0	3.84674e-124	0	1.31893952052764e-67	0	0	0	0
rs10908443	1	154825244	0.07612	-0.0207	0.0117	0.231	0.231	56306	1417791	0.0381969436203995	A	C	FALSE	0	7.47291e-122	0	6.3174160369931e-67	0	0	0	0
rs10908444	1	154840287	0.05325	0.0187	0.0097	0.4321	0.4321	56306	1417791	0.0381969436203995	A	G	FALSE	0	8.67568e-124	0	7.03250518820847e-67	0	0	0	0
rs10908445	1	154849590	0.04748	0.0191	0.0096	0.4306	0.4306	56306	1417791	0.0381969436203995	A	G	FALSE	0	5.35129e-124	0	7.85352466346296e-67	0	0	0	0
rs10908446	1	154869559	0.06681	0.0176	0.0096	0.4406	0.4406	56306	1417791	0.0381969436203995	A	G	FALSE	0	7.91785e-124	0	5.82980534536195e-67	0	0	0	0
rs10908447	1	154869742	0.1067	0.0156	0.0096	0.4036	0.4036	56306	1417791	0.0381969436203995	T	C	FALSE	0	1.7126e-113	0	4.06969740033988e-67	0	0	0	0
rs10908448	1	154882544	0.04213	0.0193	0.0095	0.438	0.438	56306	1417791	0.0381969436203995	T	C	FALSE	0	8.52394e-124	0	8.45581645522111e-67	0	0	0	0
rs10908449	1	154955724	0.0005503	0.0875	0.0253	0.0377	0.0377	56306	1417791	0.0381969436203995	T	C	FALSE	0	3.84538e-118	0	1.02757183363219e-64	0	0	0	0
rs10908452	1	155001929	0.4494	-0.0076	0.0101	0.6538	0.3462	56306	1417791	0.0381969436203995	T	C	FALSE	0	4.76155e-124	0	1.52094216674766e-67	0	0	0	0
rs10908453	1	155006091	0.4681	-0.0072	0.0099	0.6506	0.3494	56306	1417791	0.0381969436203995	A	G	FALSE	0	4.29424e-124	0	1.46346404071456e-67	0	0	0	0
rs10908454	1	155066416	2.704e-07	-0.0489	0.0095	0.4544	0.4544	56306	1417791	0.0381969436203995	A	G	FALSE	0	1.54874e-122	0	5.93457967925672e-62	0	0	0	0
rs10908455	1	155067283	9.883e-07	0.0465	0.0095	0.5449	0.4551	56306	1417791	0.0381969436203995	T	C	FALSE	0	1.53204e-112	0	1.67393192928014e-62	0	0	0	0
rs10908456	1	155086148	3.84e-06	-0.044	0.0095	0.4232	0.4232	56306	1417791	0.0381969436203995	A	G	FALSE	0	6.71797e-123	0	4.79282283038446e-63	0	0	0	0
rs10908457	1	155091042	0.05082	0.0372	0.019	0.9331	0.0669	56306	1417791	0.0381969436203995	T	C	FALSE	0	3.4189e-124	0	1.43702208702587e-66	0	0	0	0
rs10908458	1	155126948	2.89e-05	0.0401	0.0096	0.6071	0.3929	56306	1417791	0.0381969436203995	T	C	FALSE	0	2.67945e-116	0	6.56987326449714e-64	0	0	0	0
rs10908459	1	155214066	0.5239	-0.0067	0.0105	0.2887	0.2887	55137	1416823	0.0374582189733417	T	C	FALSE	0	6.15466e-124	0	1.46038623225994e-67	0	0	0	0
rs10908461	1	155275727	0.8197	-0.0025	0.0108	0.2551	0.2551	56306	1417791	0.0381969436203995	T	C	FALSE	0	3.25531e-124	0	1.25920796957019e-67	0	0	0	0
rs10908462	1	155285854	0.8476	-0.0021	0.0108	0.7488	0.2512	56306	1417791	0.0381969436203995	T	C	FALSE	0	1.38546e-123	0	1.24934366287314e-67	0	0	0	0
rs10908463	1	155286258	0.7636	0.0033	0.0109	0.2478	0.2478	56306	1417791	0.0381969436203995	T	C	FALSE	0	6.70212e-123	0	1.29518345720694e-67	0	0	0	0
rs10908465	1	155389688	0.6263	0.0052	0.0107	0.2645	0.2645	56306	1417791	0.0381969436203995	T	C	FALSE	0	8.42077e-123	0	1.36648981513439e-67	0	0	0	0
rs10908466	1	155429725	0.6565	-0.0047	0.0107	0.7378	0.2622	56306	1417791	0.0381969436203995	A	C	FALSE	0	1.14725e-123	0	1.33734908929367e-67	0	0	0	0
rs10908467	1	155439062	0.6969	-0.0042	0.0107	0.7389	0.2611	56306	1417791	0.0381969436203995	T	C	FALSE	0	4.35593e-124	0	1.31168270100294e-67	0	0	0	0
rs10908468	1	155467277	0.7262	0.0079	0.0224	0.9529	0.0471	56306	1417791	0.0381969436203995	T	C	FALSE	0	1.31618e-122	0	2.69103890649246e-67	0	0	0	0
rs10908469	1	155468732	0.5597	-0.0062	0.0107	0.7356	0.2644	56306	1417791	0.0381969436203995	A	C	FALSE	0	3.53869e-124	0	1.4360398017337e-67	0	0	0	0
rs10908470	1	155527013	0.4532	-0.0079	0.0106	0.7346	0.2654	56306	1417791	0.0381969436203995	T	G	FALSE	0	7.04252e-124	0	1.58736538457491e-67	0	0	0	0
rs10908471	1	155542942	0.4538	-0.0079	0.0106	0.7346	0.2654	56306	1417791	0.0381969436203995	A	G	FALSE	0	6.26894e-124	0	1.58736538457491e-67	0	0	0	0
rs10908472	1	155544256	0.48	-0.0092	0.013	0.7354	0.2646	42598	1322509	0.0312048799105125	T	C	FALSE	0	6.55895e-124	0	1.89246590761034e-67	0	0	0	0
rs10908473	1	155545591	0.0677	0.037	0.0203	0.8988	0.1012	42598	1322509	0.0312048799105125	A	T	FALSE	0	5.07312e-124	0	1.18850554085716e-66	0	0	0	0
rs10908479	1	155643403	0.2999	0.0111	0.0107	0.2644	0.2644	56306	1417791	0.0381969436203995	T	C	FALSE	0	2.95454e-124	0	2.07723896567275e-67	0	0	0	0
rs10908480	1	155699762	0.1466	-0.0153	0.0106	0.6965	0.3035	56306	1417791	0.0381969436203995	T	G	FALSE	0	3.76389e-124	0	3.40045282442293e-67	0	0	0	0
rs10908481	1	155713650	0.1658	-0.0146	0.0105	0.7056	0.2944	56306	1417791	0.0381969436203995	T	G	FALSE	0	3.87081e-124	0	3.12593238401433e-67	0	0	0	0
rs10908482	1	155713873	0.08486	-0.0178	0.0103	0.6568	0.3432	55137	1416823	0.0374582189733417	T	C	FALSE	0	6.07703e-124	0	5.18520134491415e-67	0	0	0	0
rs10908483	1	155866834	0.02825	-0.0237	0.0108	0.2477	0.2477	56306	1417791	0.0381969436203995	T	C	FALSE	0	2.88885e-124	0	1.35252929772276e-66	0	0	0	0
rs10908486	1	155978544	0.1447	-0.0142	0.0097	0.3733	0.3733	56306	1417791	0.0381969436203995	C	G	FALSE	0	5.38128e-120	0	3.20798350885389e-67	0	0	0	0
rs10908487	1	155982748	0.5855	-0.0251	0.046	0.0146	0.0146	56306	1417791	0.0381969436203995	A	C	FALSE	0	2.75152e-124	0	5.87046990848825e-67	0	0	0	0
rs10908489	1	156128337	0.9622	0.0014	0.0303	0.0254	0.0254	56306	1417791	0.0381969436203995	A	G	FALSE	0	1.5411e-123	0	3.40935635972182e-67	0	0	0	0
rs10908723	1	154138228	0.04232	-0.0201	0.0099	0.3414	0.3414	56306	1417791	0.0381969436203995	A	G	FALSE	0	4.42236e-124	0	8.78475013107363e-67	0	0	0	0
rs10908739	1	154160655	0.8807	-0.0014	0.0096	0.4615	0.4615	56306	1417791	0.0381969436203995	T	C	FALSE	0	2.95841e-124	0	1.10175062508529e-67	0	0	0	0
rs10908751	1	154187305	0.823	0.0022	0.0096	0.5573	0.4427	56306	1417791	0.0381969436203995	T	C	FALSE	0	7.98729e-122	0	1.11906047857124e-67	0	0	0	0
rs10908804	1	154262857	0.1241	0.017	0.0111	0.698	0.302	56306	1417791	0.0381969436203995	A	C	FALSE	0	3.34692e-123	0	4.05633189620633e-67	0	0	0	0
rs10908819	1	154291372	0.5274	0.0072	0.0114	0.2504	0.2504	56306	1417791	0.0381969436203995	T	C	FALSE	0	2.91395e-124	0	1.5784925388835e-67	0	0	0	0
rs10908831	1	154328543	0.1108	-0.0156	0.0098	0.4186	0.4186	56306	1417791	0.0381969436203995	T	C	FALSE	0	1.92046e-122	0	3.93849802051254e-67	0	0	0	0
rs10908834	1	154349381	0.8999	-0.0013	0.0107	0.7015	0.2985	56306	1417791	0.0381969436203995	T	C	FALSE	0	1.58196e-123	0	1.22366797484838e-67	0	0	0	0
rs10908835	1	154356481	0.1	-0.0164	0.01	0.6167	0.3833	56306	1417791	0.0381969436203995	A	G	FALSE	0	1.96541e-122	0	4.34255015391258e-67	0	0	0	0
rs10908838	1	154397984	0.1242	0.0146	0.0095	0.4248	0.4248	56306	1417791	0.0381969436203995	T	G	FALSE	0	2.59815e-121	0	3.50477737667024e-67	0	0	0	0
rs10908839	1	154430798	0.1289	0.0173	0.0114	0.2268	0.2268	56306	1417791	0.0381969436203995	C	G	FALSE	0	1.59749e-116	0	4.07720169447372e-67	0	0	0	0
rs10908840	1	154459477	0.589	-0.0051	0.0095	0.4728	0.4728	56306	1417791	0.0381969436203995	T	C	FALSE	0	2.75692e-124	0	1.24560207318739e-67	0	0	0	0
rs10908844	1	154500857	0.8276	0.0027	0.0125	0.8306	0.1694	56306	1417791	0.0381969436203995	A	G	FALSE	0	1.22539e-121	0	1.45164193587155e-67	0	0	0	0
rs10908846	1	154501364	0.8115	0.003	0.0126	0.8312	0.1688	56306	1417791	0.0381969436203995	A	C	FALSE	0	9.8122e-122	0	1.47053692534364e-67	0	0	0	0
rs1094462	1	155776497	0.7918	-0.0059	0.0224	0.9512	0.0488	56306	1417791	0.0381969436203995	T	C	FALSE	0	4.56019e-123	0	2.61892745805285e-67	0	0	0	0
rs1094558	1	155847509	0.1082	-0.0341	0.0212	0.0617	0.0617	56306	1417791	0.0381969436203995	T	G	FALSE	0	3.18555e-116	0	8.61358465799541e-67	0	0	0	0
rs1094559	1	155847610	0.076	0.036	0.0203	0.937	0.0629999999999999	56306	1417791	0.0381969436203995	A	G	FALSE	0	1.77345e-122	0	1.08874644107409e-66	0	0	0	0
rs1106235	1	154787213	0.9624	-6e-04	0.0137	0.1965	0.1965	31837	975506	0.0316049250354646	A	G	FALSE	0	4.1354e-116	0	1.55533114175915e-67	0	0	0	0
rs1106236	1	154787136	0.758	-0.0034	0.0109	0.5805	0.4195	31837	975506	0.0316049250354646	T	C	FALSE	0	5.04685e-123	0	1.29882970058076e-67	0	0	0	0
rs1109815	1	154909268	0.0372	-0.0197	0.0094	0.5608	0.4392	56306	1417791	0.0381969436203995	A	G	FALSE	0	2.67275e-117	0	9.54977496418794e-67	0	0	0	0
rs1111102	1	155993456	0.1138	0.0167	0.0106	0.7286	0.2714	56306	1417791	0.0381969436203995	T	G	FALSE	0	3.47633e-124	0	4.14834466017883e-67	0	0	0	0
rs111301013	1	154419584	0.8626	-0.0022	0.0126	0.1662	0.1662	56306	1417791	0.0381969436203995	A	C	FALSE	0	9.80185e-124	0	1.45147146737751e-67	0	0	0	0
rs111303174	1	154677979	0.3441	0.0396	0.0419	0.0274	0.0274	31837	975506	0.0316049250354646	A	C	FALSE	0	2.74176e-124	0	7.15151012168558e-67	0	0	0	0
rs111314178	1	155678581	0.229	0.0331	0.0275	0.0344	0.0344	56306	1417791	0.0381969436203995	T	C	FALSE	0	3.15954e-124	0	6.30554310371969e-67	0	0	0	0
rs111324936	1	155796306	0.9969	-1e-04	0.0226	0.048	0.048	56306	1417791	0.0381969436203995	A	G	FALSE	0	7.28276e-123	0	2.55306403960679e-67	0	0	0	0
rs111337261	1	155969296	0.09127	0.0642	0.038	0.962	0.038	42598	1322509	0.0312048799105125	A	C	FALSE	0	4.91576e-124	0	1.68267235731794e-66	0	0	0	0
rs111340905	1	156102694	0.00539	0.0572	0.0206	0.0548	0.0548	56306	1417791	0.0381969436203995	A	G	FALSE	0	9.65329e-120	0	1.05662846232807e-65	0	0	0	0
rs111342069	1	155968169	0.8445	-0.0039	0.0199	0.1013	0.1013	42598	1322509	0.0312048799105125	A	G	FALSE	0	2.45668e-123	0	2.2944392564265e-67	0	0	0	0
rs111360475	1	155386445	0.103	-0.0446	0.0273	0.0369	0.0369	56306	1417791	0.0381969436203995	A	G	FALSE	0	7.24302e-120	0	1.13977115030718e-66	0	0	0	0
rs111432674	1	155817620	0.9677	-9e-04	0.0226	0.0474	0.0474	56306	1417791	0.0381969436203995	A	G	FALSE	0	3.20319e-119	0	2.55503901799209e-67	0	0	0	0
rs111455542	1	155099947	0.03559	0.0402	0.0191	0.9333	0.0667	56306	1417791	0.0381969436203995	A	G	FALSE	0	1.44904e-122	0	1.94085961619891e-66	0	0	0	0
rs111461849	1	155760721	0.9907	-3e-04	0.0227	0.0477	0.0477	56306	1417791	0.0381969436203995	A	G	FALSE	0	7.96934e-123	0	2.56441372470929e-67	0	0	0	0
rs111469931	1	154762654	0.4283	0.0089	0.0113	0.2859	0.2859	50455	1411925	0.0345019762305283	A	G	FALSE	0	1.99428e-122	0	1.74729022364011e-67	0	0	0	0
rs111484109	1	154204754	0.2968	-0.0294	0.0282	0.0357	0.0357	56306	1417791	0.0381969436203995	T	C	FALSE	0	2.73177e-123	0	5.40877388339294e-67	0	0	0	0
rs111508230	1	155153537	0.002792	-0.0452	0.0151	0.1117	0.1117	56306	1417791	0.0381969436203995	T	C	FALSE	0	1.44274e-116	0	1.47273671975261e-65	0	0	0	0
rs111508464	1	155062509	0.0008445	0.0509	0.0152	0.8774	0.1226	56306	1417791	0.0381969436203995	A	T	FALSE	0	5.55563e-124	0	4.54291151910036e-65	0	0	0	0
rs111582237	1	155053607	0.5302	-0.0312	0.0498	0.0192	0.0192	40150	751098	0.0507426243099509	T	G	FALSE	0	3.00185e-124	0	6.60887581665099e-67	0	0	0	0
rs111587150	1	155129402	0.1824	0.0244	0.0183	0.1153	0.1153	56306	1417791	0.0381969436203995	A	G	FALSE	0	3.49708e-118	0	5.00240987255285e-67	0	0	0	0
rs111600849	1	154487489	0.05162	0.0228	0.0117	0.1995	0.1995	56306	1417791	0.0381969436203995	A	G	FALSE	0	1.47767e-118	0	8.80953232110445e-67	0	0	0	0
rs111652370	1	155385034	0.07314	-0.0483	0.0269	0.0384	0.0384	56306	1417791	0.0381969436203995	T	C	FALSE	0	6.08003e-122	0	1.47637961499707e-66	0	0	0	0
rs111667027	1	155732270	0.9308	-0.002	0.0229	0.0475	0.0475	56306	1417791	0.0381969436203995	A	G	FALSE	0	2.42955e-120	0	2.59624863858699e-67	0	0	0	0
rs111706880	1	155462867	0.08251	0.0323	0.0186	0.1439	0.1439	42598	1322509	0.0312048799105125	T	C	FALSE	0	4.32937e-118	0	9.38792162996081e-67	0	0	0	0
rs111728068	1	154763453	0.4186	-0.0091	0.0112	0.7115	0.2885	50455	1411925	0.0345019762305283	C	G	FALSE	0	6.50711e-124	0	1.76662897981225e-67	0	0	0	0
rs111738962	1	155818737	0.4806	0.0195	0.0277	0.0479	0.0479	42598	1322509	0.0312048799105125	A	G	FALSE	0	1.67838e-123	0	3.9778236682864e-67	0	0	0	0
rs111742972	1	155097095	0.1916	-0.0793	0.0608	0.0199	0.0199	42598	1322509	0.0312048799105125	A	C	FALSE	0	5.626e-124	0	1.44065761148094e-66	0	0	0	0
rs111742980	1	154508764	0.03929	0.0243	0.0118	0.1958	0.1958	56306	1417791	0.0381969436203995	A	T	FALSE	0	2.39868e-118	0	1.10794150288588e-66	0	0	0	0
rs111744661	1	154286615	0.1135	0.0203	0.0128	0.3567	0.3567	42598	1322509	0.0312048799105125	A	G	FALSE	0	1.36826e-123	0	5.08120709445871e-67	0	0	0	0
rs111792086	1	155485329	0.5855	0.0238	0.0436	0.9851	0.0149	56306	1417791	0.0381969436203995	T	C	FALSE	0	4.80483e-124	0	5.58313165455649e-67	0	0	0	0
rs111810442	1	154369683	0.01917	-0.0379	0.0162	0.8994	0.1006	56306	1417791	0.0381969436203995	C	G	FALSE	0	2.37192e-123	0	2.78331196478982e-66	0	0	0	0
rs111829145	1	154545240	0.6287	0.0259	0.0535	0.0146	0.0146	56306	1417791	0.0381969436203995	T	C	FALSE	0	6.86538e-124	0	6.55456315878598e-67	0	0	0	0
rs111829929	1	155031031	0.007141	-0.083	0.0309	0.0382	0.0382	56306	1417791	0.0381969436203995	T	C	FALSE	0	4.42717e-123	0	1.17690597487402e-65	0	0	0	0
rs111845926	1	154974920	0.0007953	0.0883	0.0263	0.0354	0.0354	56306	1417791	0.0381969436203995	A	G	FALSE	0	1.73258e-102	0	7.55203228725472e-65	0	0	0	0
rs111872775	1	155830864	0.9517	-0.0014	0.023	0.0469	0.0469	56306	1417791	0.0381969436203995	T	G	FALSE	0	1.50604e-121	0	2.60239496860311e-67	0	0	0	0
rs111879666	1	154282886	0.7752	-0.0098	0.0342	0.0439	0.0439	42598	1322509	0.0312048799105125	T	C	FALSE	0	3.85725e-124	0	3.98836962068101e-67	0	0	0	0
rs111885536	1	154461260	0.7114	-0.0048	0.013	0.1648	0.1648	55137	1416823	0.0374582189733417	A	G	FALSE	0	2.98184e-123	0	1.57837988451758e-67	0	0	0	0
rs111920902	1	154361226	0.0211	0.0371	0.0161	0.0999	0.0999	56306	1417791	0.0381969436203995	T	C	FALSE	0	9.93079e-123	0	2.55128802988414e-66	0	0	0	0
rs111923597	1	154293099	0.9821	7e-04	0.0309	0.0484	0.0484	42598	1322509	0.0312048799105125	C	G	FALSE	0	2.8831e-124	0	3.47255496484772e-67	0	0	0	0
rs111933665	1	154998228	0.9279	0.0038	0.0424	0.0157	0.0157	55137	1416823	0.0374582189733417	A	G	FALSE	0	2.83357e-124	0	4.73361328350144e-67	0	0	0	0
rs111982496	1	155712645	0.9872	4e-04	0.0231	0.0478	0.0478	56306	1417791	0.0381969436203995	T	C	FALSE	0	3.9327e-123	0	2.60917289220334e-67	0	0	0	0
rs111993576	1	155089980	0.05317	-0.0368	0.019	0.0668	0.0668	56306	1417791	0.0381969436203995	T	C	FALSE	0	6.40823e-124	0	1.37980534919544e-66	0	0	0	0
rs112004281	1	155957350	0.8682	-0.0054	0.0326	0.0243	0.0243	56306	1417791	0.0381969436203995	A	G	FALSE	0	9.42148e-118	0	3.70707761983256e-67	0	0	0	0
rs112042901	1	154723854	0.3795	0.0336	0.0382	0.0213	0.0213	50092	1411760	0.0342661226991515	A	T	FALSE	0	9.29744e-120	0	6.19544774373687e-67	0	0	0	0
rs112090495	1	154871288	0.253	0.0303	0.0265	0.035	0.035	56306	1417791	0.0381969436203995	A	T	FALSE	0	6.03044e-124	0	5.67755593408802e-67	0	0	0	0
rs112095222	1	154627851	0.02078	-0.0355	0.0153	0.1238	0.1238	56306	1417791	0.0381969436203995	T	C	FALSE	0	1.33086e-123	0	2.5197859841533e-66	0	0	0	0
rs112155380	1	155737495	0.9669	9e-04	0.0227	0.9524	0.0476	56306	1417791	0.0381969436203995	T	C	FALSE	0	7.07083e-123	0	2.56618313970826e-67	0	0	0	0
rs112203594	1	154553430	0.09071	0.0941	0.0556	0.0226	0.0226	40150	751098	0.0507426243099509	A	C	FALSE	0	2.74786e-124	0	2.30135367580721e-66	0	0	0	0
rs112230163	1	154652034	0.5784	-0.0319	0.0575	0.0171	0.0171	36384	1316478	0.026894095628379	A	G	FALSE	0	3.78277e-118	0	7.24200279893361e-67	0	0	0	0
rs112231452	1	154504900	0.03751	0.0251	0.0121	0.1928	0.1928	56306	1417791	0.0381969436203995	A	G	FALSE	0	2.50773e-118	0	1.17134473781341e-66	0	0	0	0
rs112234843	1	154354368	0.1685	0.0935	0.0679	0.0125	0.0125	22811	885122	0.0251241005668921	T	C	FALSE	0	3.04094e-124	0	1.71035395401578e-66	0	0	0	0
rs112236096	1	154510790	0.05753	0.0223	0.0117	0.2004	0.2004	56306	1417791	0.0381969436203995	T	C	FALSE	0	1.24931e-118	0	8.11528941310279e-67	0	0	0	0
rs112270735	1	155198771	0.01135	-0.0384	0.0152	0.8674	0.1326	55137	1416823	0.0374582189733417	A	G	FALSE	0	4.6384e-124	0	4.11368393260423e-66	0	0	0	0
rs112293774	1	155831431	0.9956	-1e-04	0.023	0.0471	0.0471	56306	1417791	0.0381969436203995	T	C	FALSE	0	7.78601e-123	0	2.5976654023124e-67	0	0	0	0
rs112294374	1	155819228	0.9235	0.0022	0.023	0.0465	0.0465	56306	1417791	0.0381969436203995	A	G	FALSE	0	1.10962e-120	0	2.60939592945828e-67	0	0	0	0
rs112298943	1	154190521	0.7835	0.0175	0.0636	0.985	0.015	36220	1316171	0.0267821953858019	T	G	FALSE	0	3.00358e-124	0	7.13138634643131e-67	0	0	0	0
rs112315110	1	155962583	0.3427	0.0887	0.0934	0.9869	0.0131	33674	449056	0.0697574213328362	T	C	FALSE	0	6.27178e-124	0	1.3931261244392e-66	0	0	0	0
rs112340875	1	154969457	0.4181	0.0626	0.0774	0.9811	0.0189	33674	449056	0.0697574213328362	T	C	FALSE	0	5.03017e-124	0	1.09063831432444e-66	0	0	0	0
rs112343005	1	155686613	0.9615	-0.0011	0.0231	0.0483	0.0483	56306	1417791	0.0381969436203995	T	C	FALSE	0	9.21099e-123	0	2.61170740072761e-67	0	0	0	0
rs112344141	1	154983036	0.00423	-0.0698	0.0244	0.9549	0.0451	56306	1417791	0.0381969436203995	T	G	FALSE	0	8.5073e-123	0	1.55173365363099e-65	0	0	0	0
rs112357482	1	155989440	0.4064	-0.0563	0.0679	0.9868	0.0132	42598	1322509	0.0312048799105125	T	G	FALSE	0	1.73332e-48	0	9.94826452803812e-67	0	0	0	0
rs112364218	1	154256644	0.03076	-0.0336	0.0156	0.8821	0.1179	56306	1417791	0.0381969436203995	T	G	FALSE	0	1.104e-122	0	1.77328141104647e-66	0	0	0	0
rs112385928	1	154850662	0.1772	-0.043	0.0318	0.9738	0.0262	56306	1417791	0.0381969436203995	C	G	FALSE	0	1.66113e-121	0	8.70887988142368e-67	0	0	0	0
rs112394421	1	154512008	0.0628	-0.0217	0.0116	0.8	0.2	56306	1417791	0.0381969436203995	T	C	FALSE	0	6.25974e-124	0	7.52987284420469e-67	0	0	0	0
rs112398734	1	155821131	0.9297	-0.002	0.0229	0.0466	0.0466	56306	1417791	0.0381969436203995	T	C	FALSE	0	2.42955e-120	0	2.59624863858699e-67	0	0	0	0
rs112414573	1	155833518	0.9384	-0.0018	0.0231	0.0469	0.0469	56306	1417791	0.0381969436203995	T	C	FALSE	0	2.27737e-119	0	2.61661443373405e-67	0	0	0	0
rs112505242	1	155876488	0.9599	0.0033	0.0655	0.9894	0.0106000000000001	41429	1321541	0.0303961202374227	T	C	FALSE	0	1.09718e-123	0	7.08466463773183e-67	0	0	0	0
rs112527081	1	154354257	0.2814	0.0146	0.0136	0.1454	0.1454	56306	1417791	0.0381969436203995	A	G	FALSE	0	5.11848e-123	0	2.73743764348171e-67	0	0	0	0
rs112556683	1	155089801	0.6929	-0.0135	0.0343	0.0278	0.0278	56306	1417791	0.0381969436203995	C	G	FALSE	0	2.74636e-124	0	4.1436291868797e-67	0	0	0	0
rs112559323	1	155046903	0.07356	0.0362	0.0202	0.9399	0.0601	56306	1417791	0.0381969436203995	A	G	FALSE	0	2.75662e-124	0	1.11992356392051e-66	0	0	0	0
rs112559935	1	154336175	0.7737	0.0089	0.031	0.0484	0.0484	42598	1322509	0.0312048799105125	T	G	FALSE	0	2.79514e-124	0	3.62567634745315e-67	0	0	0	0
rs112568185	1	154266460	0.03491	-0.0334	0.0159	0.8829	0.1171	56306	1417791	0.0381969436203995	T	C	FALSE	0	3.16909e-124	0	1.61401780134426e-66	0	0	0	0
rs112580817	1	155761646	0.982	5e-04	0.0229	0.0473	0.0473	56306	1417791	0.0381969436203995	T	C	FALSE	0	7.27243e-123	0	2.58710216353861e-67	0	0	0	0
rs112585956	1	154507767	0.05575	-0.0222	0.0116	0.7992	0.2008	56306	1417791	0.0381969436203995	T	C	FALSE	0	6.13603e-124	0	8.16753237552637e-67	0	0	0	0
rs112591935	1	155089652	0.05395	-0.0366	0.019	0.0669	0.0669	56306	1417791	0.0381969436203995	T	C	FALSE	0	5.81935e-124	0	1.35227976997093e-66	0	0	0	0
rs112611137	1	155678885	0.8623	-0.004	0.0231	0.05	0.05	56306	1417791	0.0381969436203995	T	C	FALSE	0	1.12573e-122	0	2.64767045215207e-67	0	0	0	0
rs112621070	1	156042420	0.7243	-0.0106	0.03	0.0278	0.0278	56306	1417791	0.0381969436203995	T	C	FALSE	0	2.73423e-124	0	3.58514685505165e-67	0	0	0	0
rs112630935	1	155967231	0.9737	5e-04	0.0162	0.1071	0.1071	56306	1417791	0.0381969436203995	A	G	FALSE	0	3.38118e-123	0	1.83655839647479e-67	0	0	0	0
rs11264222	1	154554357	0.0406	-0.0216	0.0106	0.2964	0.2964	56306	1417791	0.0381969436203995	T	C	FALSE	0	5.44239e-124	0	9.54004529351341e-67	0	0	0	0
rs11264223	1	154565519	0.3911	0.0082	0.0095	0.4876	0.4876	56306	1417791	0.0381969436203995	A	G	FALSE	0	6.45386e-121	0	1.56443673234674e-67	0	0	0	0
rs11264224	1	154568086	0.6811	-0.0056	0.0137	0.8162	0.1838	56306	1417791	0.0381969436203995	A	C	FALSE	0	5.02359e-119	0	1.68857633433409e-67	0	0	0	0
rs11264227	1	154596551	0.1549	0.0167	0.0117	0.2115	0.2115	56306	1417791	0.0381969436203995	T	C	FALSE	0	2.40257e-123	0	3.6647120169386e-67	0	0	0	0
rs11264228	1	154598437	0.02882	-0.0223	0.0102	0.3122	0.3122	56306	1417791	0.0381969436203995	A	G	FALSE	0	5.98099e-124	0	1.25593543900068e-66	0	0	0	0
rs11264229	1	154602588	0.02792	-0.0221	0.01	0.3449	0.3449	56306	1417791	0.0381969436203995	A	C	FALSE	0	5.19573e-124	0	1.2974364957712e-66	0	0	0	0
rs11264230	1	154608418	0.3008	0.0099	0.0096	0.4434	0.4434	56306	1417791	0.0381969436203995	T	G	FALSE	0	1.28588e-123	0	1.85300218722501e-67	0	0	0	0
rs11264233	1	154625632	0.08694	0.0166	0.0097	0.4771	0.4771	56306	1417791	0.0381969436203995	A	G	FALSE	0	6.07589e-123	0	4.74711045300652e-67	0	0	0	0
rs11264235	1	154631081	0.05665	0.0206	0.0108	0.2819	0.2819	56306	1417791	0.0381969436203995	T	C	FALSE	0	4.14898e-124	0	7.52011491665872e-67	0	0	0	0
rs11264237	1	154636276	0.9263	-0.001	0.0112	0.264	0.264	56306	1417791	0.0381969436203995	A	G	FALSE	0	2.37009e-122	0	1.27634493285008e-67	0	0	0	0
rs11264239	1	154653052	0.1573	-0.0371	0.0263	0.0474	0.0474	56306	1417791	0.0381969436203995	A	G	FALSE	0	4.19911e-124	0	7.88312500417839e-67	0	0	0	0
rs11264242	1	154663374	0.6868	0.0042	0.0103	0.4825	0.4825	55137	1416823	0.0374582189733417	A	C	FALSE	0	3.57721e-124	0	1.27050606805116e-67	0	0	0	0
rs11264242	1	154663374	0.6868	0.0042	0.0103	0.4825	0.4825	55137	1416823	0.0374582189733417	A	C	FALSE	0	3.57721e-124	0	1.27050606805116e-67	0	0	0	0
rs11264242	1	154663374	0.6868	0.0042	0.0103	0.4825	0.4825	55137	1416823	0.0374582189733417	A	C	FALSE	0	3.57721e-124	0	1.27050606805116e-67	0	0	0	0
rs11264242	1	154663374	0.6868	0.0042	0.0103	0.4825	0.4825	55137	1416823	0.0374582189733417	A	C	FALSE	0	3.57721e-124	0	1.27050606805116e-67	0	0	0	0
rs11264243	1	154666350	0.1277	0.0205	0.0135	0.1722	0.1722	56306	1417791	0.0381969436203995	T	C	FALSE	0	2.76416e-124	0	4.82502257145944e-67	0	0	0	0
rs11264244	1	154669067	0.1817	0.0319	0.0239	0.0899	0.0899	42598	1322509	0.0312048799105125	T	C	FALSE	0	9.71891e-120	0	6.49268392235552e-67	0	0	0	0
rs11264245	1	154682776	0.4258	-0.018	0.0226	0.0519	0.0519	56306	1417791	0.0381969436203995	T	C	FALSE	0	1.27784e-123	0	3.49194897288961e-67	0	0	0	0
rs11264247	1	154685607	0.2695	-0.0245	0.0222	0.0539	0.0539	56306	1417791	0.0381969436203995	A	G	FALSE	0	1.51287e-123	0	4.57774636150477e-67	0	0	0	0
rs11264248	1	154688197	0.3779	0.0082	0.0093	0.5099	0.4901	56306	1417791	0.0381969436203995	T	C	FALSE	0	6.18745e-124	0	1.5565781926997e-67	0	0	0	0
rs11264249	1	154693181	0.1709	-0.0148	0.0108	0.4776	0.4776	37688	981372	0.0369831020744608	A	T	FALSE	0	2.97579e-123	0	3.12675718463097e-67	0	0	0	0
rs11264250	1	154693513	0.6201	0.0055	0.011	0.5229	0.4771	37688	981372	0.0369831020744608	A	G	FALSE	0	1.08146e-123	0	1.41437367827325e-67	0	0	0	0
rs11264251	1	154693538	0.06437	0.0207	0.0112	0.3913	0.3913	37688	981372	0.0369831020744608	A	G	FALSE	0	2.10082e-122	0	6.9771156850385e-67	0	0	0	0
rs11264252	1	154711675	0.1673	-0.0165	0.012	0.2895	0.2895	31474	975341	0.0312609565809012	C	G	FALSE	0	3.20394e-124	0	3.49282266556153e-67	0	0	0	0
rs11264253	1	154712137	0.724	-0.0051	0.0144	0.8482	0.1518	49286	1410957	0.0337519166330535	T	C	FALSE	0	4.78927e-118	0	1.73796553996946e-67	0	0	0	0
rs11264254	1	154714762	0.8398	-0.0021	0.0104	0.3711	0.3711	50455	1411925	0.0345019762305283	T	C	FALSE	0	4.08445e-124	0	1.20498347191548e-67	0	0	0	0
rs11264255	1	154735575	0.4946	-0.0079	0.0115	0.2919	0.2919	50455	1411925	0.0345019762305283	T	C	FALSE	0	2.74725e-124	0	1.65128280930414e-67	0	0	0	0
rs11264256	1	154735736	0.3911	0.0093	0.0109	0.3534	0.3534	50455	1411925	0.0345019762305283	A	T	FALSE	0	3.19628e-122	0	1.77866874236841e-67	0	0	0	0
rs11264257	1	154740663	0.3253	0.01	0.0102	0.5558	0.4442	50455	1411925	0.0345019762305283	A	G	FALSE	0	6.7793e-123	0	1.87031202227268e-67	0	0	0	0
rs11264261	1	154756443	0.2315	0.0135	0.0113	0.728	0.272	50455	1411925	0.0345019762305283	C	G	FALSE	0	1.83671e-123	0	2.61237407202106e-67	0	0	0	0
rs11264262	1	154756589	0.6091	-0.0081	0.0159	0.8894	0.1106	50455	1411925	0.0345019762305283	T	C	FALSE	0	4.34707e-124	0	2.04990646895886e-67	0	0	0	0
rs11264264	1	154770785	0.3197	0.011	0.011	0.5213	0.4787	31837	975506	0.0316049250354646	A	G	FALSE	0	2.92196e-124	0	2.0555754828189e-67	0	0	0	0
rs11264265	1	154787735	0.5733	0.0072	0.0128	0.6788	0.3212	56306	1417791	0.0381969436203995	T	C	FALSE	0	3.67478e-124	0	1.70001632485503e-67	0	0	0	0
rs11264266	1	154792272	0.9681	6e-04	0.0147	0.7673	0.2327	42598	1322509	0.0312048799105125	A	T	FALSE	0	6.28578e-124	0	1.66805934327256e-67	0	0	0	0
rs11264267	1	154795237	0.09496	-0.0194	0.0116	0.2462	0.2462	56306	1417791	0.0381969436203995	T	C	FALSE	0	3.56914e-122	0	5.30579634599816e-67	0	0	0	0
rs11264268	1	154796520	0.3176	-0.0117	0.0117	0.2273	0.2273	56306	1417791	0.0381969436203995	A	C	FALSE	0	3.47608e-123	0	2.18552064296155e-67	0	0	0	0
rs11264269	1	154800295	0.3892	-0.0101	0.0117	0.2304	0.2304	56306	1417791	0.0381969436203995	T	C	FALSE	0	3.07177e-123	0	1.92492504704897e-67	0	0	0	0
rs11264270	1	154802379	0.214	0.0212	0.017	0.8692	0.1308	37688	981372	0.0369831020744608	A	G	FALSE	0	1.5004e-121	0	4.16740157019552e-67	0	0	0	0
rs11264271	1	154802392	0.1697	0.023	0.0168	0.8623	0.1377	37688	981372	0.0369831020744608	T	C	FALSE	0	9.32664e-122	0	4.82649981574445e-67	0	0	0	0
rs11264272	1	154808959	0.02447	0.0251	0.0112	0.2452	0.2452	56306	1417791	0.0381969436203995	T	C	FALSE	0	1.47515e-122	0	1.55393735439939e-66	0	0	0	0
rs11264273	1	154809253	0.02414	0.0252	0.0112	0.2454	0.2454	56306	1417791	0.0381969436203995	T	C	FALSE	0	1.21985e-122	0	1.58530796196972e-66	0	0	0	0
rs11264274	1	154811127	0.09852	0.0174	0.0105	0.2993	0.2993	56306	1417791	0.0381969436203995	T	G	FALSE	0	2.78929e-124	0	4.68780701851857e-67	0	0	0	0
rs11264275	1	154825270	0.9126	-0.0011	0.0097	0.5034	0.4966	56306	1417791	0.0381969436203995	T	G	FALSE	0	8.54924e-122	0	1.1085410679482e-67	0	0	0	0
rs11264276	1	154834092	0.1824	0.0134	0.0101	0.3734	0.3734	56306	1417791	0.0381969436203995	T	C	FALSE	0	1.69163e-118	0	2.75884373772684e-67	0	0	0	0
rs11264278	1	154845534	0.5597	-0.0062	0.0106	0.3048	0.3048	56306	1417791	0.0381969436203995	C	G	FALSE	0	2.50064e-122	0	1.4271912664229e-67	0	0	0	0
rs11264280	1	154862952	0.6068	-0.0054	0.0105	0.3066	0.3066	56306	1417791	0.0381969436203995	T	C	FALSE	0	2.15006e-122	0	1.36010126895144e-67	0	0	0	0
rs11264281	1	154867221	0.1204	-0.015	0.0097	0.5971	0.4029	56306	1417791	0.0381969436203995	A	G	FALSE	0	3.95588e-116	0	3.63092595471256e-67	0	0	0	0
rs11264282	1	154867370	0.05956	0.018	0.0096	0.4318	0.4318	56306	1417791	0.0381969436203995	A	G	FALSE	0	9.83528e-124	0	6.29693473487047e-67	0	0	0	0
rs11264283	1	154869552	0.06018	-0.018	0.0096	0.5575	0.4425	56306	1417791	0.0381969436203995	A	G	FALSE	0	2.42054e-118	0	6.29693473487047e-67	0	0	0	0
rs11264284	1	154875793	0.1044	0.0156	0.0096	0.4054	0.4054	56306	1417791	0.0381969436203995	T	C	FALSE	0	3.73024e-123	0	4.06969740033988e-67	0	0	0	0
rs11264286	1	154903047	0.1492	0.0275	0.019	0.0672	0.0672	56306	1417791	0.0381969436203995	A	G	FALSE	0	4.20802e-124	0	6.07203953628304e-67	0	0	0	0
rs11264287	1	154903583	0.1517	0.0273	0.019	0.0672	0.0672	56306	1417791	0.0381969436203995	T	C	FALSE	0	4.22584e-124	0	5.981373779247e-67	0	0	0	0
rs11264290	1	154912300	0.03554	0.0199	0.0095	0.4399	0.4399	56306	1417791	0.0381969436203995	T	C	FALSE	0	7.84364e-124	0	9.62983328346126e-67	0	0	0	0
rs11264291	1	154914797	0.08158	0.0207	0.0119	0.4399	0.4399	41429	1321541	0.0303961202374227	T	C	FALSE	0	7.67671e-124	0	6.09845657747112e-67	0	0	0	0
rs11264293	1	154946517	0.0005034	-0.0877	0.0252	0.9623	0.0377	56306	1417791	0.0381969436203995	A	G	FALSE	0	1.07858e-123	0	1.1029689083473e-64	0	0	0	0
rs11264294	1	154979561	0.07331	-0.0345	0.0193	0.9246	0.0754	56306	1417791	0.0381969436203995	T	C	FALSE	0	6.72043e-124	0	1.06344878639816e-66	0	0	0	0
rs11264295	1	154987526	0.1336	0.0145	0.0096	0.433	0.433	56306	1417791	0.0381969436203995	T	C	FALSE	0	6.87056e-124	0	3.40194839546081e-67	0	0	0	0
rs11264296	1	154994750	0.1473	-0.0139	0.0096	0.5673	0.4327	56306	1417791	0.0381969436203995	T	C	FALSE	0	1.63799e-120	0	3.10220428562019e-67	0	0	0	0
rs11264297	1	155008973	0.4081	-0.0082	0.01	0.6503	0.3497	56306	1417791	0.0381969436203995	T	C	FALSE	0	2.77773e-124	0	1.58784377668723e-67	0	0	0	0
rs11264298	1	155009258	0.379	0.0088	0.01	0.3525	0.3525	56306	1417791	0.0381969436203995	A	G	FALSE	0	2.82319e-123	0	1.67071185910189e-67	0	0	0	0
rs11264300	1	155019710	0.4521	-0.0075	0.0099	0.6525	0.3475	56306	1417791	0.0381969436203995	A	C	FALSE	0	2.8555e-124	0	1.49667947380671e-67	0	0	0	0
rs11264301	1	155020836	0.5563	0.0059	0.0101	0.347	0.347	56306	1417791	0.0381969436203995	T	C	FALSE	0	1.16265e-123	0	1.35951383689202e-67	0	0	0	0
rs11264302	1	155028522	1.714e-05	-0.0411	0.0096	0.518	0.482	56306	1417791	0.0381969436203995	A	G	FALSE	0	1.38519e-118	0	1.01962506553715e-63	0	0	5	1
rs11264303	1	155030557	1.471e-05	0.0412	0.0095	0.4817	0.4817	56306	1417791	0.0381969436203995	A	C	FALSE	0	1.25349e-121	0	1.28201465834395e-63	0	0	6	1
rs11264304	1	155033317	7.921e-13	0.0724	0.0101	0.3189	0.3189	56306	1417791	0.0381969436203995	T	C	FALSE	0	5.8555e-97	0	1.54578582076141e-56	0	0	3	0.992934000487055
rs11264305	1	155033572	1.538e-12	0.0711	0.0101	0.3183	0.3183	56306	1417791	0.0381969436203995	A	G	FALSE	0	4.29188e-71	0	6.20944983777807e-57	0	0	0	0.0070659995129434
rs11264306	1	155043325	5.361e-07	-0.047	0.0094	0.5167	0.4833	56306	1417791	0.0381969436203995	A	C	FALSE	0	1.39805e-122	0	2.78656048903477e-62	0	0	0	0
rs11264307	1	155047719	3.835e-07	-0.0476	0.0094	0.5166	0.4834	56306	1417791	0.0381969436203995	T	C	FALSE	0	1.71511e-122	0	3.83928501998722e-62	0	0	0	0
rs11264311	1	155054743	7.796e-07	-0.0468	0.0095	0.4931	0.4931	56306	1417791	0.0381969436203995	A	C	FALSE	0	9.95809e-123	0	1.95403305964101e-62	0	0	0	0
rs11264312	1	155075888	4.225e-08	0.0516	0.0094	0.5097	0.4903	56306	1417791	0.0381969436203995	T	C	FALSE	0	3.16537e-102	0	3.60784949614516e-61	0	0	0	5.55111512312578e-16
rs11264313	1	155076505	8.064e-08	0.0508	0.0095	0.5093	0.4907	56306	1417791	0.0381969436203995	A	G	FALSE	0	4.93249e-103	0	1.69100368919709e-61	0	0	0	1.11022302462516e-16
rs11264314	1	155078423	4.16e-08	0.0515	0.0094	0.5096	0.4904	56306	1417791	0.0381969436203995	C	G	FALSE	0	6.9713e-112	0	3.40382432207699e-61	0	0	0	1.11022302462516e-16
rs11264318	1	155083717	4.595e-06	0.0532	0.0116	0.5105	0.4895	42598	1322509	0.0312048799105125	A	T	FALSE	0	3.72001e-107	0	4.69290475825597e-63	0	0	0	0
rs11264319	1	155083942	3.363e-08	0.052	0.0094	0.5135	0.4865	56306	1417791	0.0381969436203995	T	C	FALSE	0	7.21916e-112	0	4.55894061771643e-61	0	0	0	1.11022302462516e-15
rs11264321	1	155085898	4.176e-06	-0.0438	0.0095	0.4232	0.4232	56306	1417791	0.0381969436203995	A	C	FALSE	0	6.16469e-123	0	4.34946671164036e-63	0	0	0	0
rs11264322	1	155087933	8.021e-06	-0.0428	0.0096	0.4194	0.4194	56306	1417791	0.0381969436203995	A	G	FALSE	0	9.37051e-123	0	2.20664546785277e-63	0	0	0	0
rs11264324	1	155090212	0.05375	-0.0367	0.019	0.0669	0.0669	56306	1417791	0.0381969436203995	T	C	FALSE	0	5.81777e-124	0	1.36595447827166e-66	0	0	0	0
rs11264326	1	155092807	0.05052	0.0372	0.019	0.9332	0.0668	56306	1417791	0.0381969436203995	A	G	FALSE	0	9.63719e-123	0	1.43702208702587e-66	0	0	0	0
rs11264327	1	155095107	4.389e-05	-0.0394	0.0096	0.3849	0.3849	56306	1417791	0.0381969436203995	A	G	FALSE	0	8.6626e-120	0	4.86111577709803e-64	0	0	0	0
rs11264328	1	155095124	4.881e-07	-0.0474	0.0094	0.4512	0.4512	56306	1417791	0.0381969436203995	A	G	FALSE	0	2.62224e-116	0	3.4487381845401e-62	0	0	0	0
rs11264329	1	155095158	4.899e-07	0.0474	0.0094	0.5488	0.4512	56306	1417791	0.0381969436203995	A	G	FALSE	0	1.66143e-120	0	3.4487381845401e-62	0	0	0	0
rs11264331	1	155100265	1.068e-06	0.0468	0.0096	0.5655	0.4345	56306	1417791	0.0381969436203995	A	G	FALSE	0	1.29049e-122	0	1.53551084568332e-62	0	0	0	0
rs11264333	1	155108287	4.958e-05	-0.0387	0.0095	0.3987	0.3987	56306	1417791	0.0381969436203995	A	G	FALSE	0	3.73568e-123	0	4.24975332491211e-64	0	0	0	0
rs11264334	1	155126599	3.471e-05	0.0398	0.0096	0.6085	0.3915	56306	1417791	0.0381969436203995	T	C	FALSE	0	2.78694e-116	0	5.77043752737884e-64	0	0	0	0
rs11264335	1	155126698	1.967e-05	0.041	0.0096	0.6089	0.3911	56306	1417791	0.0381969436203995	A	G	FALSE	0	5.0261e-116	0	9.75305294254462e-64	0	0	0	0
rs11264337	1	155138450	0.3858	-0.0081	0.0094	0.4724	0.4724	56306	1417791	0.0381969436203995	T	C	FALSE	0	3.11735e-122	0	1.54609454077012e-67	0	0	0	0
rs11264338	1	155138557	0.352	0.0088	0.0094	0.5274	0.4726	56306	1417791	0.0381969436203995	A	G	FALSE	0	4.28179e-119	0	1.65289220721529e-67	0	0	0	0
rs11264339	1	155140648	0.3449	-0.0089	0.0094	0.4705	0.4705	56306	1417791	0.0381969436203995	T	C	FALSE	0	2.3454e-122	0	1.6694936458196e-67	0	0	0	0
rs11264341	1	155151493	0.3412	0.009	0.0095	0.4209	0.4209	56306	1417791	0.0381969436203995	T	C	FALSE	0	7.33568e-123	0	1.68807177829379e-67	0	0	0	0
rs11264343	1	155199666	0.4663	0.0076	0.0104	0.7044	0.2956	55137	1416823	0.0374582189733417	T	C	FALSE	0	2.90335e-124	0	1.54099165927923e-67	0	0	0	0
rs11264345	1	155213124	0.4237	-0.0083	0.0104	0.2953	0.2953	55137	1416823	0.0374582189733417	A	T	FALSE	0	1.32414e-123	0	1.62212812931611e-67	0	0	0	0
rs11264346	1	155223007	0.9701	-4e-04	0.011	0.244	0.244	56306	1417791	0.0381969436203995	A	T	FALSE	0	1.2169e-123	0	1.24947435964237e-67	0	0	0	0
rs11264348	1	155229915	0.6206	-0.0066	0.0133	0.2505	0.2505	42598	1322509	0.0312048799105125	T	G	FALSE	0	6.54603e-123	0	1.70543767934193e-67	0	0	0	0
rs11264349	1	155248113	0.9987	0	0.0108	0.742	0.258	56306	1417791	0.0381969436203995	A	T	FALSE	0	3.2236e-124	0	1.22601489591271e-67	0	0	0	0
rs11264351	1	155253495	0.1684	-0.0587	0.0426	0.0213	0.0213	55137	1416823	0.0374582189733417	A	G	FALSE	0	2.90599e-124	0	1.17458220717701e-66	0	0	0	0
rs11264352	1	155255837	0.9218	0.0011	0.0107	0.7434	0.2566	56306	1417791	0.0381969436203995	T	C	FALSE	0	4.43548e-124	0	1.22111284968325e-67	0	0	0	0
rs11264353	1	155255906	0.9031	0.0013	0.0109	0.2557	0.2557	55137	1416823	0.0374582189733417	C	G	FALSE	0	4.37175e-124	0	1.24613870034308e-67	0	0	0	0
rs11264355	1	155257492	0.9094	0.0012	0.0107	0.7417	0.2583	56306	1417791	0.0381969436203995	C	G	FALSE	0	4.39454e-124	0	1.22233651404762e-67	0	0	0	0
rs11264357	1	155268958	0.7593	-0.0033	0.0107	0.261	0.261	56306	1417791	0.0381969436203995	T	C	FALSE	0	1.4879e-120	0	1.27368770123682e-67	0	0	0	0
rs11264358	1	155280164	0.928	-0.001	0.0108	0.7501	0.2499	56306	1417791	0.0381969436203995	T	C	FALSE	0	5.39924e-124	0	1.23126638114155e-67	0	0	0	0
rs11264359	1	155282829	0.7916	0.0028	0.0107	0.7428	0.2572	56306	1417791	0.0381969436203995	A	G	FALSE	0	4.55695e-122	0	1.25688252703235e-67	0	0	0	0
rs11264360	1	155284586	0.6226	0.0068	0.0138	0.2437	0.2437	41429	1321541	0.0303961202374227	A	T	FALSE	0	8.89598e-119	0	1.76614689478413e-67	0	0	0	0
rs11264361	1	155289545	0.7579	-0.0033	0.0109	0.7499	0.2501	56306	1417791	0.0381969436203995	T	G	FALSE	0	1.72674e-123	0	1.29518345720694e-67	0	0	0	0
rs11264363	1	155318308	0.8902	-0.0014	0.0103	0.6953	0.3047	56306	1417791	0.0381969436203995	C	G	FALSE	0	3.8801e-122	0	1.18023227477641e-67	0	0	0	0
rs11264365	1	155332994	0.4516	0.0082	0.0109	0.2577	0.2577	56306	1417791	0.0381969436203995	A	G	FALSE	0	2.79606e-122	0	1.64065146873442e-67	0	0	0	0
rs11264366	1	155335411	0.7091	-0.004	0.0107	0.7356	0.2644	56306	1417791	0.0381969436203995	A	T	FALSE	0	2.74575e-124	0	1.30234835458458e-67	0	0	0	0
rs11264367	1	155337338	0.6602	-0.0047	0.0107	0.736	0.264	56306	1417791	0.0381969436203995	T	C	FALSE	0	1.13426e-123	0	1.33734908929367e-67	0	0	0	0
rs11264369	1	155359830	0.8936	0.0014	0.0106	0.2806	0.2806	56306	1417791	0.0381969436203995	T	C	FALSE	0	3.6079e-123	0	1.21388715524588e-67	0	0	0	0
rs11264370	1	155371447	0.6479	-0.0049	0.0107	0.7346	0.2654	56306	1417791	0.0381969436203995	T	C	FALSE	0	4.48404e-124	0	1.34857764843297e-67	0	0	0	0
rs11264371	1	155412037	0.4418	0.0086	0.0112	0.2349	0.2349	56306	1417791	0.0381969436203995	T	C	FALSE	0	1.45874e-123	0	1.70558412873958e-67	0	0	0	0
rs11264372	1	155412930	0.3996	-0.0095	0.0112	0.7651	0.2349	56306	1417791	0.0381969436203995	A	G	FALSE	0	2.15754e-123	0	1.81963531104191e-67	0	0	0	0
rs11264374	1	155421512	0.5495	-0.0078	0.0131	0.7353	0.2647	42598	1322509	0.0312048799105125	A	C	FALSE	0	5.58787e-124	0	1.77296905136774e-67	0	0	0	0
rs11264375	1	155424065	0.6639	-0.0046	0.0106	0.7352	0.2648	56306	1417791	0.0381969436203995	T	C	FALSE	0	3.48836e-124	0	1.32184444221474e-67	0	0	0	0
rs11264380	1	155520144	0.6017	-0.0055	0.0106	0.735	0.265	56306	1417791	0.0381969436203995	T	C	FALSE	0	2.80138e-124	0	1.37625369992527e-67	0	0	0	0
rs11264381	1	155522572	0.4809	-0.0075	0.0106	0.7353	0.2647	56306	1417791	0.0381969436203995	T	C	FALSE	0	2.87132e-124	0	1.54456226260608e-67	0	0	0	0
rs11264383	1	155545346	0.4506	0.008	0.0106	0.2654	0.2654	56306	1417791	0.0381969436203995	T	C	FALSE	0	1.37055e-122	0	1.59860488729837e-67	0	0	0	0
rs11264386	1	155559170	0.4309	0.0084	0.0107	0.2657	0.2657	56306	1417791	0.0381969436203995	T	G	FALSE	0	1.59095e-122	0	1.65163068366198e-67	0	0	0	0
rs11264387	1	155563152	0.3469	0.0101	0.0107	0.2651	0.2651	56306	1417791	0.0381969436203995	A	C	FALSE	0	2.52184e-122	0	1.89405366775886e-67	0	0	0	0
rs11264393	1	155574471	0.4135	0.0088	0.0108	0.2639	0.2639	56306	1417791	0.0381969436203995	A	C	FALSE	0	2.55319e-123	0	1.70704771019027e-67	0	0	0	0
rs11264398	1	155614245	0.3307	0.0104	0.0107	0.2615	0.2615	56306	1417791	0.0381969436203995	T	C	FALSE	0	3.45833e-122	0	1.94546479044907e-67	0	0	0	0
rs11264401	1	155645306	0.5033	-0.0173	0.0259	0.0589	0.0589	42598	1322509	0.0312048799105125	A	G	FALSE	0	2.7966e-124	0	3.63644930693369e-67	0	0	0	0
rs11264402	1	155661670	0.05304	-0.1143	0.0591	0.0183	0.0183	40150	751098	0.0507426243099509	T	C	FALSE	0	2.33005e-123	0	3.59834036602127e-66	0	0	0	0
rs11264403	1	155676492	0.9095	-0.0031	0.0268	0.9508	0.0492	56306	1417791	0.0381969436203995	A	G	FALSE	0	4.24498e-124	0	3.03968602816671e-67	0	0	0	0
rs11264410	1	155745349	0.1614	0.0145	0.0104	0.2891	0.2891	56306	1417791	0.0381969436203995	A	G	FALSE	0	1.94859e-121	0	3.11258335969541e-67	0	0	0	0
rs11264413	1	155788656	0.07595	0.0185	0.0104	0.2847	0.2847	56306	1417791	0.0381969436203995	A	G	FALSE	0	7.98467e-121	0	5.72026191582752e-67	0	0	0	0
rs11264421	1	155901307	0.7992	-0.0046	0.0181	0.0778	0.0778	56306	1417791	0.0381969436203995	T	C	FALSE	0	4.04297e-124	0	2.11603566595338e-67	0	0	0	0
rs11264422	1	155907823	0.01089	0.0255	0.01	0.667	0.333	56306	1417791	0.0381969436203995	A	T	FALSE	0	1.05892e-118	0	2.90831081360976e-66	0	0	0	0
rs11264426	1	155940948	0.06489	-0.02	0.0108	0.2519	0.2519	56306	1417791	0.0381969436203995	T	G	FALSE	0	7.38933e-122	0	6.77650285418471e-67	0	0	0	0
rs11264427	1	155968992	0.8441	-0.003	0.0154	0.12	0.12	56306	1417791	0.0381969436203995	T	C	FALSE	0	1.69058e-123	0	1.77882527722039e-67	0	0	0	0
rs11264431	1	156022802	0.2552	-0.011	0.0097	0.5519	0.4481	56306	1417791	0.0381969436203995	T	C	FALSE	0	2.78763e-124	0	2.09200367810737e-67	0	0	0	0
rs11264432	1	156042915	0.2177	-0.012	0.0098	0.5319	0.4681	56306	1417791	0.0381969436203995	A	G	FALSE	0	3.44244e-124	0	2.35079600857971e-67	0	0	0	0
rs11264434	1	156057327	0.5188	-0.0085	0.0132	0.1579	0.1579	56306	1417791	0.0381969436203995	T	C	FALSE	0	1.10809e-122	0	1.84071126631971e-67	0	0	0	0
rs11264435	1	156059276	0.03466	-0.0244	0.0115	0.2242	0.2242	56306	1417791	0.0381969436203995	A	G	FALSE	0	2.92096e-124	0	1.23030396972142e-66	0	0	0	0
rs11264437	1	156071071	0.3611	-0.012	0.0131	0.1593	0.1593	56306	1417791	0.0381969436203995	T	C	FALSE	0	6.89137e-124	0	2.25672373051134e-67	0	0	0	0
rs11264438	1	156074020	0.3815	0.0135	0.0154	0.8215	0.1785	42598	1322509	0.0312048799105125	C	G	FALSE	0	2.75289e-124	0	2.55757634391112e-67	0	0	0	0
rs11264442	1	156104375	0.2949	0.0321	0.0307	0.0236	0.0236	56306	1417791	0.0381969436203995	T	G	FALSE	0	5.75078e-124	0	5.88469958615968e-67	0	0	0	0
rs11264443	1	156104392	0.2776	0.0333	0.0307	0.0235	0.0235	56306	1417791	0.0381969436203995	T	C	FALSE	0	5.75553e-124	0	6.12900039223391e-67	0	0	0	0
rs11264447	1	156112422	0.215	0.0129	0.0104	0.6517	0.3483	56306	1417791	0.0381969436203995	T	G	FALSE	0	1.08362e-122	0	2.54298056528357e-67	0	0	0	0
rs11264448	1	156129748	0.004089	-0.0284	0.0099	0.6112	0.3888	55137	1416823	0.0374582189733417	A	C	FALSE	0	1.88335e-118	0	6.81434253747796e-66	0	0	0	0
rs11265201	1	154137694	0.2219	-0.0263	0.0215	0.0554	0.0554	56306	1417791	0.0381969436203995	T	C	FALSE	0	1.39001e-123	0	5.09172522442767e-67	1	1	0	0
rs11265238	1	154149767	0.0004435	-0.0535	0.0152	0.8863	0.1137	56306	1417791	0.0381969436203995	T	C	FALSE	0	1.55141e-113	0	8.14680107131785e-65	0	0	0	0
rs11265251	1	154157090	0.03636	0.0202	0.0096	0.5762	0.4238	56306	1417791	0.0381969436203995	T	C	FALSE	0	1.85043e-119	0	9.92404956541684e-67	0	0	0	0
rs11265285	1	154174569	0.7601	0.0029	0.0097	0.5574	0.4426	56306	1417791	0.0381969436203995	T	C	FALSE	0	1.78866e-123	0	1.15167366824296e-67	0	0	0	0
rs11265299	1	154185476	0.105	0.0159	0.0098	0.621	0.379	56306	1417791	0.0381969436203995	C	G	FALSE	0	8.91301e-124	0	4.13662337949374e-67	0	0	0	0
rs11265303	1	154189963	0.14	0.0309	0.0209	0.9402	0.0598	56306	1417791	0.0381969436203995	T	C	FALSE	0	3.21712e-123	0	6.9665930857888e-67	3	1	0	0
rs11265310	1	154197126	0.1877	0.0273	0.0208	0.9402	0.0598	56306	1417791	0.0381969436203995	T	C	FALSE	0	2.2381e-123	0	5.51440875734966e-67	2	1	0	0
rs11265353	1	154211215	0.8699	-0.002	0.0123	0.3769	0.3769	42598	1322509	0.0312048799105125	A	C	FALSE	0	2.75199e-124	0	1.41419472366244e-67	0	0	0	0
rs11265398	1	154235657	0.1262	-0.0331	0.0217	0.0585	0.0585	56306	1417791	0.0381969436203995	A	G	FALSE	0	4.03704e-124	0	7.74419166028741e-67	0	0	0	0
rs11265425	1	154245142	0.2837	-0.0117	0.0109	0.718	0.282	56306	1417791	0.0381969436203995	T	G	FALSE	0	2.18195e-123	0	2.19754408313843e-67	0	0	0	0
rs11265530	1	154285052	0.6085	-0.0058	0.0113	0.2608	0.2608	56306	1417791	0.0381969436203995	A	G	FALSE	0	1.64448e-122	0	1.46256827795818e-67	0	0	0	0
rs11265539	1	154290852	0.3217	0.0149	0.0151	0.8779	0.1221	56306	1417791	0.0381969436203995	C	G	FALSE	0	9.79868e-122	0	2.77767634081666e-67	0	0	0	0
rs11265593	1	154328464	0.6729	-0.0045	0.0107	0.7091	0.2909	56306	1417791	0.0381969436203995	T	C	FALSE	0	1.25172e-123	0	1.32667612638477e-67	0	0	0	0
rs11265594	1	154328508	0.1716	0.0185	0.0135	0.1459	0.1459	56306	1417791	0.0381969436203995	A	G	FALSE	0	7.14505e-124	0	3.89928896972985e-67	0	0	0	0
rs11265604	1	154352521	0.07502	-0.0174	0.0098	0.4549	0.4549	56306	1417791	0.0381969436203995	A	G	FALSE	0	4.12071e-124	0	5.36182747323513e-67	0	0	0	0
rs11265606	1	154356459	0.8707	0.0018	0.0108	0.2849	0.2849	56306	1417791	0.0381969436203995	T	C	FALSE	0	2.81784e-124	0	1.24311147918467e-67	0	0	0	0
rs11265607	1	154357678	0.844	-0.0021	0.0108	0.7171	0.2829	56306	1417791	0.0381969436203995	A	G	FALSE	0	3.28915e-124	0	1.24934366287314e-67	0	0	0	0
rs11265608	1	154364140	0.01875	0.0375	0.016	0.1008	0.1008	56306	1417791	0.0381969436203995	A	G	FALSE	0	1.02749e-122	0	2.7776583379576e-66	0	0	0	0
rs11265609	1	154364328	0.8443	0.0021	0.0108	0.283	0.283	56306	1417791	0.0381969436203995	T	C	FALSE	0	2.80283e-124	0	1.24934366287314e-67	0	0	0	0
rs11265611	1	154395125	0.1373	-0.0153	0.0103	0.5985	0.4015	37688	981372	0.0369831020744608	A	G	FALSE	0	3.54924e-124	0	3.5143031475339e-67	0	0	0	0
rs11265612	1	154417044	0.1153	0.015	0.0095	0.4212	0.4212	56306	1417791	0.0381969436203995	A	G	FALSE	0	2.70017e-121	0	3.74183040042192e-67	0	0	0	0
rs11265613	1	154418415	0.2034	0.0122	0.0096	0.5981	0.4019	56306	1417791	0.0381969436203995	T	C	FALSE	0	8.41608e-124	0	2.43986720225012e-67	0	0	0	0
rs11265618	1	154430092	0.9764	-4e-04	0.0123	0.1757	0.1757	56306	1417791	0.0381969436203995	T	C	FALSE	0	2.18472e-123	0	1.39642755610703e-67	0	0	0	0
rs11265627	1	154496286	0.8218	0.0028	0.0126	0.8313	0.1687	56306	1417791	0.0381969436203995	A	C	FALSE	0	1.14309e-121	0	1.46519555607614e-67	0	0	0	0
rs11265629	1	154498574	0.6489	0.007	0.0154	0.8302	0.1698	42598	1322509	0.0312048799105125	A	G	FALSE	0	1.08554e-121	0	1.93438102194639e-67	0	0	0	0
rs11265634	1	154522248	0.9902	2e-04	0.0123	0.1811	0.1811	56306	1417791	0.0381969436203995	A	G	FALSE	0	3.212e-122	0	1.39587594356128e-67	0	0	0	0
rs112674677	1	154508792	0.04401	0.0238	0.0118	0.1958	0.1958	56306	1417791	0.0381969436203995	T	C	FALSE	0	2.10828e-118	0	1.01657760469817e-66	0	0	0	0
rs112684415	1	154752940	0.7643	0.0057	0.0191	0.921	0.079	49565	1411288	0.0339288073474881	C	G	FALSE	0	3.35108e-123	0	2.25907443126827e-67	0	0	0	0
rs112685832	1	155822629	0.4825	-0.0148	0.0211	0.1181	0.1181	42598	1322509	0.0312048799105125	A	C	FALSE	0	3.22965e-124	0	3.04257988061857e-67	0	0	0	0
rs1127309	1	154561925	0.06968	-0.019	0.0105	0.2927	0.2927	55137	1416823	0.0374582189733417	T	C	FALSE	0	1.5502e-123	0	6.10047033068097e-67	0	0	0	0
rs1127311	1	154556663	0.3554	0.0088	0.0096	0.4871	0.4871	56306	1417791	0.0381969436203995	A	G	FALSE	0	2.60397e-122	0	1.65775498650298e-67	0	0	0	0
rs1127313	1	154556425	0.3634	0.0087	0.0095	0.4879	0.4879	56306	1417791	0.0381969436203995	A	G	FALSE	0	2.53842e-122	0	1.6392435099337e-67	0	0	0	0
rs1127314	1	154556266	0.03085	0.0223	0.0103	0.7019	0.2981	56306	1417791	0.0381969436203995	A	G	FALSE	0	2.8191e-124	0	1.21098137039367e-66	0	0	0	0
rs1127317	1	154556040	0.03573	0.0215	0.0103	0.7032	0.2968	56306	1417791	0.0381969436203995	T	G	FALSE	0	1.4269e-123	0	1.02708543758679e-66	0	0	0	0
rs1127326	1	154555492	0.04045	-0.0211	0.0103	0.3002	0.3002	56306	1417791	0.0381969436203995	T	C	FALSE	0	7.72166e-121	0	9.48027644783406e-67	0	0	0	0
rs112745976	1	154996815	0.6302	0.0178	0.0369	0.0229	0.0229	56306	1417791	0.0381969436203995	A	G	FALSE	0	3.71417e-124	0	4.61665708841821e-67	0	0	0	0
rs112746338	1	154325984	0.1728	-0.0847	0.0622	0.988	0.012	36519	980404	0.0359112735182506	A	T	FALSE	0	1.38874e-122	0	1.57252350924256e-66	0	0	0	0
rs112818818	1	154758219	0.9313	-0.0016	0.0186	0.0807	0.0807	49565	1411288	0.0339288073474881	C	G	FALSE	0	1.27304e-123	0	2.11319819182551e-67	0	0	0	0
rs112835528	1	155122335	0.1727	0.0249	0.0183	0.1153	0.1153	56306	1417791	0.0381969436203995	T	C	FALSE	0	1.38432e-123	0	5.18835833220278e-67	0	0	0	0
rs112941217	1	156057417	0.0779	-0.07	0.0397	0.9831	0.0169	56306	1417791	0.0381969436203995	T	C	FALSE	0	7.15047e-124	0	1.97520776212692e-66	0	0	0	0
rs113012729	1	154977113	0.0008173	-0.088	0.0263	0.9645	0.0355	56306	1417791	0.0381969436203995	A	G	FALSE	0	5.67488e-123	0	7.27347483190673e-65	0	0	0	0
rs113013702	1	155745034	0.2494	-0.0305	0.0265	0.963	0.037	56306	1417791	0.0381969436203995	T	C	FALSE	0	1.0516e-123	0	5.7260695600828e-67	0	0	0	0
rs113019059	1	155780032	0.9954	1e-04	0.0229	0.0472	0.0472	56306	1417791	0.0381969436203995	A	G	FALSE	0	8.15202e-123	0	2.58651788746019e-67	0	0	0	0
rs113057497	1	154367754	0.01996	0.0377	0.0162	0.1002	0.1002	56306	1417791	0.0381969436203995	T	C	FALSE	0	7.00892e-123	0	2.70478589213619e-66	0	0	0	0
rs113072664	1	155765520	0.9959	-1e-04	0.0226	0.048	0.048	56306	1417791	0.0381969436203995	T	G	FALSE	0	7.78758e-123	0	2.55306403960679e-67	0	0	0	0
rs113090054	1	154848817	0.1926	0.039	0.0299	0.0277	0.0277	56306	1417791	0.0381969436203995	A	G	FALSE	0	3.90982e-124	0	7.72568050709325e-67	0	0	0	0
rs113095355	1	155704994	0.9599	-0.0012	0.0231	0.0481	0.0481	56306	1417791	0.0381969436203995	T	C	FALSE	0	9.31878e-123	0	2.61226290741292e-67	0	0	0	0
rs113102681	1	155816541	0.9018	-0.0028	0.0226	0.0492	0.0492	56306	1417791	0.0381969436203995	A	G	FALSE	0	1.0186e-122	0	2.57245997337331e-67	0	0	0	0
rs113129002	1	155509562	0.02768	0.0471	0.0214	0.9363	0.0637	56306	1417791	0.0381969436203995	T	C	FALSE	0	6.57878e-124	0	2.65231503725785e-66	0	0	4	0.291063666812182
rs113134681	1	155777977	0.9947	2e-04	0.0227	0.0488	0.0488	56306	1417791	0.0381969436203995	A	G	FALSE	0	7.2745e-123	0	2.56429089398144e-67	0	0	0	0
rs1131397	1	154938235	0.0004108	0.0891	0.0252	0.0376	0.0376	56306	1417791	0.0381969436203995	C	G	FALSE	0	5.43043e-118	0	1.33622071306667e-64	0	0	0	0
rs1131820	1	154744852	0.7891	-0.003	0.0113	0.2727	0.2727	50455	1411925	0.0345019762305283	A	G	FALSE	0	2.8127e-124	0	1.32845595713402e-67	0	0	0	0
rs113225877	1	155970008	0.09134	0.0642	0.038	0.9621	0.0379	42598	1322509	0.0312048799105125	T	C	FALSE	0	5.19338e-124	0	1.68267235731794e-66	0	0	0	0
rs113261881	1	154997572	0.07767	-0.0392	0.0222	0.0549	0.0549	56306	1417791	0.0381969436203995	A	G	FALSE	0	8.85308e-122	0	1.17005788455474e-66	0	0	0	0
rs113283296	1	155637444	0.7408	0.0179	0.054	0.0141	0.0141	41429	1321541	0.0303961202374227	A	G	FALSE	0	5.51141e-124	0	6.23817170321184e-67	0	0	0	0
rs113303894	1	156043412	0.7437	0.0138	0.0423	0.0138	0.0138	55137	1416823	0.0374582189733417	T	C	FALSE	0	3.31193e-124	0	4.9506731945939e-67	0	0	0	0
rs113312468	1	155390486	0.02339	0.0458	0.0202	0.9292	0.0708	56306	1417791	0.0381969436203995	T	C	FALSE	0	4.52335e-124	0	2.90993607422114e-66	0	0	4	0.708936333187818
rs113314132	1	155094189	0.01831	0.051	0.0216	0.9383	0.0617	56306	1417791	0.0381969436203995	A	G	FALSE	0	3.43094e-119	0	3.83923795016546e-66	0	0	0	0
rs113325045	1	154413242	0.03337	0.0686	0.0322	0.0413	0.0413	42598	1322509	0.0312048799105125	A	G	FALSE	0	4.85148e-118	0	3.3012548845978e-66	0	0	0	0
rs113334800	1	155645658	0.9982	1e-04	0.0257	0.0465	0.0465	56306	1417791	0.0381969436203995	T	C	FALSE	0	1.59244e-119	0	2.89790617664042e-67	0	0	0	0
rs113405739	1	154976518	0.1102	-0.0531	0.0332	0.9656	0.0344	42598	1322509	0.0312048799105125	A	G	FALSE	0	1.79584e-120	0	1.29277142020855e-66	0	0	0	0
rs113461732	1	155094213	0.01957	0.0504	0.0216	0.9382	0.0618	56306	1417791	0.0381969436203995	T	C	FALSE	0	1.6418e-122	0	3.59960821705625e-66	0	0	0	0
rs113487506	1	156081019	0.7316	0.0156	0.0455	0.0142	0.0142	55137	1416823	0.0374582189733417	T	C	FALSE	0	3.15289e-124	0	5.3336914048881e-67	0	0	0	0
rs113498767	1	155894422	0.6214	-0.0088	0.0179	0.0775	0.0775	56306	1417791	0.0381969436203995	A	T	FALSE	0	5.60595e-123	0	2.28502081756578e-67	0	0	0	0
rs113516516	1	155732682	0.9414	-0.0017	0.0229	0.0475	0.0475	56306	1417791	0.0381969436203995	T	C	FALSE	0	2.33183e-119	0	2.59353791789627e-67	0	0	0	0
rs113542858	1	154892363	0.2141	0.0329	0.0265	0.0344	0.0344	56306	1417791	0.0381969436203995	T	C	FALSE	0	7.96427e-124	0	6.36935148829963e-67	0	0	0	0
rs113544820	1	155819018	0.8732	-0.0049	0.0305	0.0502	0.0502	42598	1322509	0.0312048799105125	A	G	FALSE	0	6.50747e-124	0	3.47127607838537e-67	0	0	0	0
rs113580743	1	154420333	0.08066	0.0565	0.0324	0.0473	0.0473	42598	1322509	0.0312048799105125	A	G	FALSE	0	6.42068e-121	0	1.59980730714671e-66	0	0	0	0
rs113597615	1	155392868	0.07111	0.1355	0.0751	0.9874	0.0125999999999999	22811	885122	0.0251241005668921	T	C	FALSE	0	2.214e-123	0	3.32842213344023e-66	0	0	0	0
rs113607672	1	155680397	0.9567	-0.0013	0.0232	0.0482	0.0482	56306	1417791	0.0381969436203995	A	G	FALSE	0	9.42185e-123	0	2.62399236510375e-67	0	0	0	0
rs113618762	1	154199049	0.2703	0.0688	0.0625	0.9872	0.0128	36519	980404	0.0359112735182506	A	G	FALSE	0	1.16065e-115	0	1.17779960945599e-66	0	0	0	0
rs113624284	1	154339299	0.3638	0.0126	0.0139	0.8536	0.1464	56306	1417791	0.0381969436203995	A	G	FALSE	0	1.68203e-122	0	2.3727072439808e-67	0	0	0	0
rs113625558	1	155131930	0.5987	0.0237	0.045	0.9747	0.0253	42598	1322509	0.0312048799105125	T	C	FALSE	0	3.80834e-124	0	5.69537641205735e-67	0	0	0	0
rs113671475	1	155406476	0.07019	-0.0489	0.027	0.0378	0.0378	56306	1417791	0.0381969436203995	T	C	FALSE	0	5.05929e-122	0	1.52288513010381e-66	0	0	0	0
rs113690547	1	155190282	0.006831	0.0528	0.0195	0.9129	0.0871	55137	1416823	0.0374582189733417	T	G	FALSE	0	2.73305e-124	0	8.33160737825272e-66	0	0	0	0
rs113710565	1	154970972	0.00095	-0.0871	0.0263	0.9646	0.0354	56306	1417791	0.0381969436203995	A	G	FALSE	0	8.37504e-122	0	6.50293684699867e-65	0	0	0	0
rs113721028	1	154293096	0.9817	7e-04	0.0309	0.0484	0.0484	42598	1322509	0.0312048799105125	A	G	FALSE	0	2.8831e-124	0	3.47255496484772e-67	0	0	0	0
rs113787706	1	155179766	0.4051	0.0379	0.0455	0.9746	0.0254	42598	1322509	0.0312048799105125	A	C	FALSE	0	5.12918e-124	0	7.01468521097463e-67	0	0	0	0
rs113807604	1	155120530	0.007469	-0.0416	0.0156	0.1228	0.1228	56306	1417791	0.0381969436203995	T	C	FALSE	0	4.11491e-119	0	6.05803892588484e-66	0	0	0	0
rs113825194	1	155751423	0.9978	1e-04	0.0229	0.047	0.047	56306	1417791	0.0381969436203995	A	T	FALSE	0	7.61057e-123	0	2.58651788746019e-67	0	0	0	0
rs113869131	1	155825578	0.9724	8e-04	0.0226	0.9528	0.0472	56306	1417791	0.0381969436203995	C	G	FALSE	0	8.21713e-123	0	2.55461920729232e-67	0	0	0	0
rs113877196	1	154716205	0.2978	-0.0416	0.04	0.9816	0.0184	50092	1411760	0.0342661226991515	C	G	FALSE	0	1.66882e-112	0	7.50033607259107e-67	0	0	0	0
rs113888194	1	155674871	0.975	7e-04	0.0234	0.0488	0.0488	56306	1417791	0.0381969436203995	T	C	FALSE	0	1.39819e-122	0	2.64337913826245e-67	0	0	0	0
rs113892626	1	155065613	0.8985	-0.0068	0.0535	0.0133	0.0133	41429	1321541	0.0303961202374227	C	G	FALSE	0	2.73169e-124	0	5.92003599448007e-67	0	0	0	0
rs113915076	1	154508812	0.04564	0.0236	0.0118	0.1958	0.1958	56306	1417791	0.0381969436203995	A	G	FALSE	0	2.01239e-118	0	9.82669769422376e-67	0	0	0	0
rs113920303	1	154763613	0.436	0.0087	0.0112	0.2878	0.2878	50455	1411925	0.0345019762305283	T	G	FALSE	0	2.00751e-122	0	1.71734899389526e-67	0	0	0	0
rs113932675	1	155085666	0.06404	-0.035	0.0189	0.0673	0.0673	56306	1417791	0.0381969436203995	A	G	FALSE	0	5.53559e-124	0	1.17035945706845e-66	0	0	0	0
rs113984861	1	154208791	0.3078	-0.0295	0.0289	0.0342	0.0342	56306	1417791	0.0381969436203995	T	C	FALSE	0	6.81495e-123	0	5.4168194818525e-67	0	0	0	0
rs114030644	1	155813509	0.9704	-0.002	0.0528	0.0171	0.0171	42598	1322509	0.0312048799105125	A	G	FALSE	0	2.78478e-124	0	5.80763443231618e-67	0	0	0	0
rs114056923	1	154868744	0.2331	0.0328	0.0275	0.9625	0.0375	56306	1417791	0.0381969436203995	T	C	FALSE	0	7.37425e-117	0	6.22516886811277e-67	0	0	0	0
rs114068229	1	155324949	0.8686	0.0075	0.0456	0.0198	0.0198	42598	1322509	0.0312048799105125	T	C	FALSE	0	2.95962e-124	0	5.11974642841382e-67	0	0	0	0
rs114099759	1	155407240	0.5295	0.0636	0.1011	0.0101	0.0101	13811	877169	0.0155009091113156	T	C	FALSE	0	3.7689e-124	0	1.20084350991879e-66	0	0	0	0
rs114103760	1	156078614	0.136	0.0589	0.0395	0.9663	0.0337	42598	1322509	0.0312048799105125	A	G	FALSE	0	1.43489e-123	0	1.2843759360969e-66	0	0	0	0
rs114104743	1	155689813	8.306e-08	-0.0943	0.0176	0.8993	0.1007	56306	1417791	0.0381969436203995	T	C	FALSE	0	7.04756e-123	0	3.0579553307039e-61	0	0	2	1
rs114124430	1	154779926	0.9211	0.0029	0.0294	0.0324	0.0324	50455	1411925	0.0345019762305283	A	G	FALSE	0	1.6202e-119	0	3.32259451460908e-67	0	0	0	0
rs114124710	1	154700096	0.7757	-0.0199	0.0699	0.9884	0.0116000000000001	35345	1315724	0.0261607660304544	T	C	FALSE	0	2.73453e-124	0	7.77749748558554e-67	0	0	0	0
rs114130331	1	155306195	0.7008	0.0157	0.0408	0.9683	0.0317	42598	1322509	0.0312048799105125	T	C	FALSE	0	3.76801e-124	0	4.87955067860842e-67	0	0	0	0
rs114138760	1	154898185	4.193e-09	0.2812	0.0478	0.0112	0.0112	56306	1417791	0.0381969436203995	C	G	FALSE	0	3.12273e-116	0	6.79208901849582e-60	0	0	0	0
rs114166921	1	154211108	0.2224	-0.0776	0.0636	0.0118	0.0118	41429	1321541	0.0303961202374227	A	G	FALSE	0	4.51734e-124	0	1.35463981217958e-66	0	0	0	0
rs114167203	1	155800865	0.7676	-0.0203	0.0687	0.9878	0.0122	42598	1322509	0.0312048799105125	A	G	FALSE	0	2.74787e-124	0	7.68069240698813e-67	0	0	0	0
rs114184321	1	154755994	0.2837	0.029	0.0271	0.0359	0.0359	50455	1411925	0.0345019762305283	A	G	FALSE	0	1.93296e-123	0	5.35676945791887e-67	0	0	0	0
rs114192875	1	155882092	0.9069	0.0051	0.0437	0.9721	0.0279	42598	1322509	0.0312048799105125	A	G	FALSE	0	3.1781e-124	0	4.88518777570513e-67	0	0	0	0
rs1142287	1	155230131	0.9553	-6e-04	0.0108	0.2521	0.2521	56306	1417791	0.0381969436203995	T	C	FALSE	0	5.07257e-124	0	1.22790284532588e-67	0	0	0	0
rs114268268	1	154758322	0.2277	0.0326	0.027	0.0358	0.0358	50455	1411925	0.0345019762305283	T	C	FALSE	0	1.19077e-123	0	6.22363872854371e-67	0	0	0	0
rs114272540	1	154912544	0.2911	0.032	0.0303	0.0304	0.0304	56306	1417791	0.0381969436203995	T	C	FALSE	0	6.38594e-124	0	5.87465166253111e-67	0	0	0	0
rs114324536	1	155188761	0.1092	0.0829	0.0517	0.9871	0.0129	55137	1416823	0.0374582189733417	T	C	FALSE	0	3.19089e-115	0	1.89887496339539e-66	0	0	0	0
rs114346493	1	156028446	0.2077	-0.0486	0.0385	0.0193	0.0193	56306	1417791	0.0381969436203995	T	C	FALSE	0	4.60035e-124	0	9.26665569779454e-67	0	0	0	0
rs114382204	1	154753225	0.1545	0.1019	0.0716	0.0129	0.0129	16433	878784	0.0183564431864006	T	C	FALSE	0	4.1552e-124	0	1.88056061352118e-66	0	0	0	0
rs114382761	1	155961103	0.5054	-0.0383	0.0575	0.0185	0.0185	42598	1322509	0.0312048799105125	A	G	FALSE	0	2.50094e-123	0	7.71105182057075e-67	0	0	0	0
rs114403222	1	154766803	0.09896	-0.0573	0.0348	0.9757	0.0243	49416	1411171	0.0338329726336055	T	G	FALSE	0	1.73473e-113	0	1.45285251211909e-66	0	0	0	0
rs114413971	1	155140023	0.04024	-0.0582	0.0284	0.0436	0.0436	56306	1417791	0.0381969436203995	A	C	FALSE	0	5.52461e-109	0	2.50378615821863e-66	0	0	0	0
rs114427537	1	156081542	0.1816	0.0473	0.0354	0.019	0.019	56306	1417791	0.0381969436203995	T	C	FALSE	0	9.71916e-124	0	9.41693052321778e-67	0	0	0	0
rs114442346	1	155855207	0.9335	-0.0035	0.0425	0.9773	0.0227000000000001	56306	1417791	0.0381969436203995	T	C	FALSE	0	2.75302e-124	0	4.74145525301257e-67	0	0	0	0
rs114445392	1	154438143	0.804	0.0144	0.0582	0.0147	0.0147	42598	1322509	0.0312048799105125	T	C	FALSE	0	3.05873e-124	0	6.53479167268211e-67	0	0	0	0
rs114503518	1	154964954	0.2132	0.0484	0.0389	0.0183	0.0183	56306	1417791	0.0381969436203995	A	C	FALSE	0	9.10878e-121	0	9.15160141164527e-67	0	0	0	0
rs114507934	1	154824075	0.6757	-0.0141	0.0337	0.9682	0.0318000000000001	56306	1417791	0.0381969436203995	T	C	FALSE	0	9.56325e-123	0	4.11356484271397e-67	0	0	0	0
rs114516409	1	156045755	0.4427	-0.0334	0.0435	0.014	0.014	56306	1417791	0.0381969436203995	T	C	FALSE	0	3.31053e-124	0	6.40311835701631e-67	0	0	0	0
rs114516591	1	155946015	0.437	0.05	0.0643	0.9805	0.0195	22811	885122	0.0251241005668921	C	G	FALSE	0	2.94815e-119	0	9.15288873154183e-67	0	0	0	0
rs114525519	1	155151837	0.06152	0.0791	0.0423	0.0281	0.0281	42598	1322509	0.0312048799105125	T	G	FALSE	0	2.14092e-88	0	2.50814840798361e-66	0	0	0	0
rs114540418	1	155127360	0.03854	-0.1067	0.0516	0.0146	0.0146	56306	1417791	0.0381969436203995	A	G	FALSE	0	1.18901e-121	0	4.2161567401947e-66	0	0	0	0
rs114564798	1	154439474	0.2381	0.0533	0.0452	0.0147	0.0147	56306	1417791	0.0381969436203995	T	C	FALSE	0	6.38808e-124	0	9.71181917130379e-67	0	0	0	0
rs114603881	1	154293923	0.8337	-0.0063	0.03	0.9655	0.0345	56306	1417791	0.0381969436203995	T	G	FALSE	0	2.74018e-124	0	3.44634965904655e-67	0	0	0	0
rs114639817	1	154186137	0.09214	0.0693	0.0412	0.0221	0.0221	56306	1417791	0.0381969436203995	T	G	FALSE	0	2.96516e-111	0	1.78209872177004e-66	0	0	0	0
rs11465205	1	155160941	0.1346	-0.0499	0.0333	0.0246	0.0246	56306	1417791	0.0381969436203995	T	C	FALSE	0	7.84378e-123	0	1.11342616455284e-66	0	0	0	0
rs11465206	1	155160556	0.857	-0.0099	0.0551	0.987	0.013	42598	1322509	0.0312048799105125	A	G	FALSE	0	2.73607e-124	0	6.13035171891225e-67	0	0	0	0
rs11465212	1	155157445	0.07437	-0.0738	0.0414	0.0167	0.0167	56306	1417791	0.0381969436203995	A	G	FALSE	0	8.33218e-124	0	2.11479953187289e-66	0	0	0	0
rs114660934	1	154413904	0.3968	0.0266	0.0314	0.0399	0.0399	56306	1417791	0.0381969436203995	A	G	FALSE	0	1.18121e-122	0	5.00530141004902e-67	0	0	0	0
rs114671626	1	154614575	0.5421	-0.0363	0.0596	0.0128	0.0128	56306	1417791	0.0381969436203995	T	C	FALSE	0	2.96492e-124	0	7.69941188244368e-67	0	0	0	0
rs114746058	1	155104213	0.9789	-0.0011	0.0419	0.0163	0.0163	56306	1417791	0.0381969436203995	A	G	FALSE	0	2.78672e-124	0	4.66373905812243e-67	0	0	0	0
rs114760481	1	155321214	0.6679	-0.0173	0.0403	0.0201	0.0201	56306	1417791	0.0381969436203995	T	C	FALSE	0	7.14004e-121	0	4.90706528043292e-67	0	0	0	0
rs114772434	1	154182928	0.08846	-0.0701	0.0411	0.9779	0.0221	56306	1417791	0.0381969436203995	C	G	FALSE	0	3.11433e-120	0	1.84783211668733e-66	0	0	0	0
rs114779784	1	154239549	0.4185	-0.0314	0.0388	0.0256	0.0256	56306	1417791	0.0381969436203995	C	G	FALSE	0	3.14379e-124	0	5.93706378568565e-67	0	0	0	0
rs114792036	1	155469304	0.788	-0.0151	0.0561	0.9808	0.0192	42598	1322509	0.0312048799105125	A	G	FALSE	0	6.48403e-124	0	6.35046035389587e-67	0	0	0	0
rs114800510	1	154360187	0.8453	-0.0055	0.028	0.9603	0.0397	56306	1417791	0.0381969436203995	T	C	FALSE	0	2.75776e-124	0	3.21266008444536e-67	0	0	0	0
rs114800548	1	155833407	0.3238	-0.0357	0.0362	0.9728	0.0272	56306	1417791	0.0381969436203995	T	C	FALSE	0	3.35327e-124	0	6.48490664926687e-67	0	0	0	0
rs114812453	1	154878714	0.02807	0.07	0.0319	0.0267	0.0267	56306	1417791	0.0381969436203995	C	G	FALSE	0	7.14673e-124	0	3.74720532744874e-66	0	0	0	0
rs114816791	1	154620485	0.1785	-0.1858	0.1381	0.0105	0.0105	13887	11669	0.543394897480044	A	G	FALSE	0	1.71729e-121	0	2.38449581363973e-66	0	0	0	0
rs114853077	1	154852735	3.47e-06	0.1635	0.0352	0.0233	0.0233	56306	1417791	0.0381969436203995	T	C	FALSE	0	6.56171e-119	0	1.37977116505071e-62	0	0	0	0
rs114870819	1	154938603	0.2996	0.031	0.0299	0.0306	0.0306	56306	1417791	0.0381969436203995	T	C	FALSE	0	6.28966e-124	0	5.68710469189382e-67	0	0	0	0
rs114879247	1	154434836	0.4642	-0.0283	0.0387	0.9707	0.0293	41429	1321541	0.0303961202374227	T	C	FALSE	0	3.05484e-124	0	5.58935811936733e-67	0	0	0	0
rs114889704	1	155534434	0.925	-0.0029	0.0309	0.9524	0.0476	42598	1322509	0.0312048799105125	T	G	FALSE	0	5.45322e-124	0	3.48664987569877e-67	0	0	0	0
rs35749011	1	155135036	1.72e-70	0.6068	0.0342	0.0169	0.0169	56306	1417791	0.0381969436203995	A	G	TRUE	1	1	1	1	0	0	1	1
