SNP	CHR	POS	P	Effect	StdErr	Freq	MAF	N_cases	N_controls	proportion_cases	A1	A2	leadSNP	ABF.Credible_Set	ABF.PP	SUSIE.Credible_Set	SUSIE.PP	POLYFUN_SUSIE.Credible_Set	POLYFUN_SUSIE.PP	FINEMAP.Credible_Set	FINEMAP.PP
rs1006021	2	95952641	0.3416	0.0139	0.0146	0.8584	0.1416	56306	1417791	0.0381969436203995	A	G	FALSE	0	1.12115742518369e-08	0	0	0	0	0	1.59419e-54
rs10165220	2	95537000	0.002096	-0.0323	0.0105	0.3624	0.3624	55137	1416823	0.0374582189733417	A	G	FALSE	0	5.76081063267759e-07	0	0	0	0	0	1.57659e-55
rs10168251	2	96348510	0.8181	0.0053	0.023	0.0815	0.0815	42598	1322509	0.0312048799105125	T	C	FALSE	0	1.15064681596056e-08	0	0	0	0	0	2.97928e-55
rs10172167	2	95629038	3.46e-06	-0.053	0.0114	0.2303	0.2303	56306	1417791	0.0381969436203995	T	G	FALSE	0	0.00026618447199717	0	0	0	0	0	0
rs10174668	2	95537041	0.02161	-0.031	0.0135	0.3319	0.3319	41429	1321541	0.0303961202374227	T	C	FALSE	0	9.11701711185217e-08	0	0	0	0	0	8.75237e-55
rs10179234	2	95597163	0.001787	0.0316	0.0101	0.5347	0.4653	55137	1416823	0.0374582189733417	A	G	FALSE	0	6.52632708230597e-07	0	0	0	0	0	2.12052e-35
rs10180591	2	95538336	0.1075	-0.0194	0.0121	0.2989	0.2989	54262	1416376	0.0368969114085179	T	C	FALSE	0	2.13225833023323e-08	0	0	0	0	0	1.14802e-55
rs10181516	2	95631419	5.712e-06	-0.0515	0.0113	0.2335	0.2335	56306	1417791	0.0381969436203995	T	C	FALSE	0	0.000173415578921164	0	0	0	0	0	0
rs10183454	2	96164681	0.1365	-0.0255	0.0171	0.0932	0.0932	56306	1417791	0.0381969436203995	A	G	FALSE	0	2.52046572453713e-08	0	0	0	0	0	1.03206e-47
rs10184772	2	95778365	0.49	0.0095	0.0138	0.1385	0.1385	56306	1417791	0.0381969436203995	A	G	FALSE	0	8.54975772539689e-09	0	0	0	0	0	2.13229e-53
rs10185133	2	95542788	0.005898	-0.0297	0.0108	0.368	0.368	55137	1416823	0.0374582189733417	C	G	FALSE	0	2.29551384831973e-07	0	0	0	0	0	2.15507e-55
rs10191151	2	95541842	0.001189	0.0348	0.0108	0.6377	0.3623	55137	1416823	0.0374582189733417	C	G	FALSE	0	9.36486408357412e-07	0	0	0	0	0	9.91753e-36
rs10191464	2	95542112	0.006698	-0.0294	0.0108	0.346	0.346	55137	1416823	0.0374582189733417	T	C	FALSE	0	2.12798306166026e-07	0	0	0	0	0	1.55829e-55
rs10195614	2	95957777	1.381e-07	0.0585	0.0111	0.7489	0.2511	56306	1417791	0.0381969436203995	A	G	FALSE	0	0.00560077569457661	0	0	0	0	0	0
rs10201845	2	96150959	0.8805	-0.0027	0.0181	0.9076	0.0924	56306	1417791	0.0381969436203995	A	G	FALSE	0	8.94102160020485e-09	0	0	0	0	0	1.71675e-55
rs10204751	2	95508286	0.8026	0.0052	0.0207	0.8804	0.1196	34176	1314756	0.0253355988292961	T	G	FALSE	0	1.0420812602413e-08	0	0	0	0	0	8.04432e-56
rs10210891	2	95580865	0.04662	0.0244	0.0123	0.5474	0.4526	41429	1321541	0.0303961202374227	T	G	FALSE	0	4.27637307713146e-08	0	0	0	0	0	5.1009e-41
rs10445976	2	95676438	0.5641	0.0087	0.0151	0.1185	0.1185	56306	1417791	0.0381969436203995	T	C	FALSE	0	8.71174595800571e-09	0	0	0	0	0	4.40583e-47
rs10874467	2	95522747	0.03607	0.0275	0.0131	0.6459	0.3541	41429	1321541	0.0303961202374227	C	G	FALSE	0	5.75259933323455e-08	0	0	0	0	0	2.64751e-41
rs10874471	2	96038093	3.408e-08	0.075	0.0136	0.841	0.159	56306	1417791	0.0381969436203995	T	C	FALSE	0	0.0249290774364712	0	0	0	0	0	0
rs1104775	2	95948987	5.206e-05	-0.0549	0.0136	0.239	0.239	42598	1322509	0.0312048799105125	A	G	FALSE	0	2.21540757197862e-05	0	0	0	0	0	0
rs111397326	2	96374796	0.02767	0.0354	0.0161	0.2012	0.2012	35345	1315724	0.0261607660304544	T	C	FALSE	0	8.69275073890388e-08	0	0	0	0	0	7.61687e-45
rs111594658	2	95881790	0.3802	0.0249	0.0284	0.0506	0.0506	42598	1322509	0.0312048799105125	A	G	FALSE	0	2.01045420525131e-08	0	0	0	0	0	9.85521e-56
rs11164111	2	95535544	0.002443	-0.0315	0.0104	0.3659	0.3659	55137	1416823	0.0374582189733417	A	G	FALSE	0	4.94141137204513e-07	0	0	0	0	0	1.6379e-55
rs11164112	2	95537622	0.002494	0.0329	0.0109	0.6484	0.3516	55137	1416823	0.0374582189733417	A	G	FALSE	0	5.01089501527005e-07	0	0	0	0	0	8.32061e-37
rs11164116	2	95585292	0.001065	0.0339	0.0104	0.5377	0.4623	55137	1416823	0.0374582189733417	C	G	FALSE	0	1.01887686426662e-06	0	0	0	0	0	1.13395e-34
rs11164117	2	95680267	0.001116	0.0306	0.0094	0.5204	0.4796	56306	1417791	0.0381969436203995	A	G	FALSE	0	9.10742135254417e-07	0	0	0	0	0	5.85535e-49
rs11164122	2	95976912	1.246e-05	0.0599	0.0137	0.7561	0.2439	42598	1322509	0.0312048799105125	T	C	FALSE	0	9.08110388443888e-05	0	0	0	0	0	0
rs11164126	2	96159722	0.1194	-0.0268	0.0172	0.0936	0.0936	56306	1417791	0.0381969436203995	A	G	FALSE	0	2.80501232209185e-08	0	0	0	0	0	6.71814e-55
rs111650907	2	95862098	2.514e-06	0.0524	0.0111	0.7515	0.2485	56306	1417791	0.0381969436203995	C	G	FALSE	0	0.00036278785527657	0	0	0	0	0	0
rs111701937	2	95538078	0.962	-0.0012	0.0255	0.0737	0.0737	34703	1315228	0.0257072398515183	T	C	FALSE	0	1.2422209442334e-08	0	0	0	0	0	1.65951e-55
rs111935771	2	95695296	0.8429	0.0037	0.0188	0.0684	0.0684	55943	1417626	0.0379642894224838	A	T	FALSE	0	9.35991451191976e-09	0	0	0	0	0	1.011e-55
rs111998380	2	95966565	0.7549	0.007	0.0225	0.0502	0.0502	56306	1417791	0.0381969436203995	T	C	FALSE	0	1.15051852550131e-08	0	0	0	0	0	1.5229e-55
rs112032343	2	96044014	4.101e-06	-0.1263	0.0274	0.0522	0.0522	49053	1411006	0.0335965875351613	A	G	FALSE	0	0.000449997928436657	0	0	0	0	0	5.42803e-55
rs112165035	2	95588607	7.099e-06	-0.052	0.0116	0.2334	0.2334	55137	1416823	0.0374582189733417	A	G	FALSE	0	0.000126878140679626	0	0	0	0	0	0
rs112306420	2	95538361	0.9582	-0.0013	0.0255	0.0737	0.0737	34703	1315228	0.0257072398515183	T	G	FALSE	0	1.24245594341287e-08	0	0	0	0	0	1.67054e-55
rs113733089	2	96016402	0.1634	0.0326	0.0234	0.0573	0.0573	49053	1411006	0.0335965875351613	A	G	FALSE	0	2.96975420466537e-08	0	0	0	0	0	1.31559e-55
rs113758064	2	95701516	0.8398	0.0049	0.0241	0.0703	0.0703	42598	1322509	0.0312048799105125	A	G	FALSE	0	1.19790371100432e-08	0	0	0	0	0	1.06411e-55
rs113974174	2	96056769	0.3455	0.0286	0.0303	0.0501	0.0501	35345	1315724	0.0261607660304544	T	C	FALSE	0	2.27156755909835e-08	0	0	0	0	0	7.30658e-56
rs114044329	2	95679016	6.095e-06	0.1094	0.0242	0.947	0.053	56306	1417791	0.0381969436203995	A	G	FALSE	0	0.00027862130833154	0	0	0	0	0	5.62769e-42
rs114615085	2	95776956	3.319e-05	-0.1011	0.0244	0.0525	0.0525	56306	1417791	0.0381969436203995	A	G	FALSE	0	5.60020576622796e-05	0	0	0	0	0	9.05198e-56
rs114615899	2	96467253	0.05756	0.0422	0.0222	0.1178	0.1178	35345	1315724	0.0261607660304544	A	G	FALSE	0	6.44875832003948e-08	0	0	0	0	0	5.54167e-44
rs114884754	2	95553030	1.993e-05	0.0525	0.0123	0.7691	0.2309	55137	1416823	0.0374582189733417	A	T	FALSE	0	5.25925801320352e-05	0	0	0	0	0	0
rs114943497	2	95571823	0.7276	0.0066	0.0189	0.9149	0.0850999999999999	55137	1416823	0.0374582189733417	A	C	FALSE	0	9.8053699252802e-09	0	0	0	0	1	0.999862
rs115528323	2	95972159	0.009644	0.0796	0.0307	0.0592	0.0592	35345	1315724	0.0261607660304544	T	C	FALSE	0	3.97189647908872e-07	0	0	0	0	0	2.20619e-37
rs115641503	2	96407567	0.2915	-0.028	0.0265	0.9326	0.0674	35345	1315724	0.0261607660304544	C	G	FALSE	0	2.23047204915306e-08	0	0	0	0	0	3.52093e-48
rs115880417	2	95983210	0.8874	-0.0045	0.0316	0.0597	0.0597	35872	1316196	0.0265312099687294	A	G	FALSE	0	1.54637987965574e-08	0	0	0	0	0	9.24677e-56
rs116013757	2	96474721	0.4298	0.0216	0.0274	0.0654	0.0654	35345	1315724	0.0261607660304544	A	G	FALSE	0	1.80659108786326e-08	0	0	0	0	0	2.13551e-42
rs116118641	2	96358603	0.496	0.0208	0.0305	0.0517	0.0517	35345	1315724	0.0261607660304544	T	C	FALSE	0	1.85647937263508e-08	0	0	0	0	0	7.83983e-56
rs116287759	2	96473318	0.8968	-0.0028	0.0218	0.9112	0.0888	42598	1322509	0.0312048799105125	A	G	FALSE	0	1.07181311873547e-08	0	0	0	0	0	1.07547e-55
rs116512416	2	95544865	0.8844	0.0113	0.0779	0.083	0.083	6634	4884	0.575968050008682	T	C	FALSE	0	3.59352125292541e-08	0	0	0	0	0	7.106e-56
rs116675189	2	95764604	0.224	0.0302	0.0248	0.9436	0.0564	37688	981372	0.0369831020744608	A	G	FALSE	0	2.5058540908956e-08	0	0	0	0	0	1.49511e-55
rs116778080	2	95700986	4.967e-06	0.1102	0.0241	0.947	0.053	56306	1417791	0.0381969436203995	T	C	FALSE	0	0.000350654489770406	0	0	0	0	0	1.64941e-41
rs116833964	2	95967623	0.4975	0.0208	0.0306	0.9355	0.0645	35872	1316196	0.0265312099687294	T	C	FALSE	0	1.85960477906625e-08	0	0	0	0	0	6.71212e-56
rs11686534	2	95901265	0.0002881	-0.0354	0.0098	0.4599	0.4599	56306	1417791	0.0381969436203995	A	G	FALSE	0	3.22114981560141e-06	0	0	0	0	0	1.36361e-52
rs11688742	2	96367616	0.02959	0.0272	0.0125	0.2	0.2	49053	1411006	0.0335965875351613	T	C	FALSE	0	6.47048411030561e-08	0	0	0	0	0	9.6886e-55
rs11883879	2	95528861	0.03317	0.0276	0.0129	0.6449	0.3551	41429	1321541	0.0303961202374227	C	G	FALSE	0	6.16981794784433e-08	0	0	0	0	0	2.95137e-41
rs11893788	2	95540188	0.6368	-0.0263	0.0556	0.8943	0.1057	6634	4884	0.575968050008682	C	G	FALSE	0	2.91539742052852e-08	0	0	0	0	0	9.89943e-56
rs11897976	2	96007303	3.448e-08	-0.062	0.0112	0.2522	0.2522	56306	1417791	0.0381969436203995	T	C	FALSE	0	0.0235891044154397	0	0	0	0	0	0
rs11901209	2	95553305	0.002103	-0.0328	0.0107	0.3545	0.3545	55137	1416823	0.0374582189733417	A	G	FALSE	0	5.67696737629554e-07	0	0	0	0	0	1.39037e-55
rs12465202	2	95528035	0.4292	-0.0464	0.0588	0.8774	0.1226	6634	4884	0.575968050008682	T	C	FALSE	0	3.68572414587844e-08	0	0	0	0	0	7.0696e-56
rs12468777	2	96038810	2.939e-08	0.0754	0.0136	0.8406	0.1594	56306	1417791	0.0381969436203995	A	G	FALSE	0	0.0293096293773406	0	0	0	0	0	0
rs12470428	2	95903902	0.8709	0.0025	0.0151	0.1184	0.1184	56306	1417791	0.0381969436203995	C	G	FALSE	0	7.48769706545565e-09	0	0	0	0	0	4.02824e-54
rs12471385	2	95806969	0.8231	0.0036	0.0162	0.0985	0.0985	56306	1417791	0.0381969436203995	T	C	FALSE	0	8.11774645170691e-09	0	0	0	0	0	8.02985e-56
rs12474195	2	95595941	2.527e-06	0.0558	0.0119	0.7779	0.2221	55137	1416823	0.0374582189733417	T	C	FALSE	0	0.000333528650913462	0	0	0	0	0	0
rs12612789	2	95527678	0.03415	0.0275	0.013	0.6443	0.3557	41429	1321541	0.0303961202374227	T	C	FALSE	0	5.90647738482214e-08	0	0	0	0	0	2.59406e-41
rs12615758	2	95671751	0.5473	0.0127	0.021	0.0623	0.0623	56306	1417791	0.0381969436203995	A	G	FALSE	0	1.22766018117606e-08	0	0	0	0	0	6.47466e-55
rs12620892	2	95945189	0.7675	0.0045	0.0151	0.1235	0.1235	56306	1417791	0.0381969436203995	T	C	FALSE	0	7.71979401836139e-09	0	0	0	0	0	4.81765e-55
rs12624036	2	96158720	0.9312	-0.0018	0.0207	0.9126	0.0874	56306	1417791	0.0381969436203995	A	T	FALSE	0	1.01383718854654e-08	0	0	0	0	0	1.91478e-55
rs12624038	2	96158728	0.9154	-0.0022	0.0207	0.9125	0.0875	56306	1417791	0.0381969436203995	A	C	FALSE	0	1.01571171324731e-08	0	0	0	0	0	1.84971e-55
rs12717775	2	96496891	0.1703	-0.018	0.0131	0.6436	0.3564	42598	1322509	0.0312048799105125	A	C	FALSE	0	1.64154118632446e-08	0	0	0	0	0	8.81307e-56
rs12717784	2	95552783	0.002758	-0.0319	0.0107	0.3514	0.3514	55137	1416823	0.0374582189733417	T	C	FALSE	0	4.40544505957853e-07	0	0	0	0	0	1.55895e-55
rs12992066	2	95947085	2.765e-07	-0.0581	0.0113	0.2426	0.2426	56306	1417791	0.0381969436203995	A	G	FALSE	0	0.00291948526626968	0	0	0	0	0	0
rs12996830	2	95562883	0.435	0.0198	0.0254	0.1104	0.1104	15558	878337	0.0174047287433088	A	G	FALSE	0	1.66687986315054e-08	0	0	0	0	0	1.05581e-55
rs12998267	2	96248482	0.8944	-0.0028	0.021	0.8822	0.1178	42598	1322509	0.0312048799105125	A	G	FALSE	0	1.03357915084301e-08	0	0	0	0	0	2.10818e-55
rs13005775	2	95734474	0.8612	0.003	0.0169	0.099	0.099	56306	1417791	0.0381969436203995	A	G	FALSE	0	8.39117824299235e-09	0	0	0	0	0	7.96068e-56
rs13013517	2	95574666	0.686	0.0089	0.022	0.0785	0.0785	48411	1410510	0.0331827425885295	T	C	FALSE	0	1.16308343128632e-08	0	0	0	0	0	7.89631e-56
rs1316873	2	95698646	0.6521	-0.0069	0.0153	0.8834	0.1166	56306	1417791	0.0381969436203995	C	G	FALSE	0	8.27977621599996e-09	0	0	0	0	0	2.12317e-50
rs13383433	2	95553194	0.001922	0.0329	0.0106	0.6515	0.3485	55137	1416823	0.0374582189733417	C	G	FALSE	0	6.32984029465074e-07	0	0	0	0	0	1.09135e-32
rs13385838	2	95868247	0.9306	0.0013	0.0151	0.1188	0.1188	56306	1417791	0.0381969436203995	A	G	FALSE	0	7.41361665518263e-09	0	0	0	0	0	3.53427e-54
rs13387294	2	95888434	0.9077	-0.0017	0.0151	0.8817	0.1183	56306	1417791	0.0381969436203995	T	G	FALSE	0	7.43304014327071e-09	0	0	0	0	0	1.81858e-54
rs13392201	2	95992354	0.9356	-0.0017	0.0214	0.0899	0.0899	42598	1322509	0.0312048799105125	T	C	FALSE	0	1.04708922327032e-08	0	0	0	0	0	1.75036e-55
rs13396622	2	95556107	0.001735	0.0336	0.0107	0.6441	0.3559	55137	1416823	0.0374582189733417	A	T	FALSE	0	7.15449191185213e-07	0	0	0	0	0	1.9268e-32
rs13397825	2	95867109	0.9032	-0.0018	0.0151	0.8818	0.1182	56306	1417791	0.0381969436203995	T	C	FALSE	0	7.43871490724408e-09	0	0	0	0	0	1.80539e-54
rs13399849	2	95994706	0.9089	-0.002	0.0173	0.0924	0.0924	56306	1417791	0.0381969436203995	T	C	FALSE	0	8.51128449198441e-09	0	0	0	0	0	1.72473e-55
rs13414018	2	95525624	0.03611	0.0272	0.013	0.6455	0.3545	41429	1321541	0.0303961202374227	A	C	FALSE	0	5.6277154409899e-08	0	0	0	0	0	1.96859e-41
rs13421580	2	95553036	0.002194	-0.0328	0.0107	0.3554	0.3554	55137	1416823	0.0374582189733417	A	G	FALSE	0	5.67696737629554e-07	0	0	0	0	0	1.38956e-55
rs13432811	2	95551786	0.00134	0.034	0.0106	0.6559	0.3441	55137	1416823	0.0374582189733417	A	G	FALSE	0	8.77434302601571e-07	0	0	0	0	0	1.83668e-32
rs138491075	2	96373634	0.2845	0.0241	0.0226	0.9018	0.0981999999999999	55431	1417344	0.0376371136120589	A	T	FALSE	0	1.93132662571474e-08	0	0	0	0	0	9.10663e-51
rs1424362	2	96198358	0.09565	0.0287	0.0172	0.9055	0.0945	56306	1417791	0.0381969436203995	T	C	FALSE	0	3.34785827337793e-08	0	0	0	0	0	4.92815e-13
rs149302308	2	95735979	0.0005054	-0.0751	0.0216	0.0714	0.0714	56306	1417791	0.0381969436203995	A	G	FALSE	0	4.14325871403538e-06	0	0	0	0	0	1.42518e-55
rs149724409	2	96421042	0.2007	-0.0347	0.0271	0.9352	0.0648	35345	1315724	0.0261607660304544	A	G	FALSE	0	2.94650465151707e-08	0	0	0	0	0	1.04138e-48
rs150095490	2	95596754	0.7015	0.0085	0.0223	0.0545	0.0545	55137	1416823	0.0374582189733417	A	G	FALSE	0	1.16807394492882e-08	0	0	0	0	0	3.15332e-55
rs150915633	2	95922619	0.3155	-0.0546	0.0544	0.9389	0.0611000000000001	26421	442271	0.056371775067635	C	G	FALSE	0	4.11590200843725e-08	0	0	0	0	0	1.26097e-55
rs1559483	2	95969879	6.195e-08	-0.0598	0.0111	0.2572	0.2572	56306	1417791	0.0381969436203995	C	G	FALSE	0	0.0104341669316902	0	0	0	0	0	0
rs17119064	2	95721459	0.5598	0.0091	0.0156	0.1125	0.1125	56306	1417791	0.0381969436203995	T	C	FALSE	0	9.03520730267609e-09	0	0	0	0	0	1.13746e-48
rs17119140	2	95864032	1.999e-06	-0.0525	0.011	0.2508	0.2508	56306	1417791	0.0381969436203995	T	C	FALSE	0	0.000460136913018164	0	0	0	0	0	0
rs17119148	2	95880005	2.021e-06	0.0525	0.0111	0.7467	0.2533	56306	1417791	0.0381969436203995	T	C	FALSE	0	0.000378515535511589	0	0	0	0	0	0
rs17802697	2	95667621	0.003555	0.0275	0.0094	0.5204	0.4796	56306	1417791	0.0381969436203995	A	C	FALSE	0	3.2941663747112e-07	0	0	0	0	0	7.02902e-50
rs17803470	2	95874133	0.7315	-0.0065	0.019	0.0818	0.0818	56306	1417791	0.0381969436203995	T	G	FALSE	0	9.83278330854004e-09	0	0	0	0	0	1.0432e-55
rs1808357	2	96421425	0.5862	-0.0067	0.0124	0.2026	0.2026	56306	1417791	0.0381969436203995	A	G	FALSE	0	7.02148083226289e-09	0	0	0	0	0	1.2213e-55
rs182633407	2	95861495	0.3694	0.0667	0.0743	0.0562	0.0562	7803	5852	0.571439033321128	A	G	FALSE	0	4.86828406001476e-08	0	0	0	0	0	1.01533e-55
rs1862896	2	96184423	0.131	0.0259	0.0172	0.9079	0.0921	56306	1417791	0.0381969436203995	A	C	FALSE	0	2.59045848254563e-08	0	0	0	0	0	4.62344e-21
rs1862897	2	96015741	3.801e-08	-0.0619	0.0113	0.2521	0.2521	56306	1417791	0.0381969436203995	T	C	FALSE	0	0.0173102688072571	0	0	0	0	0	0
rs1875402	2	95848354	2.004e-06	0.0525	0.0111	0.7488	0.2512	56306	1417791	0.0381969436203995	A	G	FALSE	0	0.000378515535511589	0	0	0	0	0	0
rs190046736	2	95861488	0.3256	0.0731	0.0744	0.0563	0.0563	7803	5852	0.571439033321128	A	C	FALSE	0	5.22706979918637e-08	0	0	0	0	0	1.10854e-55
rs1914687	2	95615157	0.6743	0.0092	0.022	0.0548	0.0548	55137	1416823	0.0374582189733417	A	G	FALSE	0	1.16954764934284e-08	0	0	0	0	0	4.01408e-55
rs1966272	2	95926154	1.147e-06	0.054	0.0111	0.7495	0.2505	56306	1417791	0.0381969436203995	A	C	FALSE	0	0.000722378899305428	0	0	0	0	0	0
rs1974909	2	96241051	0.5859	0.0109	0.02	0.0907	0.0907	56306	1417791	0.0381969436203995	A	G	FALSE	0	1.13087854982038e-08	0	0	0	0	0	5.13268e-55
rs1976770	2	95521616	0.03986	-0.027	0.0131	0.3532	0.3532	41429	1321541	0.0303961202374227	A	T	FALSE	0	5.31533394425958e-08	0	0	0	0	0	1.86542e-54
rs1976771	2	95521701	0.0382	-0.0272	0.0131	0.3529	0.3529	41429	1321541	0.0303961202374227	A	T	FALSE	0	5.48514846196421e-08	0	0	0	0	0	1.76841e-54
rs1979583	2	95521095	0.03762	-0.0273	0.0131	0.3532	0.3532	41429	1321541	0.0303961202374227	A	G	FALSE	0	5.57256446327361e-08	0	0	0	0	0	1.71596e-54
rs1979584	2	95521174	0.0376	0.0273	0.0131	0.6468	0.3532	41429	1321541	0.0303961202374227	A	G	FALSE	0	5.57256446327361e-08	0	0	0	0	0	2.22987e-41
rs2001254	2	95809238	1.764e-06	-0.0529	0.0111	0.2523	0.2523	56306	1417791	0.0381969436203995	T	C	FALSE	0	0.000448909695638522	0	0	0	0	0	0
rs2005613	2	96423982	0.4293	0.0092	0.0117	0.775	0.225	56306	1417791	0.0381969436203995	T	C	FALSE	0	7.79716569556531e-09	0	0	0	0	0	6.27319e-55
rs2010533	2	95929713	9.945e-07	-0.0544	0.0111	0.2512	0.2512	56306	1417791	0.0381969436203995	A	G	FALSE	0	0.000860892120004882	0	0	0	0	0	0
rs2042477	2	96000943	1.375e-08	-0.0657	0.0116	0.2422	0.2422	56306	1417791	0.0381969436203995	A	T	TRUE	0	0.049754305926994	1	1	0	0	0	0
rs2059314	2	96006995	1.043e-06	0.0485	0.0099	0.5941	0.4059	56306	1417791	0.0381969436203995	A	C	FALSE	0	0.00076666989551077	0	0	0	0	0	7.86763e-08
rs2077443	2	95523255	0.03545	-0.0275	0.0131	0.3541	0.3541	41429	1321541	0.0303961202374227	A	G	FALSE	0	5.75259933323455e-08	0	0	0	0	0	1.61772e-54
rs2098768	2	95926648	1.526e-06	-0.0534	0.0111	0.251	0.251	56306	1417791	0.0381969436203995	A	G	FALSE	0	0.000556600680118005	0	0	0	0	0	0
rs2113412	2	96235906	0.2304	0.021	0.0175	0.9052	0.0948	56306	1417791	0.0381969436203995	A	G	FALSE	0	1.74737094559936e-08	0	0	0	0	0	1.53889e-34
rs2113417	2	95999856	3.103e-08	0.0622	0.0112	0.7476	0.2524	56306	1417791	0.0381969436203995	A	G	FALSE	0	0.0260361739908258	2	1	0	0	0	0
rs2113418	2	95988849	7.95e-05	0.0385	0.0098	0.5202	0.4798	56306	1417791	0.0381969436203995	A	G	FALSE	0	1.05863109719577e-05	0	0	0	0	0	9.83839e-40
rs2113419	2	96033635	3.149e-08	-0.0752	0.0136	0.159	0.159	56306	1417791	0.0381969436203995	A	G	FALSE	0	0.0270278513660714	0	0	0	0	0	0
rs2161066	2	96477028	0.3823	0.0134	0.0153	0.8025	0.1975	42598	1322509	0.0312048799105125	T	C	FALSE	0	1.09573691137459e-08	0	0	0	0	0	1.44799e-54
rs2193883	2	96385848	0.5092	-0.0115	0.0175	0.0875	0.0875	56306	1417791	0.0381969436203995	A	C	FALSE	0	1.05956745131249e-08	0	0	0	0	0	2.43842e-53
rs2278065	2	95973857	1.581e-05	-0.0595	0.0138	0.2627	0.2627	42598	1322509	0.0312048799105125	T	C	FALSE	0	7.03299702338403e-05	0	0	0	0	0	0
rs2278067	2	95955680	7.76e-06	0.0428	0.0096	0.5097	0.4903	56306	1417791	0.0381969436203995	T	G	FALSE	0	9.5217195440004e-05	0	0	0	0	0	7.20719e-54
rs2279785	2	95690258	0.8428	0.0043	0.0219	0.0559	0.0559	56306	1417791	0.0381969436203995	C	G	FALSE	0	1.08846721469283e-08	0	0	0	0	0	1.54836e-54
rs2291991	2	95720630	2.977e-07	0.0568	0.0111	0.746	0.254	56306	1417791	0.0381969436203995	A	C	FALSE	0	0.00253429917819072	0	0	0	0	0	0
rs2315517	2	96363789	0.3344	-0.0172	0.0178	0.0914	0.0914	56306	1417791	0.0381969436203995	T	C	FALSE	0	1.38215031833297e-08	0	0	0	0	0	3.17982e-55
rs2315667	2	96465201	0.4421	-0.0118	0.0153	0.1968	0.1968	42598	1322509	0.0312048799105125	T	C	FALSE	0	1.00582435616095e-08	0	0	0	0	0	9.2837e-56
rs2320339	2	95950045	3.502e-07	-0.0565	0.0111	0.2538	0.2538	56306	1417791	0.0381969436203995	A	C	FALSE	0	0.00220870302840491	0	0	0	0	0	0
rs2320431	2	96024876	2.31e-08	0.0774	0.0138	0.8468	0.1532	56306	1417791	0.0381969436203995	A	C	FALSE	0	0.0424687152102545	0	0	0	0	0	0
rs2320619	2	95734623	1.377e-06	-0.054	0.0112	0.2509	0.2509	56306	1417791	0.0381969436203995	A	G	FALSE	0	0.000590591366715415	0	0	0	0	0	0
rs2320620	2	95735140	1.041e-06	0.0543	0.0111	0.7482	0.2518	56306	1417791	0.0381969436203995	T	C	FALSE	0	0.000823853710976364	0	0	0	0	0	0
rs2320624	2	95856611	2.379e-06	-0.052	0.011	0.2513	0.2513	56306	1417791	0.0381969436203995	A	G	FALSE	0	0.000371023775900915	0	0	0	0	0	0
rs2320625	2	95862736	1.738e-05	-0.0424	0.0099	0.3709	0.3709	56306	1417791	0.0381969436203995	T	C	FALSE	0	4.56146320432896e-05	0	0	0	0	0	4.47407e-43
rs28680439	2	95528170	0.03275	0.0277	0.013	0.6444	0.3556	41429	1321541	0.0303961202374227	T	C	FALSE	0	6.10174571501925e-08	0	0	0	0	0	3.0349e-41
rs2874186	2	96256310	0.8182	-0.0039	0.0169	0.2085	0.2085	23980	886090	0.0263496214576901	T	G	FALSE	0	8.48224655150141e-09	0	0	0	0	0	2.09854e-55
rs2874315	2	95731727	0.5311	-0.0143	0.0228	0.9451	0.0549	56306	1417791	0.0381969436203995	T	G	FALSE	0	1.34940290974305e-08	0	0	0	0	0	2.31407e-55
rs2874316	2	95809604	3.613e-05	-0.1003	0.0243	0.0507	0.0507	56306	1417791	0.0381969436203995	T	C	FALSE	0	5.23356731542967e-05	0	0	0	0	0	9.1616e-56
rs3105098	2	95698210	1.054e-07	0.0608	0.0114	0.7586	0.2414	56306	1417791	0.0381969436203995	C	G	FALSE	0	0.00800787562522935	0	0	0	0	0	0
rs3105099	2	95707519	4.523e-06	-0.0471	0.0103	0.3195	0.3195	56306	1417791	0.0381969436203995	A	G	FALSE	0	0.000170461445040859	0	0	0	0	0	2.93512e-55
rs3105100	2	95742453	1.311e-06	-0.0537	0.0111	0.2513	0.2513	56306	1417791	0.0381969436203995	A	C	FALSE	0	0.000633864255338214	0	0	0	0	0	0
rs3105101	2	95742678	1.061e-06	0.0541	0.0111	0.7477	0.2523	56306	1417791	0.0381969436203995	A	C	FALSE	0	0.000754672043174408	0	0	0	0	0	0
rs3105102	2	95806167	1.171e-06	-0.0539	0.0111	0.2556	0.2556	56306	1417791	0.0381969436203995	C	G	FALSE	0	0.000691523561167606	0	0	0	0	0	0
rs3105103	2	95734218	6.065e-05	0.0458	0.0114	0.6795	0.3205	37688	981372	0.0369831020744608	T	C	FALSE	0	1.73954846619412e-05	0	0	0	0	0	3.38157e-35
rs3105104	2	95816365	1.708e-06	0.0529	0.0111	0.7476	0.2524	56306	1417791	0.0381969436203995	A	G	FALSE	0	0.000448909695638522	0	0	0	0	0	0
rs3105105	2	95848018	1.957e-06	-0.0525	0.011	0.2517	0.2517	56306	1417791	0.0381969436203995	T	C	FALSE	0	0.000460136913018164	0	0	0	0	0	0
rs3112221	2	95816563	1.729e-06	0.0528	0.011	0.7483	0.2517	56306	1417791	0.0381969436203995	A	T	FALSE	0	0.000524092181724758	0	0	0	0	0	0
rs3112222	2	95782742	1.584e-06	-0.0533	0.0111	0.2513	0.2513	56306	1417791	0.0381969436203995	T	C	FALSE	0	0.000533085049845116	0	0	0	0	0	0
rs3112223	2	95805876	1.614e-06	-0.053	0.011	0.2517	0.2517	56306	1417791	0.0381969436203995	T	G	FALSE	0	0.000571830090343659	0	0	0	0	0	0
rs3112225	2	95791528	1.548e-06	0.0532	0.0111	0.7487	0.2513	56306	1417791	0.0381969436203995	T	C	FALSE	0	0.000510604236184534	0	0	0	0	0	0
rs3112226	2	95790331	9.682e-05	0.038	0.0098	0.6072	0.3928	56306	1417791	0.0381969436203995	T	C	FALSE	0	8.67897081369553e-06	0	0	0	0	0	2.33909e-51
rs3112228	2	95835614	1.853e-06	0.0526	0.011	0.7482	0.2518	56306	1417791	0.0381969436203995	T	C	FALSE	0	0.000480497898807238	0	0	0	0	0	0
rs3112229	2	95838674	1.291e-06	-0.0534	0.011	0.2512	0.2512	56306	1417791	0.0381969436203995	A	G	FALSE	0	0.000681420285725925	0	0	0	0	0	0
rs3112230	2	95846158	1.851e-06	-0.0526	0.011	0.2514	0.2514	56306	1417791	0.0381969436203995	T	C	FALSE	0	0.000480497898807238	0	0	0	0	0	0
rs3112231	2	95771096	1.54e-06	-0.0532	0.0111	0.2517	0.2517	56306	1417791	0.0381969436203995	T	C	FALSE	0	0.000510604236184534	0	0	0	0	0	0
rs3112982	2	95715867	5.615e-07	-0.0554	0.0111	0.2539	0.2539	56306	1417791	0.0381969436203995	T	C	FALSE	0	0.00134235609781438	0	0	0	0	0	0
rs3112983	2	95716644	8.102e-07	0.0551	0.0112	0.7486	0.2514	56306	1417791	0.0381969436203995	C	G	FALSE	0	0.000951448064319234	0	0	0	0	0	0
rs3112984	2	95728363	3.445e-06	0.0518	0.0112	0.7472	0.2528	56306	1417791	0.0381969436203995	C	G	FALSE	0	0.000234217582020522	0	0	0	0	0	0
rs3112985	2	95729053	1.224e-06	-0.0538	0.0111	0.2521	0.2521	56306	1417791	0.0381969436203995	T	G	FALSE	0	0.000662039728276013	0	0	0	0	0	0
rs3112986	2	95729338	1.189e-06	-0.0538	0.0111	0.2521	0.2521	56306	1417791	0.0381969436203995	A	G	FALSE	0	0.000662039728276013	0	0	0	0	0	0
rs3112987	2	95731101	1.002e-06	-0.0546	0.0112	0.2497	0.2497	56306	1417791	0.0381969436203995	C	G	FALSE	0	0.000765124191878888	0	0	0	0	0	0
rs3112989	2	95745120	0.0002968	0.0344	0.0095	0.5488	0.4512	56306	1417791	0.0381969436203995	A	G	FALSE	0	3.22664455255863e-06	0	0	0	0	0	1.31527e-49
rs3112990	2	95750419	2.994e-07	-0.0572	0.0112	0.2665	0.2665	56306	1417791	0.0381969436203995	T	C	FALSE	0	0.00242856931488822	0	0	0	0	0	3.63915e-20
rs3112992	2	95784975	0.0001032	-0.0378	0.0097	0.3914	0.3914	56306	1417791	0.0381969436203995	T	C	FALSE	0	9.2636757339583e-06	0	0	0	0	0	3.40586e-46
rs3112994	2	95805009	7.862e-05	-0.0385	0.0097	0.3925	0.3925	56306	1417791	0.0381969436203995	A	G	FALSE	0	1.22958137318364e-05	0	0	0	0	0	7.712e-46
rs3112995	2	95805050	1.635e-06	0.0529	0.011	0.748	0.252	56306	1417791	0.0381969436203995	T	C	FALSE	0	0.000547418475602445	0	0	0	0	0	0
rs3112996	2	95812372	1.657e-06	0.0529	0.011	0.748	0.252	56306	1417791	0.0381969436203995	A	G	FALSE	0	0.000547418475602445	0	0	0	0	0	0
rs3112997	2	95818151	1.683e-06	0.0531	0.0111	0.7502	0.2498	56306	1417791	0.0381969436203995	A	G	FALSE	0	0.000489111038305995	0	0	0	0	0	0
rs3112998	2	95822447	0.0001788	-0.0352	0.0094	0.4474	0.4474	56306	1417791	0.0381969436203995	A	G	FALSE	0	5.03037894466528e-06	0	0	0	0	0	7.53347e-52
rs3112999	2	95849529	2.037e-06	0.0526	0.0111	0.7482	0.2518	56306	1417791	0.0381969436203995	T	C	FALSE	0	0.000394957002391954	0	0	0	0	0	0
rs3113000	2	95849653	1.942e-06	-0.0525	0.011	0.2514	0.2514	56306	1417791	0.0381969436203995	T	C	FALSE	0	0.000460136913018164	0	0	0	0	0	0
rs3113001	2	95855555	1.814e-06	0.0527	0.011	0.7484	0.2516	56306	1417791	0.0381969436203995	T	C	FALSE	0	0.000501801199402639	0	0	0	0	0	0
rs3113002	2	95700730	6.469e-06	0.0462	0.0103	0.6792	0.3208	56306	1417791	0.0381969436203995	A	G	FALSE	0	0.000114870694304974	0	0	0	0	0	0.000114879
rs34010054	2	96334690	0.7934	0.0055	0.0211	0.1154	0.1154	42598	1322509	0.0312048799105125	T	C	FALSE	0	1.06452963943044e-08	0	0	0	0	0	1.07952e-55
rs34017018	2	95575078	0.9152	0.0026	0.0249	0.9264	0.0736	48411	1410510	0.0331827425885295	A	G	FALSE	0	1.21864680282649e-08	0	0	0	0	0	1.35183e-55
rs34055932	2	96044527	0.9276	-0.0021	0.0226	0.891	0.109	37688	981372	0.0369831020744608	T	C	FALSE	0	1.10634756914881e-08	0	0	0	0	0	6.9502e-56
rs34087291	2	95526907	0.04347	-0.0263	0.013	0.3526	0.3526	41429	1321541	0.0303961202374227	C	G	FALSE	0	4.88342734500461e-08	0	0	0	0	0	1.96095e-54
rs34448650	2	96214949	0.5733	-0.0119	0.0211	0.8836	0.1164	42598	1322509	0.0312048799105125	T	C	FALSE	0	1.20468840388528e-08	0	0	0	0	0	3.85806e-55
rs34774407	2	95596159	0.6184	0.0115	0.0232	0.0665	0.0665	48411	1410510	0.0331827425885295	T	C	FALSE	0	1.27620101131829e-08	0	0	0	0	0	9.0578e-56
rs35684682	2	96425099	0.5795	-0.0074	0.0134	0.6861	0.3139	56306	1417791	0.0381969436203995	A	G	FALSE	0	7.63389616156881e-09	0	0	0	0	0	6.76046e-56
rs3755518	2	96023631	2.466e-08	0.0772	0.0138	0.8468	0.1532	56306	1417791	0.0381969436203995	C	G	FALSE	0	0.0391723811697078	0	0	0	0	0	0
rs3755519	2	95989272	5.996e-08	-0.06	0.0111	0.2574	0.2574	56306	1417791	0.0381969436203995	A	T	FALSE	0	0.0114962338507953	0	0	0	0	0	0
rs3755520	2	95985231	7.092e-08	0.0597	0.0111	0.7427	0.2573	56306	1417791	0.0381969436203995	A	G	FALSE	0	0.00994172134489816	0	0	0	0	0	0
rs3755521	2	95983226	6.784e-08	-0.0597	0.0111	0.2573	0.2573	56306	1417791	0.0381969436203995	A	G	FALSE	0	0.00994172134489816	0	0	0	0	0	0
rs3755523	2	95974818	6.275e-08	-0.0598	0.0111	0.2571	0.2571	56306	1417791	0.0381969436203995	A	G	FALSE	0	0.0104341669316902	0	0	0	0	0	0
rs3755525	2	95962548	5.808e-08	-0.0599	0.011	0.2577	0.2577	56306	1417791	0.0381969436203995	C	G	FALSE	0	0.0141600972003459	0	0	0	0	0	0
rs3755526	2	95961417	3.488e-07	0.0602	0.0118	0.7642	0.2358	56306	1417791	0.0381969436203995	T	G	FALSE	0	0.00247721354527384	0	0	0	0	1	1
rs3772031	2	96014891	3.766e-08	0.0619	0.0112	0.7478	0.2522	56306	1417791	0.0381969436203995	A	G	FALSE	0	0.0224558948875364	0	0	0	0	0	0
rs3772032	2	96014132	3.6e-08	0.062	0.0112	0.7477	0.2523	56306	1417791	0.0381969436203995	A	G	FALSE	0	0.0235891044154397	0	0	0	0	0	0
rs3772033	2	96013828	3.834e-08	0.062	0.0113	0.7482	0.2518	56306	1417791	0.0381969436203995	T	C	FALSE	0	0.0181679936074309	0	0	0	0	0	0
rs3772034	2	95989766	4.692e-08	0.0605	0.0111	0.7423	0.2577	56306	1417791	0.0381969436203995	A	G	FALSE	0	0.0146694916059723	0	0	0	0	0	0
rs3772037	2	95988592	5.268e-08	0.0603	0.0111	0.7422	0.2578	56306	1417791	0.0381969436203995	T	C	FALSE	0	0.0133034981426205	0	0	0	0	0	0
rs3772041	2	95972707	6.824e-08	0.0597	0.0111	0.7426	0.2574	56306	1417791	0.0381969436203995	A	G	FALSE	0	0.00994172134489816	0	0	0	0	0	0
rs3772042	2	95970952	7.26e-08	0.0597	0.0111	0.7439	0.2561	56306	1417791	0.0381969436203995	T	C	FALSE	0	0.00994172134489816	0	0	0	0	0	0
rs3772043	2	95966744	6.812e-08	-0.0595	0.011	0.2581	0.2581	56306	1417791	0.0381969436203995	A	G	FALSE	0	0.0116309282711107	0	0	0	0	0	0
rs3772044	2	95966046	3.25e-08	-0.0612	0.0111	0.2556	0.2556	56306	1417791	0.0381969436203995	T	G	FALSE	0	0.0207059046140261	0	0	0	0	1	1
rs3821340	2	96023664	3.712e-05	0.0404	0.0098	0.5663	0.4337	56306	1417791	0.0381969436203995	T	C	FALSE	0	2.3061127830171e-05	0	0	0	0	0	1.06736e-16
rs3821341	2	95995954	8.532e-08	0.06	0.0112	0.7432	0.2568	56306	1417791	0.0381969436203995	T	C	FALSE	0	0.00894637893904742	0	0	0	0	0	0
rs4241315	2	95687104	1.653e-06	-0.0535	0.0112	0.249	0.249	56306	1417791	0.0381969436203995	A	G	FALSE	0	0.000477015159534399	0	0	0	0	0	9.17608e-192
rs4283455	2	95999215	4.105e-08	0.0618	0.0113	0.7467	0.2533	56306	1417791	0.0381969436203995	C	G	FALSE	0	0.0164943254343526	0	0	0	0	0	0
rs4443026	2	95620564	0.002243	0.0301	0.0098	0.5329	0.4671	56306	1417791	0.0381969436203995	A	G	FALSE	0	5.30862357972787e-07	0	0	0	0	0	5.41698e-55
rs4555374	2	95639504	1.262e-06	0.0539	0.0111	0.7528	0.2472	56306	1417791	0.0381969436203995	A	G	FALSE	0	0.000691523561167606	0	0	0	0	0	0
rs4564804	2	95628045	1.673e-06	-0.0543	0.0113	0.2329	0.2329	56306	1417791	0.0381969436203995	A	G	FALSE	0	0.000551144240753572	0	0	0	0	0	0
rs4854231	2	95525397	0.0076	-0.0347	0.013	0.3592	0.3592	41429	1321541	0.0303961202374227	T	C	FALSE	0	2.20970822910869e-07	0	0	0	0	0	2.40742e-55
rs4854232	2	95529704	0.01334	0.0308	0.0125	0.6399	0.3601	55137	1416823	0.0374582189733417	A	G	FALSE	0	1.25888447587085e-07	0	0	0	0	0	1.2786e-39
rs4854233	2	95533808	0.001961	-0.0324	0.0105	0.3654	0.3654	55137	1416823	0.0374582189733417	T	C	FALSE	0	5.93187261936076e-07	0	0	0	0	0	1.52456e-55
rs4854234	2	95537245	0.002085	0.0325	0.0106	0.637	0.363	55137	1416823	0.0374582189733417	C	G	FALSE	0	5.63608432400818e-07	0	0	0	0	0	4.00063e-36
rs4854235	2	95537572	0.5082	-0.0093	0.0141	0.2923	0.2923	40554	1321094	0.0297830276253481	T	C	FALSE	0	8.56702047723392e-09	0	0	0	0	0	7.88509e-56
rs4854236	2	95549825	0.001763	0.0327	0.0105	0.651	0.349	55137	1416823	0.0374582189733417	T	G	FALSE	0	6.47965925686208e-07	0	0	0	0	0	7.93428e-33
rs4854239	2	95586249	6.432e-06	0.0522	0.0116	0.7669	0.2331	55137	1416823	0.0374582189733417	T	G	FALSE	0	0.000137058117515395	0	0	0	0	0	0
rs4854240	2	95599930	0.001705	0.0318	0.0101	0.5345	0.4655	55137	1416823	0.0374582189733417	A	G	FALSE	0	6.94371538621068e-07	0	0	0	0	0	2.14632e-35
rs4854241	2	95659249	4.315e-06	-0.0516	0.0112	0.2467	0.2467	56306	1417791	0.0381969436203995	A	G	FALSE	0	0.000215740946456297	0	0	0	0	1	1
rs4854243	2	95733847	5.962e-05	-0.0553	0.0138	0.2377	0.2377	42598	1322509	0.0312048799105125	T	C	FALSE	0	1.99511332354643e-05	0	0	0	0	0	0
rs4854244	2	95737679	2.625e-06	-0.0535	0.0114	0.2409	0.2409	56306	1417791	0.0381969436203995	A	C	FALSE	0	0.000326489187647867	0	0	0	0	0	0
rs4854246	2	95837419	0.3896	-0.0123	0.0143	0.8646	0.1354	56306	1417791	0.0381969436203995	C	G	FALSE	0	1.01100443635594e-08	0	0	0	0	0	2.37094e-55
rs4854247	2	95905658	1.66e-06	-0.053	0.0111	0.2516	0.2516	56306	1417791	0.0381969436203995	A	G	FALSE	0	0.00046856047876055	0	0	0	0	0	0
rs4854248	2	95923622	1.546e-06	0.0535	0.0111	0.7452	0.2548	56306	1417791	0.0381969436203995	A	G	FALSE	0	0.000581200664719689	0	0	0	0	0	0
rs4854249	2	95930630	9.486e-07	-0.0544	0.0111	0.2498	0.2498	56306	1417791	0.0381969436203995	A	G	FALSE	0	0.000860892120004882	0	0	2	1	0	0
rs4854251	2	96037247	3.257e-08	0.0751	0.0136	0.841	0.159	56306	1417791	0.0381969436203995	T	G	FALSE	0	0.0259565625595335	0	0	0	0	0	0
rs5006796	2	95558515	0.0002692	-0.0391	0.0107	0.3539	0.3539	55137	1416823	0.0374582189733417	A	G	FALSE	0	4.08121126660205e-06	0	0	0	0	0	1.02802e-55
rs56268488	2	95902245	0.6932	-0.0068	0.0173	0.0897	0.0897	56306	1417791	0.0381969436203995	A	G	FALSE	0	9.12881414107285e-09	0	0	0	0	1	1
rs58610630	2	96025229	3.017e-08	0.0753	0.0136	0.841	0.159	56306	1417791	0.0381969436203995	C	G	FALSE	0	0.0281448694273707	0	0	0	0	0	0
rs59665910	2	96033058	0.853	0.0031	0.0166	0.9017	0.0983000000000001	56306	1417791	0.0381969436203995	A	G	FALSE	0	8.25706035849433e-09	0	0	0	0	0	2.49652e-55
rs60574455	2	95568102	1.149e-05	0.0519	0.0118	0.7674	0.2326	55137	1416823	0.0374582189733417	T	C	FALSE	0	8.87104745717283e-05	0	0	0	0	0	0
rs60806696	2	95555581	7.153e-08	0.0892	0.0166	0.8686	0.1314	55137	1416823	0.0374582189733417	T	C	FALSE	0	0.0136902156927394	0	0	0	0	0	2.27479e-05
rs61649840	2	96025765	1.632e-08	0.0783	0.0139	0.8428	0.1572	56306	1417791	0.0381969436203995	A	G	FALSE	0	0.0489771216627607	0	0	0	0	1	1
rs62146919	2	95504928	0.01302	-0.0384	0.0154	0.2365	0.2365	41429	1321541	0.0303961202374227	A	G	FALSE	0	1.65613445767465e-07	0	0	0	0	0	2.78501e-51
rs62146920	2	95506694	0.8478	-0.0067	0.0348	0.1164	0.1164	32505	448088	0.0676351923561101	A	C	FALSE	0	1.7123876196886e-08	0	0	0	0	0	2.06965e-17
rs62146933	2	95526169	0.03619	-0.0272	0.013	0.3549	0.3549	41429	1321541	0.0303961202374227	C	G	FALSE	0	5.6277154409899e-08	0	0	0	0	0	1.54253e-54
rs62146942	2	95536889	7.96e-05	-0.0476	0.0121	0.2561	0.2561	55137	1416823	0.0374582189733417	T	C	FALSE	0	1.32091295688881e-05	0	0	0	0	0	1.54282e-54
rs62147969	2	95564400	0.4261	-0.0145	0.0183	0.8861	0.1139	55137	1416823	0.0374582189733417	C	G	FALSE	0	1.22046352207077e-08	0	0	0	0	0	1.20784e-55
rs62147977	2	95640027	0.5056	0.0106	0.016	0.115	0.115	56306	1417791	0.0381969436203995	A	G	FALSE	0	9.73022664565325e-09	0	0	0	0	0	2.69825e-54
rs62149216	2	95820666	0.3029	-0.0267	0.0259	0.9485	0.0515	56306	1417791	0.0381969436203995	A	G	FALSE	0	2.12489824557932e-08	0	0	0	0	0	9.56417e-56
rs62149219	2	95871839	0.3906	0.0207	0.0242	0.0508	0.0508	56306	1417791	0.0381969436203995	A	G	FALSE	0	1.69017577658124e-08	0	0	0	0	0	7.95782e-54
rs62153462	2	95939842	0.3362	0.0235	0.0245	0.0527	0.0527	56306	1417791	0.0381969436203995	A	G	FALSE	0	1.87692903037107e-08	0	0	0	0	0	1.60596e-54
rs62155085	2	96149943	0.8803	0.0028	0.0184	0.091	0.091	56306	1417791	0.0381969436203995	A	C	FALSE	0	9.09203231723802e-09	0	0	0	0	0	2.74971e-55
rs62637956	2	95705097	0.0004624	-0.0449	0.0128	0.3178	0.3178	42598	1322509	0.0312048799105125	C	G	FALSE	0	2.87112440007626e-06	0	0	0	0	0	1.47115e-55
rs6576964	2	96412077	0.5487	0.0075	0.0125	0.3621	0.3621	56306	1417791	0.0381969436203995	A	G	FALSE	0	7.32182525756296e-09	0	0	0	0	0	7.42264e-56
rs6577006	2	95651960	4.355e-06	0.0514	0.0112	0.7505	0.2495	56306	1417791	0.0381969436203995	C	G	FALSE	0	0.000198785050276249	0	0	0	0	0	0
rs6577012	2	95971422	6.055e-08	0.0599	0.0111	0.7427	0.2573	56306	1417791	0.0381969436203995	A	C	FALSE	0	0.0109518910544605	0	0	0	0	0	0
rs6577013	2	95984930	6.798e-08	0.0597	0.0111	0.7426	0.2574	56306	1417791	0.0381969436203995	A	G	FALSE	0	0.00994172134489816	0	0	0	0	0	0
rs66873445	2	95555962	0.7858	0.0154	0.0568	0.5111	0.4889	4524	3551	0.560247678018576	A	C	FALSE	0	2.77308226795418e-08	0	0	0	0	0	1.75386e-52
rs67014278	2	95659291	0.002851	-0.0284	0.0095	0.4741	0.4741	56306	1417791	0.0381969436203995	T	C	FALSE	0	4.01964111187175e-07	0	0	0	0	0	2.63558e-54
rs6708474	2	95632205	5.733e-06	0.0514	0.0113	0.7649	0.2351	56306	1417791	0.0381969436203995	A	G	FALSE	0	0.000166588420579184	0	0	0	0	1	1
rs6709052	2	95627407	0.002164	-0.0299	0.0098	0.4711	0.4711	56306	1417791	0.0381969436203995	T	C	FALSE	0	4.98786648554914e-07	0	0	0	0	0	1.65731e-36
rs6715813	2	95970366	6.719e-08	0.0597	0.0111	0.7428	0.2572	56306	1417791	0.0381969436203995	A	G	FALSE	0	0.00994172134489816	0	0	0	0	0	0
rs6719098	2	95896036	1.547e-06	0.0531	0.0111	0.7484	0.2516	56306	1417791	0.0381969436203995	A	G	FALSE	0	0.000489111038305995	0	0	0	0	0	0
rs6719142	2	95830652	0.003229	-0.0289	0.0098	0.4961	0.4961	56306	1417791	0.0381969436203995	T	C	FALSE	0	3.67524225728072e-07	0	0	0	0	0	1.65998e-53
rs6721123	2	95630221	0.05783	-0.0226	0.0119	0.4614	0.4614	42598	1322509	0.0312048799105125	T	C	FALSE	0	3.51489186010371e-08	0	0	0	0	0	7.7427e-42
rs6723333	2	95733717	1.128e-06	0.0541	0.0111	0.748	0.252	56306	1417791	0.0381969436203995	T	C	FALSE	0	0.000754672043174408	0	0	0	0	0	0
rs6723444	2	95677094	0.03216	0.0249	0.0116	0.5285	0.4715	42598	1322509	0.0312048799105125	A	G	FALSE	0	5.64426256021117e-08	0	0	0	0	0	3.5655e-52
rs6725821	2	95897767	1.532e-06	-0.0531	0.011	0.2513	0.2513	56306	1417791	0.0381969436203995	T	C	FALSE	0	0.000597379537491634	0	0	3	1	0	0
rs6725878	2	95566824	0.0006397	0.036	0.0105	0.5383	0.4617	55137	1416823	0.0374582189733417	T	C	FALSE	0	1.80655192004201e-06	0	0	0	0	0	1.12053e-32
rs6730693	2	95923465	1.201e-06	-0.054	0.0111	0.2498	0.2498	56306	1417791	0.0381969436203995	T	C	FALSE	0	0.000722378899305428	0	0	1	1	0	0
rs6736042	2	95524354	0.0472	0.0261	0.0131	0.6401	0.3599	41429	1321541	0.0303961202374227	A	C	FALSE	0	4.62719348650688e-08	0	0	0	0	0	7.31679e-42
rs6741001	2	96002651	3.497e-08	-0.062	0.0112	0.2522	0.2522	56306	1417791	0.0381969436203995	A	G	FALSE	0	0.0235891044154397	0	0	0	0	0	0
rs6744976	2	96179305	0.138	-0.0254	0.0171	0.0929	0.0929	56306	1417791	0.0381969436203995	A	T	FALSE	0	2.49878178302642e-08	0	0	0	0	0	6.2044e-48
rs6745441	2	96206153	0.1366	0.0257	0.0173	0.9074	0.0926	56306	1417791	0.0381969436203995	T	C	FALSE	0	2.52794881269195e-08	0	0	0	0	0	1.80363e-22
rs6745473	2	95988192	0.8126	-0.004	0.0171	0.0944	0.0944	56306	1417791	0.0381969436203995	T	G	FALSE	0	8.58810103492157e-09	0	0	0	0	0	1.24457e-55
rs6747563	2	95683120	0.001431	0.03	0.0094	0.5201	0.4799	56306	1417791	0.0381969436203995	A	G	FALSE	0	7.41714271991419e-07	0	0	0	0	0	7.29628e-52
rs6748967	2	95914095	1.336e-06	0.0536	0.0111	0.749	0.251	56306	1417791	0.0381969436203995	A	G	FALSE	0	0.00060693699772631	0	0	0	0	0	0
rs6750542	2	96011838	3.304e-08	-0.0621	0.0112	0.2524	0.2524	56306	1417791	0.0381969436203995	C	G	FALSE	0	0.0247814692984795	0	0	0	0	0	0
rs71425502	2	95543424	0.8031	-0.006	0.0242	0.082	0.082	34703	1315228	0.0257072398515183	A	G	FALSE	0	1.21479206883718e-08	0	0	0	0	0	1.44446e-55
rs71427013	2	95729638	0.7958	0.0044	0.0171	0.0986	0.0986	56306	1417791	0.0381969436203995	A	G	FALSE	0	8.63722462244253e-09	0	0	0	0	0	7.84975e-56
rs71427017	2	95808221	0.7565	0.0047	0.0152	0.1274	0.1274	56306	1417791	0.0381969436203995	A	C	FALSE	0	7.79690988000742e-09	0	0	0	0	0	7.87286e-56
rs72817686	2	95556720	5.254e-07	-0.0614	0.0122	0.2451	0.2451	55137	1416823	0.0374582189733417	A	C	FALSE	0	0.00180285438267068	0	0	0	0	0	0
rs72819415	2	95612131	0.6822	-0.0091	0.0221	0.9452	0.0548	55137	1416823	0.0374582189733417	A	C	FALSE	0	1.17170215467807e-08	0	0	0	0	0	1.18837e-53
rs72819473	2	95869608	0.1832	0.0706	0.0531	0.0643	0.0643	26421	442271	0.056371775067635	T	C	FALSE	0	5.74877254603791e-08	0	0	0	0	0	1.77732e-55
rs72819488	2	95947099	3.096e-08	-0.0792	0.0143	0.1417	0.1417	56306	1417791	0.0381969436203995	A	G	FALSE	0	0.0296436811761638	0	0	0	0	1	1
rs72821426	2	96097401	0.179	0.0689	0.0512	0.0665	0.0665	26421	442271	0.056371775067635	T	C	FALSE	0	5.69144531135622e-08	0	0	0	0	0	8.17644e-56
rs72948081	2	96392880	0.01109	0.0893	0.0352	0.9488	0.0512	35345	1315724	0.0261607660304544	A	G	FALSE	0	3.85638030391836e-07	0	0	0	0	0	1.7652e-53
rs7340222	2	95536785	0.4893	-0.0134	0.0194	0.8826	0.1174	41723	1322062	0.0305935319716818	C	G	FALSE	0	1.1997471205865e-08	0	0	0	0	0	2.67677e-55
rs7422601	2	95522279	0.01547	-0.0341	0.0141	0.2836	0.2836	41429	1321541	0.0303961202374227	A	T	FALSE	0	1.26651425713121e-07	0	0	0	0	0	3.7531e-53
rs749308	2	95523754	0.02808	-0.0289	0.0131	0.3523	0.3523	41429	1321541	0.0303961202374227	A	G	FALSE	0	7.23351835451004e-08	0	0	0	0	0	1.16467e-54
rs75040964	2	95699801	0.1035	0.0475	0.0292	0.0784	0.0784	30435	974587	0.0302829191798786	T	C	FALSE	0	5.17738623068346e-08	0	0	0	0	0	1.413e-55
rs75233929	2	95948876	0.9597	0.001	0.0195	0.1032	0.1032	56306	1417791	0.0381969436203995	T	C	FALSE	0	9.53307229103856e-09	0	0	0	0	0	2.06993e-55
rs7560571	2	95692774	0.0003192	0.0356	0.0099	0.6385	0.3615	56306	1417791	0.0381969436203995	A	G	FALSE	0	3.06790830506971e-06	0	0	0	0	0	4.65058e-17
rs7563558	2	95553668	0.5143	-0.0113	0.0173	0.8815	0.1185	54262	1416376	0.0368969114085179	A	G	FALSE	0	1.04489058924624e-08	0	0	0	0	0	3.44616e-55
rs7563891	2	95991962	4.938e-05	0.052	0.0128	0.6651	0.3349	42598	1322509	0.0312048799105125	T	C	FALSE	0	2.32363483976935e-05	0	0	0	0	0	1.93473e-31
rs7565318	2	96260979	0.1348	-0.0267	0.0178	0.1048	0.1048	56306	1417791	0.0381969436203995	T	C	FALSE	0	2.65543394784705e-08	0	0	0	0	0	1.51679e-54
rs7565772	2	95684417	1.816e-06	-0.0533	0.0112	0.2486	0.2486	56306	1417791	0.0381969436203995	A	G	FALSE	0	0.000438199431830103	0	0	0	0	0	6.44055e-191
rs7574862	2	95968205	5.576e-08	-0.06	0.011	0.2572	0.2572	56306	1417791	0.0381969436203995	A	G	FALSE	0	0.0148771128878203	0	0	0	0	0	0
rs75768934	2	95875339	4.276e-05	-0.1019	0.0249	0.0508	0.0508	55137	1416823	0.0374582189733417	T	C	FALSE	0	4.62070581328578e-05	0	0	0	0	0	9.3963e-56
rs75769401	2	95683479	5.903e-06	-0.1096	0.0242	0.053	0.053	56306	1417791	0.0381969436203995	A	G	FALSE	0	0.000289081579123768	0	0	0	0	0	1.2382e-53
rs7580685	2	95979296	6.441e-08	0.0598	0.0111	0.7423	0.2577	56306	1417791	0.0381969436203995	A	G	FALSE	0	0.0104341669316902	0	0	0	0	0	0
rs7582368	2	95665733	2.168e-06	-0.0538	0.0114	0.2451	0.2451	56306	1417791	0.0381969436203995	C	G	FALSE	0	0.000369385775145309	0	0	0	0	0	7.7273e-200
rs7583545	2	95543914	0.594	0.0097	0.0181	0.1211	0.1211	54262	1416376	0.0368969114085179	A	G	FALSE	0	1.01965380776598e-08	0	0	0	0	0	8.06317e-56
rs7583558	2	96372406	0.3203	0.018	0.0181	0.9133	0.0867	56306	1417791	0.0381969436203995	C	G	FALSE	0	1.44412328543984e-08	0	0	0	0	0	3.25959e-44
rs7585473	2	95740100	1.134e-06	-0.0539	0.0111	0.2519	0.2519	56306	1417791	0.0381969436203995	T	G	FALSE	0	0.000691523561167606	0	0	0	0	0	0
rs7585914	2	95945568	1.854e-06	0.0535	0.0112	0.754	0.246	56306	1417791	0.0381969436203995	A	G	FALSE	0	0.000477015159534399	0	0	0	0	0	0
rs7586229	2	95945830	1.177e-06	0.0545	0.0112	0.7534	0.2466	56306	1417791	0.0381969436203995	T	G	FALSE	0	0.000732663984616962	0	0	0	0	1	1
rs7586909	2	95599481	7.465e-06	-0.0516	0.0115	0.2331	0.2331	55137	1416823	0.0374582189733417	A	T	FALSE	0	0.000128244572338303	0	0	0	0	0	0
rs7587312	2	95574998	0.00114	-0.0339	0.0104	0.4629	0.4629	55137	1416823	0.0374582189733417	A	G	FALSE	0	1.01887686426662e-06	0	0	0	0	0	3.4653e-55
rs7588397	2	95505064	0.009068	-0.0362	0.0139	0.3625	0.3625	40554	1321094	0.0297830276253481	A	G	FALSE	0	1.98778437032977e-07	0	0	0	0	0	2.06651e-55
rs7589578	2	95647049	3.662e-06	-0.0516	0.0111	0.2472	0.2472	56306	1417791	0.0381969436203995	A	C	FALSE	0	0.000259101562190731	0	0	0	0	0	0
rs7594144	2	95973131	6.061e-08	-0.0599	0.0111	0.2571	0.2571	56306	1417791	0.0381969436203995	T	C	FALSE	0	0.0109518910544605	0	0	0	0	0	0
rs7599246	2	95604114	7.997e-06	0.0514	0.0115	0.767	0.233	55137	1416823	0.0374582189733417	A	G	FALSE	0	0.000118666022751881	0	0	0	0	0	0
rs7600796	2	96251145	0.1124	-0.0281	0.0177	0.1104	0.1104	56306	1417791	0.0381969436203995	T	C	FALSE	0	3.01999812530057e-08	0	0	0	0	0	1.7519e-54
rs7602807	2	96012907	3.386e-08	-0.0622	0.0113	0.2519	0.2519	56306	1417791	0.0381969436203995	C	G	FALSE	0	0.0200177375709896	0	0	0	0	0	0
rs7603758	2	96418476	0.2912	0.0125	0.0118	0.769	0.231	56306	1417791	0.0381969436203995	A	G	FALSE	0	1.01075028430672e-08	0	0	0	0	0	1.25167e-54
rs7604922	2	95675477	0.6534	-0.0077	0.0171	0.0885	0.0885	56306	1417791	0.0381969436203995	A	G	FALSE	0	9.24296963325795e-09	0	0	0	0	0	0
rs7605623	2	95550958	0.001663	0.0328	0.0104	0.6514	0.3486	55137	1416823	0.0374582189733417	A	G	FALSE	0	7.26470147398196e-07	0	0	0	0	0	1.40453e-32
rs76158645	2	95992215	0.3451	0.0217	0.023	0.052	0.052	49053	1411006	0.0335965875351613	A	G	FALSE	0	1.73913349482228e-08	0	0	0	0	0	7.1189e-56
rs76763973	2	96009340	0.3388	0.022	0.023	0.0518	0.0518	49053	1411006	0.0335965875351613	A	G	FALSE	0	1.7605329329253e-08	0	0	0	0	0	7.30036e-56
rs77444100	2	95601436	0.6289	-0.0157	0.0325	0.9422	0.0578	16085	878809	0.0179741958265448	A	T	FALSE	0	1.76311776311435e-08	0	0	0	0	0	6.87501e-56
rs78368847	2	96410196	0.3251	0.0262	0.0266	0.0675	0.0675	35345	1315724	0.0261607660304544	T	C	FALSE	0	2.08336372817341e-08	0	0	0	0	0	8.93361e-42
rs79594972	2	95594473	1.773e-06	0.0555	0.0116	0.7692	0.2308	55137	1416823	0.0374582189733417	T	C	FALSE	0	0.000511125396778138	0	0	0	0	0	0
rs869185	2	96024156	2.223e-08	-0.0774	0.0138	0.1532	0.1532	56306	1417791	0.0381969436203995	A	T	FALSE	0	0.0424687152102545	0	0	0	0	0	0
rs869186	2	96024340	2.165e-06	-0.0472	0.01	0.4007	0.4007	56306	1417791	0.0381969436203995	A	G	FALSE	0	0.00032792454438668	0	0	0	0	0	1.27441e-54
rs870393	2	95982093	6.138e-08	0.0599	0.0111	0.7423	0.2577	56306	1417791	0.0381969436203995	T	C	FALSE	0	0.0109518910544605	0	0	0	0	0	0
rs872580	2	95722909	6.742e-07	0.0553	0.0111	0.7479	0.2521	56306	1417791	0.0381969436203995	A	C	FALSE	0	0.00128356453473921	0	0	0	0	0	0
rs888610	2	96421021	0.5718	0.0128	0.0227	0.0533	0.0533	37688	981372	0.0369831020744608	T	C	FALSE	0	1.29449031992362e-08	0	0	0	0	0	4.18301e-55
rs889851	2	95980340	6.768e-08	-0.0597	0.0111	0.2572	0.2572	56306	1417791	0.0381969436203995	A	G	FALSE	0	0.00994172134489816	0	0	0	0	0	0
rs889852	2	95977790	6.38e-08	-0.0598	0.0111	0.2576	0.2576	56306	1417791	0.0381969436203995	T	C	FALSE	0	0.0104341669316902	0	0	0	0	0	0
rs889853	2	95977591	6.726e-08	-0.0597	0.0111	0.2572	0.2572	56306	1417791	0.0381969436203995	T	G	FALSE	0	0.00994172134489816	0	0	0	0	0	0
rs889854	2	95959812	2.476e-06	0.0457	0.0097	0.5636	0.4364	56306	1417791	0.0381969436203995	A	G	FALSE	0	0.000305911237054518	0	0	0	0	0	4.01733e-45
rs918811	2	96003762	4.024e-08	-0.0634	0.0116	0.25	0.25	55137	1416823	0.0374582189733417	T	G	FALSE	0	0.0165677724664376	0	0	0	0	0	0
rs9324212	2	95625665	5.154e-06	0.0518	0.0114	0.768	0.232	56306	1417791	0.0381969436203995	C	G	FALSE	0	0.00016433635939576	0	0	0	0	0	0
rs950320	2	96029159	0.2733	0.0136	0.0124	0.8082	0.1918	56306	1417791	0.0381969436203995	C	G	FALSE	0	1.10531177820627e-08	0	0	0	0	0	3.35182e-53
rs954078	2	95937997	2.291e-07	0.0731	0.0141	0.8549	0.1451	56306	1417791	0.0381969436203995	T	C	FALSE	0	0.00443039248833434	0	0	0	0	1	1
rs9678800	2	96009318	3.582e-08	0.062	0.0112	0.7473	0.2527	56306	1417791	0.0381969436203995	A	C	FALSE	0	0.0235891044154397	3	1	0	0	0	0
rs9989786	2	95967746	1.204e-07	-0.0593	0.0112	0.2512	0.2512	56306	1417791	0.0381969436203995	A	G	FALSE	0	0.00642001960010819	0	0	0	0	0	0
