seqnames	start	end	width	strand	microglia_H3K27ac	neurons_H3K27ac	oligodendrocytes_H3K27ac	astrocytes_H3K27ac	microglia_atac	neurons_atac	oligodendrocytes_atac	astrocytes_atac	microglia_H3K4me3	neurons_H3K4me3	oligodendrocytes_H3K4me3	astrocytes_H3K4me3
chr12	40590585	40590585	1	*	0.200000002980232	0.409999996423721	0.140000000596046	0.159999996423721	0.330000013113022	0.230000004172325			0.620000004768372			0.100000001490116
chr12	40590620	40590620	1	*	0.200000002980232	0.409999996423721	0.180000007152557	0.159999996423721	0.159999996423721	0.349999994039536	0.180000007152557		0.370000004768372		0.0900000035762787	0.200000002980232
chr12	40591117	40591117	1	*	0.0500000007450581	0.209999993443489			0.159999996423721				0.119999997317791			0.810000002384186
chr12	40591173	40591173	1	*	0.0500000007450581	0.209999993443489				0.119999997317791		0.189999997615814	0.119999997317791			0.600000023841858
chr12	40591385	40591385	1	*	0.100000001490116	0.28999999165535	0.140000000596046		0.819999992847443	0.5799999833107	0.180000007152557	0.379999995231628		0.129999995231628	0.180000007152557	0.400000005960465
chr12	40591612	40591612	1	*	0.25	0.159999996423721	0.0900000035762787	0.159999996423721	1.13999998569489	0.699999988079071					0.0900000035762787	0.300000011920929
chr12	40592064	40592064	1	*	0.300000011920929	1.11000001430511		0.0799999982118607	0.819999992847443	1.27999997138977	0.550000011920929			0.129999995231628	0.550000011920929	1.11000001430511
chr12	40592225	40592225	1	*	0.0500000007450581	0.449999988079071	0.46000000834465	0.159999996423721	0.649999976158142	0.469999998807907					0.280000001192093	0.400000005960465
chr12	40592388	40592388	1	*	0.0500000007450581	1.80999994277954	0.0900000035762787	0.159999996423721	1.30999994277954	0.5799999833107	1.0900000333786	0.759999990463257			0.280000001192093	0.300000011920929
chr12	40592501	40592501	1	*	0.400000005960465	2.08999991416931		0.239999994635582	0.159999996423721	0.349999994039536	0.180000007152557		0.25	0.270000010728836	0.370000004768372	0.300000011920929
chr12	40592628	40592628	1	*	0.349999994039536	2.5	0.280000001192093	0.159999996423721	0.819999992847443	0.349999994039536	0.180000007152557		0.370000004768372		0.46000000834465	0.400000005960465
chr12	40593012	40593012	1	*	0.0500000007450581	1.39999997615814		0.239999994635582		0.349999994039536			0.620000004768372	0.529999971389771	0.180000007152557	0.100000001490116
chr12	40593403	40593403	1	*	0.810000002384186	2.71000003814697	0.0900000035762787	0.0799999982118607	0.649999976158142	3.02999997138977	0.180000007152557	0.759999990463257	0.25	0.400000005960465	0.0900000035762787	0.400000005960465
chr12	40593676	40593676	1	*	0.150000005960464	3.03999996185303	0.140000000596046		0.159999996423721	0.230000004172325	0.180000007152557		0.25	0.529999971389771		0.300000011920929
chr12	40594570	40594570	1	*	0.300000011920929	0.990000009536743	0.140000000596046		0.490000009536743	0.119999997317791	0.360000014305115		0.119999997317791			0.200000002980232
chr12	40594722	40594722	1	*	0.150000005960464	0.899999976158142		0.239999994635582	0.649999976158142	0.230000004172325			0.119999997317791		0.280000001192093	0.400000005960465
chr12	40596166	40596167	2	*	0.100000001490116	0.569999992847443	0.180000007152557		0.330000013113022	1.62999999523163	0.360000014305115		0.5		0.0900000035762787	
chr12	40597279	40597279	1	*	0.150000005960464	0.330000013113022		0.0799999982118607	0.159999996423721	0.349999994039536	0.360000014305115					
chr12	40597426	40597426	1	*	0.400000005960465	1.07000005245209	0.0900000035762787		0.330000013113022				0.119999997317791	0.129999995231628	0.280000001192093	
chr12	40597536	40597536	1	*	0.200000002980232	0.779999971389771	0.0900000035762787		1.47000002861023	0.349999994039536	0.910000026226044			0.270000010728836	0.370000004768372	0.600000023841858
chr12	40597545	40597545	1	*	0.150000005960464	0.740000009536743	0.0900000035762787		1.47000002861023	0.349999994039536	0.910000026226044	0.379999995231628		0.270000010728836	0.370000004768372	0.600000023841858
chr12	40597612	40597612	1	*	0.300000011920929	0.819999992847443	0.0900000035762787	0.0799999982118607	0.159999996423721	0.119999997317791		0.189999997615814		0.129999995231628	0.280000001192093	0.200000002980232
chr12	40597869	40597869	1	*	0.25	0.620000004768372			0.649999976158142		0.730000019073486		0.370000004768372		0.0900000035762787	0.400000005960465
chr12	40598152	40598152	1	*	0.200000002980232	0.209999993443489										0.200000002980232
chr12	40598871	40598871	1	*	0.150000005960464			0.0799999982118607	0.490000009536743	0.230000004172325	0.360000014305115	0.759999990463257	0.5			0.100000001490116
chr12	40599398	40599398	1	*	0.150000005960464	0.209999993443489	0.230000004172325	0.159999996423721	0.330000013113022	0.230000004172325	0.180000007152557	0.189999997615814	1.12000000476837	0.129999995231628		0.200000002980232
chr12	40600696	40600696	1	*	0.349999994039536	0.409999996423721		0.0799999982118607	0.819999992847443		0.360000014305115	1.13999998569489		0.400000005960465	0.180000007152557	0.100000001490116
chr12	40600942	40600942	1	*	0.509999990463257	0.25	0.280000001192093	0.319999992847443	0.649999976158142	0.230000004172325			0.5	0.129999995231628	0.0900000035762787	0.100000001490116
chr12	40601708	40601708	1	*	2.01999998092651	0.740000009536743	0.0900000035762787		2.28999996185303	1.27999997138977	0.730000019073486	0.189999997615814	0.370000004768372	0.129999995231628		0.709999978542328
chr12	40601940	40601940	1	*	1.82000005245209	0.660000026226044		0.239999994635582	0.980000019073486	0.230000004172325		0.569999992847443			0.0900000035762787	0.100000001490116
chr12	40602224	40602224	1	*	3.78999996185303	0.699999988079071	0.419999986886978	0.159999996423721	1.96000003814697	0.5799999833107	1.0900000333786		0.370000004768372	0.129999995231628	0.280000001192093	0.200000002980232
chr12	40602765	40602765	1	*	3.44000005722046	1.60000002384186	0.230000004172325	0.159999996423721	11.1199998855591	0.5799999833107	0.910000026226044		0.870000004768372	0.529999971389771		0.400000005960465
chr12	40603316	40603316	1	*	9.5	1.48000001907349	0.180000007152557	0.72000002861023	2.61999988555908	0.349999994039536	0.360000014305115	1.33000004291534			0.740000009536743	0.5
chr12	40603676	40603676	1	*	10.3100004196167	0.899999976158142	0.140000000596046	0.639999985694885	6.21999979019165	0.699999988079071	0.180000007152557	1.33000004291534	0.370000004768372	0.129999995231628	0.0900000035762787	0.600000023841858
chr12	40604075	40604075	1	*	6.98000001907349	0.490000009536743	0.0900000035762787	0.319999992847443	1.96000003814697	0.230000004172325			0.25		0.649999976158142	0.5
chr12	40604608	40604608	1	*	0.46000000834465	0.209999993443489		0.0799999982118607		0.119999997317791						
chr12	40604821	40604821	1	*	1.11000001430511	0.28999999165535		0.639999985694885		0.230000004172325		0.189999997615814		0.400000005960465	0.370000004768372	0.200000002980232
chr12	40604939	40604939	1	*	1.62000000476837	0.0799999982118607	0.0900000035762787	0.400000005960465	0.490000009536743	0.349999994039536			0.25			
chr12	40605202	40605202	1	*	0.810000002384186	0.209999993443489	0.140000000596046	0.0799999982118607	0.159999996423721	0.230000004172325	0.550000011920929		0.119999997317791		0.180000007152557	0.5
chr12	40605204	40605204	1	*	0.810000002384186	0.209999993443489	0.0900000035762787	0.0799999982118607		0.230000004172325	0.550000011920929		0.119999997317791		0.180000007152557	0.5
chr12	40605526	40605526	1	*	0.910000026226044	0.0799999982118607		0.0799999982118607		0.119999997317791	0.180000007152557	0.189999997615814			0.370000004768372	
chr12	40605916	40605916	1	*	0.560000002384186	0.0799999982118607	0.0900000035762787	0.239999994635582	0.159999996423721				0.25			0.100000001490116
chr12	40606001	40606001	1	*	0.46000000834465	0.0799999982118607		0.0799999982118607	0.159999996423721	0.469999998807907	0.180000007152557		0.25			0.100000001490116
chr12	40606007	40606007	1	*	0.46000000834465				0.159999996423721	0.469999998807907	0.180000007152557		0.25			0.100000001490116
chr12	40606552	40606552	1	*	0.25			0.159999996423721	0.159999996423721	0.230000004172325			0.119999997317791		0.280000001192093	
chr12	40606663	40606663	1	*	0.200000002980232	0.159999996423721		0.159999996423721	0.159999996423721	0.119999997317791	0.360000014305115	0.189999997615814	0.370000004768372	0.129999995231628		0.200000002980232
chr12	40606702	40606702	1	*	0.200000002980232	0.119999997317791		0.159999996423721	0.330000013113022			0.189999997615814	0.25	0.270000010728836	0.180000007152557	0.200000002980232
chr12	40606992	40606992	1	*	0.200000002980232	0.159999996423721	0.0900000035762787	0.0799999982118607	0.330000013113022	0.469999998807907			0.25		0.740000009536743	0.200000002980232
chr12	40607098	40607098	1	*	0.150000005960464	0.0799999982118607	0.0900000035762787	0.0799999982118607	0.649999976158142	0.230000004172325			0.370000004768372	0.270000010728836	0.280000001192093	0.200000002980232
chr12	40607510	40607510	1	*	0.150000005960464			0.239999994635582	0.649999976158142	0.230000004172325	0.360000014305115	0.379999995231628	0.119999997317791			0.400000005960465
chr12	40607566	40607566	1	*	0.100000001490116	0.159999996423721		0.0799999982118607	0.330000013113022	0.230000004172325	0.180000007152557	0.379999995231628	0.25		0.0900000035762787	0.300000011920929
chr12	40607647	40607647	1	*	0.300000011920929	0.529999971389771	0.180000007152557	0.0799999982118607	0.330000013113022			0.379999995231628	0.5	0.129999995231628	0.0900000035762787	0.300000011920929
chr12	40607709	40607709	1	*	0.25	0.490000009536743	0.180000007152557	0.319999992847443	1.13999998569489	0.230000004172325	0.730000019073486		0.25	0.129999995231628		0.300000011920929
chr12	40607766	40607766	1	*	0.200000002980232	0.409999996423721	0.140000000596046	0.319999992847443	0.649999976158142	0.349999994039536	0.360000014305115	0.189999997615814	0.25	0.129999995231628		0.5
chr12	40607891	40607891	1	*	0.349999994039536	0.620000004768372			0.330000013113022	0.349999994039536		0.759999990463257	0.119999997317791	0.129999995231628	0.280000001192093	0.100000001490116
chr12	40608880	40608880	1	*	0.349999994039536	0.25		0.319999992847443	1.30999994277954	0.930000007152557	0.180000007152557	0.189999997615814	0.620000004768372	0.400000005960465	0.0900000035762787	0.5
chr12	40609580	40609581	2	*	0.860000014305115	0.119999997317791	0.0900000035762787	0.239999994635582	0.980000019073486	0.699999988079071	0.360000014305115	0.189999997615814	0.25	0.400000005960465	0.0900000035762787	0.910000026226044
chr12	40609750	40609750	1	*	0.610000014305115	0.25	0.180000007152557		0.159999996423721	0.230000004172325		0.379999995231628			0.0900000035762787	0.400000005960465
chr12	40609883	40609883	1	*	0.560000002384186	0.209999993443489	0.140000000596046		0.819999992847443	0.230000004172325	0.360000014305115	0.759999990463257	0.870000004768372	0.270000010728836		0.400000005960465
chr12	40609979	40609979	1	*	0.810000002384186	0.159999996423721	0.280000001192093	0.159999996423721	1.13999998569489	0.349999994039536	0.550000011920929		0.119999997317791			0.600000023841858
chr12	40610718	40610718	1	*	0.509999990463257	0.159999996423721		0.0799999982118607	0.330000013113022	0.119999997317791	0.360000014305115	0.569999992847443	0.25		0.180000007152557	
chr12	40610744	40610744	1	*	0.660000026226044	0.159999996423721		0.159999996423721	0.490000009536743		0.180000007152557	0.379999995231628	0.25		0.0900000035762787	
chr12	40610863	40610863	1	*	1.00999999046326				13.5799999237061							
chr12	40610864	40610864	1	*	1.05999994277954				14.0699996948242						0.0900000035762787	
chr12	40611618	40611618	1	*	0.150000005960464	0.0799999982118607		0.239999994635582		0.119999997317791	0.360000014305115		0.25	0.129999995231628	0.280000001192093	0.200000002980232
chr12	40611670	40611670	1	*	0.150000005960464	0.0799999982118607		0.159999996423721	0.159999996423721	0.349999994039536		0.949999988079071		0.529999971389771	0.180000007152557	0.200000002980232
chr12	40613997	40613997	1	*	0.300000011920929		0.0900000035762787	0.0799999982118607			0.180000007152557	0.189999997615814			0.0900000035762787	0.300000011920929
chr12	40614062	40614062	1	*	0.150000005960464		0.140000000596046	0.0799999982118607	1.13999998569489	0.349999994039536	1.45000004768372	0.189999997615814				0.100000001490116
chr12	40614320	40614320	1	*	0.150000005960464		0.0900000035762787	0.0799999982118607	0.490000009536743	0.119999997317791	0.360000014305115	0.189999997615814			0.180000007152557	0.100000001490116
chr12	40614434	40614434	1	*	0.150000005960464	0.119999997317791	0.140000000596046		1.13999998569489	0.349999994039536	0.180000007152557	0.189999997615814		0.129999995231628		
chr12	40614601	40614601	1	*	0.200000002980232	0.330000013113022	0.0900000035762787	0.159999996423721	0.330000013113022		0.730000019073486	0.379999995231628	0.119999997317791			0.100000001490116
chr12	40614656	40614656	1	*	0.25	0.370000004768372	0.140000000596046	0.639999985694885	2.13000011444092	0.469999998807907	0.730000019073486	0.759999990463257	0.25		0.180000007152557	0.200000002980232
chr12	40614746	40614746	1	*	0.560000002384186	0.119999997317791	0.370000004768372	0.319999992847443	0.330000013113022	0.119999997317791					0.550000011920929	0.400000005960465
chr12	40614779	40614779	1	*	0.660000026226044	0.119999997317791	0.370000004768372	0.239999994635582	0.819999992847443	0.119999997317791				0.129999995231628	0.8299999833107	0.400000005960465
chr12	40615069	40615069	1	*	0.100000001490116	0.330000013113022							1.12000000476837		0.46000000834465	0.200000002980232
chr12	40615376	40615376	1	*	0.46000000834465	0.28999999165535	0.0900000035762787		0.649999976158142	0.699999988079071	0.180000007152557	0.379999995231628	0.119999997317791	0.270000010728836	0.180000007152557	0.300000011920929
chr12	40615432	40615432	1	*	0.509999990463257	0.119999997317791	0.0900000035762787		0.980000019073486	0.819999992847443	0.730000019073486	0.379999995231628	0.25		0.0900000035762787	0.200000002980232
chr12	40616166	40616166	1	*	0.660000026226044		0.0900000035762787	0.159999996423721	0.819999992847443	0.119999997317791	0.550000011920929	0.759999990463257	0.620000004768372	0.400000005960465	0.280000001192093	
chr12	40616217	40616217	1	*	0.759999990463257	0.25	0.0900000035762787	0.0799999982118607	0.159999996423721	0.119999997317791	0.360000014305115		0.25	0.670000016689301	0.370000004768372	
chr12	40616414	40616414	1	*	0.46000000834465	0.209999993443489	0.180000007152557		0.159999996423721	0.119999997317791		0.189999997615814	0.620000004768372			
chr12	40617202	40617202	1	*	1.82000005245209	0.370000004768372	0.280000001192093	0.159999996423721	1.63999998569489	0.469999998807907	0.550000011920929	0.569999992847443	0.5	0.529999971389771	0.0900000035762787	0.100000001490116
chr12	40617231	40617231	1	*	2.26999998092651	0.449999988079071	0.280000001192093	0.159999996423721	1.47000002861023	0.349999994039536	1.0900000333786	0.759999990463257	0.870000004768372	0.670000016689301	0.0900000035762787	0.100000001490116
chr12	40617621	40617621	1	*	6.17000007629395	2.00999999046326	0.280000001192093	0.560000002384186	7.69000005722046	0.469999998807907	0.730000019073486	0.379999995231628	4.73000001907349	0.930000007152557	0.280000001192093	0.200000002980232
chr12	40617692	40617692	1	*	6.07000017166138	2.25999999046326	0.280000001192093	1.50999999046326	5.55999994277954	1.04999995231628	1.26999998092651	0.569999992847443	4.1100001335144	1.07000005245209	0.0900000035762787	0.400000005960465
chr12	40617759	40617759	1	*	7.17999982833862	1.80999994277954	0.550000011920929	0.879999995231628	2.77999997138977	1.04999995231628	2	0.949999988079071	5.3600001335144	1.47000002861023	0.370000004768372	0.400000005960465
chr12	40618097	40618097	1	*	13.75	5.17000007629395	1.48000001907349	2.23000001907349	0.980000019073486	0.699999988079071	0.550000011920929	0.759999990463257	12.460000038147	5.86999988555908	2.67000007629395	2.3199999332428
chr12	40618412	40618412	1	*	33.8699989318848	18.3500003814697	3.32999992370605	5.73000001907349	10.8000001907349	2.32999992370605	2.73000001907349	10.6400003433228	35.2599983215332	40.7900009155274	20.2000007629395	15.0100002288818
chr12	40618714	40618714	1	*	17.9400005340576	14.7399997711182	4.15999984741211	6.36999988555908	41.2200012207031	3.96000003814697	3.08999991416931	12.1599998474121	20.0599994659424	30.9300003051758	17.6200008392334	15.8199996948242
chr12	40619757	40619757	1	*	7.42999982833862	2.78999996185303	0.790000021457672	0.319999992847443	1.13999998569489	0.349999994039536	1.26999998092651	0.949999988079071	9.72000026702881	2	0.920000016689301	0.709999978542328
chr12	40620416	40620416	1	*	7.28000020980835	3.85999989509583	0.509999990463257	0.239999994635582	1.96000003814697	0.819999992847443	1.0900000333786	1.33000004291534	1.87000000476837	0.270000010728836		0.5
chr12	40620808	40620808	1	*	7.13000011444092	4.46999979019165	0.740000009536743	0.400000005960465	6.53999996185303	1.04999995231628		0.759999990463257	2.24000000953674	1.73000001907349	0.370000004768372	0.400000005960465
chr12	40620815	40620815	1	*	7.07999992370606	4.46999979019165	0.740000009536743	0.400000005960465	6.05000019073486	1.04999995231628		0.569999992847443	2.24000000953674	1.47000002861023	0.370000004768372	0.400000005960465
chr12	40620881	40620881	1	*	5.55999994277954	3.85999989509583	0.740000009536743	0.319999992847443	7.19999980926514	1.98000001907349	0.360000014305115	0.759999990463257	2.61999988555908	1.60000002384186	0.46000000834465	0.100000001490116
chr12	40621156	40621156	1	*	1.00999999046326	1.60000002384186	0.140000000596046	0.0799999982118607	0.819999992847443				0.25	0.529999971389771		0.400000005960465
chr12	40621892	40621892	1	*	0.560000002384186	0.699999988079071	0.0900000035762787	0.239999994635582	1.30999994277954	0.349999994039536			0.25	0.129999995231628	0.180000007152557	0.100000001490116
chr12	40621904	40621904	1	*	0.660000026226044	0.699999988079071		0.159999996423721	1.47000002861023	0.469999998807907	0.360000014305115	0.379999995231628	0.119999997317791	0.129999995231628	0.0900000035762787	0.100000001490116
chr12	40621958	40621958	1	*	0.509999990463257	0.819999992847443	0.419999986886978	0.159999996423721	1.13999998569489	1.04999995231628	1.26999998092651	2.08999991416931	0.370000004768372	0.129999995231628		0.400000005960465
chr12	40622468	40622468	1	*	1.11000001430511	1.48000001907349	0.0900000035762787	0.0799999982118607	0.330000013113022				1.49000000953674	0.129999995231628		0.300000011920929
chr12	40622790	40622790	1	*	1.05999994277954	3.69000005722046	0.509999990463257	0.159999996423721	0.819999992847443	1.27999997138977	2	0.189999997615814	0.119999997317791	0.930000007152557		0.400000005960465
chr12	40622804	40622804	1	*	1.11000001430511	3.60999989509583	0.509999990463257	0.400000005960465	0.649999976158142	1.51999998092651	2.1800000667572	0.379999995231628		0.270000010728836	0.0900000035762787	0.400000005960465
chr12	40623324	40623324	1	*	0.910000026226044	2.5	0.230000004172325	0.560000002384186	0.330000013113022		0.550000011920929	0.189999997615814	0.119999997317791	0.270000010728836	0.280000001192093	0.910000026226044
chr12	40623727	40623727	1	*	0.400000005960465	1.14999997615814	0.230000004172325	0.400000005960465	1.96000003814697	3.84999990463257	0.730000019073486	0.379999995231628	0.119999997317791	0.270000010728836	0.0900000035762787	0.300000011920929
chr12	40623755	40623755	1	*	0.200000002980232	0.660000026226044	0.140000000596046	0.400000005960465	0.649999976158142	1.75	0.180000007152557	0.189999997615814	0.119999997317791			0.200000002980232
chr12	40624310	40624310	1	*	1.05999994277954	2.78999996185303	0.180000007152557	0.560000002384186	2.28999996185303	10.0299997329712	0.550000011920929	0.949999988079071	0.620000004768372	1.73000001907349	0.46000000834465	0.100000001490116
chr12	40625081	40625081	1	*	0.509999990463257	0.699999988079071		0.319999992847443	0.159999996423721	0.349999994039536	0.360000014305115		1		0.0900000035762787	0.5
chr12	40625167	40625167	1	*	0.200000002980232	0.370000004768372		0.159999996423721								0.400000005960465
chr12	40625798	40625798	1	*	0.200000002980232	0.330000013113022	0.0900000035762787	0.319999992847443	0.159999996423721			0.189999997615814	0.25		0.46000000834465	0.100000001490116
chr12	40626378	40626378	1	*	0.610000014305115	0.28999999165535	0.0900000035762787	0.159999996423721	0.490000009536743	0.349999994039536	0.730000019073486	0.569999992847443		0.129999995231628	0.0900000035762787	
chr12	40627004	40627004	1	*	0.560000002384186	0.159999996423721	0.140000000596046		0.490000009536743			0.379999995231628	0.119999997317791		0.46000000834465	0.300000011920929
chr12	40627456	40627456	1	*	0.200000002980232	0.370000004768372	0.230000004172325	0.0799999982118607		0.119999997317791	0.360000014305115	0.189999997615814				0.300000011920929
chr12	40628433	40628433	1	*	0.349999994039536	0.119999997317791	0.230000004172325	0.400000005960465	1.30999994277954	0.699999988079071	0.180000007152557	0.569999992847443	0.620000004768372			
chr12	40628586	40628586	1	*	0.100000001490116	0.0799999982118607	0.140000000596046	0.159999996423721		0.119999997317791		0.189999997615814	0.25	0.129999995231628		
chr12	40629554	40629554	1	*	0.300000011920929	0.0799999982118607			0.330000013113022	0.469999998807907	0.360000014305115		0.119999997317791		0.0900000035762787	0.200000002980232
chr12	40629747	40629747	1	*	0.100000001490116	0.28999999165535	0.180000007152557	0.319999992847443	0.159999996423721	0.5799999833107	0.180000007152557	0.569999992847443	0.25	0.129999995231628	0.370000004768372	0.100000001490116
chr12	40629787	40629787	1	*	0.150000005960464	0.25	0.140000000596046	0.319999992847443	0.490000009536743	0.349999994039536	0.360000014305115	0.569999992847443	0.25		0.649999976158142	0.100000001490116
chr12	40630639	40630639	1	*	0.709999978542328	0.660000026226044			0.159999996423721	0.699999988079071		0.759999990463257	0.75		0.370000004768372	0.300000011920929
chr12	40631608	40631608	1	*	0.100000001490116	0.620000004768372	0.280000001192093	0.479999989271164	1.30999994277954	0.469999998807907	0.180000007152557		0.119999997317791			0.300000011920929
chr12	40631727	40631727	1	*	0.150000005960464	0.569999992847443	0.0900000035762787	0.159999996423721	0.649999976158142	0.119999997317791			0.119999997317791		0.180000007152557	0.100000001490116
chr12	40631791	40631791	1	*	0.150000005960464	1.07000005245209	0.0900000035762787				0.180000007152557	0.189999997615814	0.75		0.180000007152557	0.100000001490116
chr12	40632099	40632099	1	*	0.349999994039536					1.62999999523163						
chr12	40632100	40632100	1	*	0.25					1.75						
chr12	40632594	40632594	1	*	0.200000002980232	1.67999994754791	0.180000007152557	0.159999996423721	1.13999998569489		0.180000007152557	0.189999997615814	0.25	0.129999995231628	0.180000007152557	0.200000002980232
chr12	40632958	40632958	1	*	0.300000011920929	0.660000026226044		0.400000005960465	0.980000019073486	0.469999998807907	0.180000007152557	0.569999992847443			0.180000007152557	0.5
chr12	40633314	40633314	1	*	0.300000011920929	0.119999997317791		0.159999996423721	0.819999992847443	0.119999997317791	0.360000014305115		0.119999997317791	0.529999971389771		0.200000002980232
chr12	40633488	40633488	1	*	0.100000001490116	0.159999996423721		0.159999996423721	0.159999996423721	0.119999997317791				0.270000010728836		0.100000001490116
chr12	40634158	40634158	1	*	0.25	0.209999993443489	0.0900000035762787	0.319999992847443			0.730000019073486	0.949999988079071	0.25			0.400000005960465
chr12	40634203	40634203	1	*	0.200000002980232	0.209999993443489	0.0900000035762787	0.0799999982118607			0.550000011920929	0.379999995231628	0.370000004768372		0.0900000035762787	0.300000011920929
chr12	40634819	40634819	1	*	0.25	0.159999996423721	0.280000001192093	0.0799999982118607	0.980000019073486	0.699999988079071		1.13999998569489	1	0.129999995231628	0.180000007152557	0.400000005960465
chr12	40634991	40634991	1	*	0.400000005960465	0.25	0.0900000035762787	0.400000005960465	0.819999992847443	0.469999998807907			0.620000004768372	0.400000005960465		0.100000001490116
chr12	40635356	40635356	1	*	0.100000001490116	0.209999993443489	0.140000000596046	0.239999994635582	0.159999996423721		0.180000007152557	0.189999997615814	0.25		0.0900000035762787	0.300000011920929
chr12	40639561	40639561	1	*	0.150000005960464	0.209999993443489		0.159999996423721		0.469999998807907	0.180000007152557		0.5		0.180000007152557	0.100000001490116
chr12	40639901	40639901	1	*	0.100000001490116	0.209999993443489	0.140000000596046	0.0799999982118607					0.25			0.100000001490116
chr12	40639962	40639962	1	*	0.100000001490116	0.159999996423721	0.230000004172325	0.0799999982118607	0.330000013113022						0.0900000035762787	0.100000001490116
chr12	40640160	40640160	1	*	0.959999978542328	0.119999997317791	0.0900000035762787	0.560000002384186	0.159999996423721		0.180000007152557		1			0.300000011920929
chr12	40640339	40640339	1	*	0.349999994039536	0.209999993443489		0.0799999982118607	0.819999992847443	0.469999998807907	0.730000019073486	1.13999998569489	0.119999997317791	0.400000005960465	0.0900000035762787	0.400000005960465
chr12	40640626	40640626	1	*	0.400000005960465	0.370000004768372	0.509999990463257	0.159999996423721	0.159999996423721	0.119999997317791	1.26999998092651	0.759999990463257	0.620000004768372	0.129999995231628	0.0900000035762787	0.600000023841858
chr12	40641692	40641692	1	*	0.200000002980232	0.119999997317791	0.319999992847443	0.0799999982118607	0.980000019073486	0.469999998807907		0.379999995231628	1			0.300000011920929
chr12	40643071	40643071	1	*	0.509999990463257	0.159999996423721	0.0900000035762787		0.330000013113022	0.5799999833107	0.180000007152557	0.379999995231628	0.119999997317791			
chr12	40643468	40643468	1	*	0.200000002980232	0.0799999982118607	0.0900000035762787	0.0799999982118607	0.159999996423721		0.180000007152557	0.569999992847443				0.5
chr12	40644279	40644279	1	*	0.300000011920929			0.239999994635582	0.649999976158142	0.230000004172325	0.550000011920929	0.379999995231628	0.5	0.129999995231628	0.0900000035762787	0.200000002980232
chr12	40644305	40644305	1	*	0.150000005960464			0.159999996423721	0.330000013113022	0.230000004172325	0.550000011920929	0.759999990463257	0.620000004768372	0.270000010728836	0.0900000035762787	0.300000011920929
chr12	40644367	40644367	1	*	0.0500000007450581	0.159999996423721	0.0900000035762787	0.159999996423721	0.330000013113022	0.5799999833107	0.180000007152557	1.33000004291534	0.5	0.270000010728836	0.180000007152557	0.300000011920929
chr12	40644433	40644433	1	*	0.0500000007450581	0.25	0.0900000035762787	0.0799999982118607		0.119999997317791	0.360000014305115	0.379999995231628	0.620000004768372		0.0900000035762787	0.200000002980232
chr12	40644503	40644503	1	*	0.0500000007450581	0.209999993443489			0.819999992847443		0.550000011920929	0.189999997615814	1.12000000476837	0.129999995231628	0.0900000035762787	
chr12	40644555	40644555	1	*	0.0500000007450581	0.119999997317791		0.0799999982118607	0.490000009536743	0.349999994039536	0.910000026226044	0.189999997615814	0.870000004768372	0.129999995231628	0.180000007152557	0.100000001490116
chr12	40644752	40644752	1	*	0.100000001490116			0.159999996423721					0.119999997317791		0.280000001192093	0.300000011920929
chr12	40644874	40644874	1	*	0.200000002980232				0.490000009536743	0.349999994039536	0.180000007152557	0.379999995231628	0.119999997317791			0.300000011920929
chr12	40645257	40645257	1	*	0.150000005960464	0.159999996423721	0.180000007152557	0.159999996423721	0.330000013113022	0.230000004172325	0.180000007152557		0.119999997317791	0.129999995231628	0.0900000035762787	0.5
chr12	40645596	40645596	1	*	0.200000002980232	0.370000004768372	0.140000000596046	0.0799999982118607			0.550000011920929	0.379999995231628	0.119999997317791		0.280000001192093	0.5
chr12	40645630	40645630	1	*	0.100000001490116	0.25	0.230000004172325				0.180000007152557	0.379999995231628	0.119999997317791		0.280000001192093	0.400000005960465
chr12	40645737	40645737	1	*	0.150000005960464	0.330000013113022	0.140000000596046	0.0799999982118607	1.13999998569489	0.819999992847443	0.730000019073486	0.379999995231628			0.370000004768372	0.200000002980232
chr12	40646534	40646534	1	*	0.0500000007450581	0.370000004768372	0.230000004172325	0.0799999982118607							0.0900000035762787	
chr12	40646948	40646948	1	*	0.25	0.490000009536743	0.140000000596046			0.469999998807907	0.730000019073486	0.949999988079071	0.370000004768372		0.180000007152557	
chr12	40647645	40647645	1	*	0.100000001490116	1.67999994754791	0.180000007152557	0.159999996423721	0.159999996423721	0.469999998807907	0.730000019073486		0.119999997317791	0.270000010728836		0.100000001490116
chr12	40647956	40647956	1	*	0.150000005960464	0.699999988079071	0.140000000596046	0.400000005960465		2.32999992370605			0.25		0.370000004768372	0.400000005960465
chr12	40648250	40648250	1	*	0.46000000834465	3.45000004768372	0.180000007152557	0.159999996423721	0.980000019073486	0.349999994039536	0.360000014305115		0.75	0.400000005960465	0.649999976158142	0.5
chr12	40649749	40649749	1	*	0.0500000007450581	0.529999971389771	0.319999992847443	0.0799999982118607		0.230000004172325	0.180000007152557		0.75			0.400000005960465
chr12	40649888	40649888	1	*	0.150000005960464	0.370000004768372		0.0799999982118607	0.159999996423721	1.27999997138977	0.550000011920929	0.759999990463257	0.5	0.270000010728836	0.0900000035762787	0.200000002980232
chr12	40649975	40649975	1	*	0.300000011920929	0.819999992847443		0.159999996423721	0.159999996423721		0.360000014305115		1	0.270000010728836		0.100000001490116
chr12	40650105	40650105	1	*	0.150000005960464	0.449999988079071	0.180000007152557	0.159999996423721	0.159999996423721	0.5799999833107	0.360000014305115	0.189999997615814	0.370000004768372	0.129999995231628		0.100000001490116
chr12	40650351	40650351	1	*	0.150000005960464	0.660000026226044		0.239999994635582		0.119999997317791	0.360000014305115	0.379999995231628				0.300000011920929
chr12	40650449	40650449	1	*	0.300000011920929	0.529999971389771	0.140000000596046	0.159999996423721		0.119999997317791		0.189999997615814			0.280000001192093	0.100000001490116
chr12	40650502	40650502	1	*	0.349999994039536	0.449999988079071	0.319999992847443	0.0799999982118607	0.330000013113022						0.46000000834465	
chr12	40650875	40650875	1	*	0.25	0.28999999165535	0.140000000596046	0.560000002384186		0.230000004172325	0.550000011920929	0.189999997615814	1.87000000476837			0.400000005960465
chr12	40651972	40651972	1	*	0.200000002980232	0.0799999982118607	0.180000007152557	0.0799999982118607	0.490000009536743		0.180000007152557	1.51999998092651	0.119999997317791	0.930000007152557		0.200000002980232
chr12	40652394	40652394	1	*	0.349999994039536	0.620000004768372	0.180000007152557	0.0799999982118607	0.649999976158142	0.230000004172325	0.910000026226044	0.569999992847443		0.270000010728836	0.649999976158142	0.300000011920929
chr12	40652520	40652520	1	*	0.200000002980232	0.370000004768372	0.230000004172325	0.159999996423721	1.30999994277954	0.699999988079071	0.550000011920929	0.949999988079071		0.129999995231628	0.280000001192093	0.300000011920929
chr12	40653696	40653696	1	*	0.0500000007450581	0.330000013113022		0.319999992847443	0.330000013113022	0.119999997317791	0.180000007152557			0.129999995231628		0.200000002980232
chr12	40653713	40653713	1	*	0.0500000007450581	0.370000004768372		0.239999994635582	0.330000013113022	0.119999997317791	0.180000007152557			0.129999995231628	0.0900000035762787	0.200000002980232
chr12	40653971	40653971	1	*	0.100000001490116	0.330000013113022	0.140000000596046	0.159999996423721		0.349999994039536	0.180000007152557		0.25	0.129999995231628		0.5
chr12	40653988	40653988	1	*	0.100000001490116	0.28999999165535	0.180000007152557	0.159999996423721	0.330000013113022	0.349999994039536	0.180000007152557		0.25	0.129999995231628		0.5
chr12	40653993	40653993	1	*	0.100000001490116	0.28999999165535	0.180000007152557	0.159999996423721	0.330000013113022	0.349999994039536	0.180000007152557		0.25	0.129999995231628		0.5
chr12	40654873	40654873	1	*	0.200000002980232	0.28999999165535	0.140000000596046	0.0799999982118607	0.159999996423721	0.119999997317791			0.119999997317791			0.300000011920929
chr12	40655016	40655016	1	*	0.150000005960464	0.119999997317791	0.180000007152557						0.119999997317791	0.129999995231628		0.400000005960465
chr12	40655707	40655707	1	*	0.25	0.159999996423721		0.159999996423721	0.819999992847443	0.230000004172325	0.360000014305115		0.75		0.0900000035762787	0.300000011920929
chr12	40656164	40656164	1	*	0.660000026226044	0.119999997317791		0.560000002384186		0.469999998807907		0.759999990463257			0.370000004768372	0.709999978542328
chr12	40656179	40656179	1	*	0.660000026226044	0.119999997317791		0.560000002384186		0.349999994039536		0.759999990463257			0.46000000834465	0.709999978542328
chr12	40656395	40656395	1	*	0.509999990463257	0.330000013113022	0.180000007152557	0.0799999982118607	0.159999996423721	0.349999994039536	0.180000007152557	0.379999995231628	0.25			0.600000023841858
chr12	40656677	40656677	1	*	0.660000026226044	0.569999992847443	0.46000000834465	0.400000005960465	2.13000011444092	0.469999998807907	0.730000019073486	0.569999992847443	0.119999997317791		0.370000004768372	0.300000011920929
chr12	40656962	40656962	1	*	0.200000002980232	0.490000009536743			0.330000013113022	0.230000004172325			0.119999997317791		0.180000007152557	0.400000005960465
chr12	40657225	40657225	1	*	0.349999994039536	0.620000004768372	0.319999992847443	0.400000005960465	1.96000003814697	0.469999998807907		0.379999995231628	0.119999997317791		0.0900000035762787	0.200000002980232
chr12	40657537	40657537	1	*	0.400000005960465	0.159999996423721	0.180000007152557		1.63999998569489	0.349999994039536		0.189999997615814	0.5	0.270000010728836	0.280000001192093	0.200000002980232
chr12	40657700	40657700	1	*	0.610000014305115	0.860000014305115	0.140000000596046	0.0799999982118607	0.649999976158142	0.119999997317791			1.24000000953674	0.129999995231628	0.280000001192093	
chr12	40657771	40657771	1	*	0.610000014305115	0.899999976158142	0.230000004172325	0.560000002384186	2.77999997138977	0.119999997317791		0.189999997615814			0.180000007152557	0.200000002980232
chr12	40657868	40657868	1	*	0.560000002384186	0.860000014305115	0.370000004768372	0.319999992847443	15.6999998092651	1.27999997138977	1.0900000333786	0.189999997615814	0.620000004768372		0.180000007152557	0.910000026226044
chr12	40658053	40658053	1	*	1.30999994277954	1.44000005722046	0.180000007152557	0.239999994635582	1.47000002861023	1.39999997615814	0.550000011920929	1.51999998092651	0.119999997317791		0.280000001192093	0.810000002384186
chr12	40658155	40658155	1	*	1.66999995708466	1.11000001430511	0.140000000596046	0.239999994635582	0.819999992847443	0.469999998807907	1.26999998092651	0.569999992847443		0.529999971389771	0.180000007152557	0.100000001490116
chr12	40658205	40658205	1	*	1.47000002861023	0.660000026226044	0.230000004172325	0.239999994635582	0.330000013113022	0.119999997317791		0.189999997615814	0.370000004768372	0.129999995231628	0.550000011920929	0.200000002980232
chr12	40658255	40658255	1	*	1.00999999046326	0.119999997317791	0.180000007152557	0.159999996423721		0.119999997317791		0.189999997615814	0.370000004768372	0.129999995231628	0.550000011920929	0.300000011920929
chr12	40658867	40658867	1	*	0.0500000007450581	0.119999997317791			0.490000009536743	0.119999997317791	0.360000014305115	0.569999992847443	0.119999997317791			0.200000002980232
chr12	40658964	40658964	1	*	0.100000001490116	0.330000013113022	0.0900000035762787	0.0799999982118607		0.119999997317791	0.360000014305115	0.189999997615814	0.5		0.0900000035762787	
chr12	40659096	40659096	1	*	0.0500000007450581	0.25	0.180000007152557	0.0799999982118607	0.330000013113022	0.930000007152557		0.189999997615814	0.75			
chr12	40659534	40659534	1	*	0.25	0.25		0.400000005960465	0.159999996423721	0.119999997317791	0.180000007152557	0.189999997615814			0.0900000035762787	
chr12	40660487	40660487	1	*	0.300000011920929					0.230000004172325	0.550000011920929		0.25		0.180000007152557	0.300000011920929
chr12	40660880	40660880	1	*	0.200000002980232	0.209999993443489		0.239999994635582		0.119999997317791			0.25	0.670000016689301		0.300000011920929
chr12	40661053	40661053	1	*	0.349999994039536	0.569999992847443	0.180000007152557	0.0799999982118607	0.819999992847443		0.550000011920929	0.189999997615814		0.129999995231628	0.0900000035762787	0.709999978542328
chr12	40661403	40661403	1	*	0.509999990463257	1.23000001907349		0.319999992847443	0.649999976158142	0.930000007152557	0.180000007152557	0.379999995231628		0.270000010728836		0.5
chr12	40662039	40662039	1	*	0.150000005960464	0.620000004768372	0.280000001192093	0.560000002384186	0.490000009536743			0.189999997615814	0.25	0.400000005960465	0.649999976158142	0.400000005960465
chr12	40662691	40662691	1	*	0.150000005960464	0.25	0.0900000035762787	0.72000002861023	0.330000013113022	0.119999997317791	0.550000011920929	0.189999997615814	0.75		0.280000001192093	0.400000005960465
chr12	40663048	40663048	1	*	0.150000005960464	0.25	0.230000004172325	0.319999992847443	0.159999996423721	0.349999994039536		0.379999995231628	0.119999997317791	0.129999995231628	0.180000007152557	0.300000011920929
chr12	40663596	40663596	1	*	0.25	0.209999993443489	0.0900000035762787	0.0799999982118607	0.330000013113022	0.119999997317791		0.379999995231628	0.119999997317791			0.100000001490116
chr12	40663918	40663918	1	*	0.0500000007450581	0.209999993443489		0.159999996423721		0.119999997317791	0.360000014305115		0.25			0.300000011920929
chr12	40664643	40664643	1	*	0.25		0.0900000035762787	0.159999996423721	0.330000013113022	0.119999997317791	0.360000014305115	0.189999997615814	1		0.0900000035762787	0.5
chr12	40665227	40665227	1	*	0.150000005960464	0.25	0.0900000035762787			0.119999997317791	0.360000014305115		0.370000004768372	0.129999995231628	0.370000004768372	
chr12	40665454	40665454	1	*	0.200000002980232	0.209999993443489	0.140000000596046	0.0799999982118607	0.980000019073486	0.469999998807907			0.119999997317791		0.0900000035762787	0.300000011920929
chr12	40665920	40665920	1	*	0.349999994039536		0.0900000035762787	0.0799999982118607	0.330000013113022		0.360000014305115	1.33000004291534	0.119999997317791	0.270000010728836		0.910000026226044
chr12	40666737	40666737	1	*	0.25	0.119999997317791	0.319999992847443	0.0799999982118607	0.490000009536743	0.119999997317791	0.360000014305115					
chr12	40666760	40666760	1	*	0.300000011920929	0.119999997317791	0.370000004768372	0.159999996423721	0.490000009536743	0.230000004172325		0.379999995231628				0.100000001490116
chr12	40666875	40666875	1	*	0.0500000007450581	0.0799999982118607	0.370000004768372	0.0799999982118607	0.159999996423721	0.230000004172325	0.360000014305115	0.189999997615814	0.25	0.800000011920929		0.100000001490116
chr12	40667663	40667663	1	*	0.509999990463257	0.159999996423721		0.479999989271164	0.330000013113022	0.349999994039536	0.910000026226044	0.189999997615814	0.119999997317791	0.529999971389771	0.180000007152557	0.300000011920929
chr12	40669826	40669826	1	*	0.300000011920929	0.0799999982118607			0.159999996423721	0.119999997317791	0.180000007152557	0.379999995231628		0.270000010728836	0.0900000035762787	0.100000001490116
chr12	40669869	40669869	1	*	0.200000002980232		0.0900000035762787	0.479999989271164		0.5799999833107	1.0900000333786	0.189999997615814		0.270000010728836	0.0900000035762787	
chr12	40669939	40669939	1	*	0.25	0.0799999982118607	0.140000000596046	0.479999989271164	0.649999976158142	0.119999997317791	0.360000014305115	0.189999997615814		0.129999995231628	0.180000007152557	0.100000001490116
chr12	40670056	40670056	1	*	0.200000002980232	0.119999997317791		0.159999996423721	0.330000013113022			0.189999997615814				0.400000005960465
chr12	40670394	40670394	1	*	0.200000002980232	0.119999997317791		0.400000005960465	0.330000013113022	0.699999988079071		0.189999997615814	0.370000004768372		0.280000001192093	0.200000002980232
chr12	40670594	40670594	1	*	0.150000005960464	0.119999997317791	0.0900000035762787	0.319999992847443	0.330000013113022	0.230000004172325	0.180000007152557		0.370000004768372			0.200000002980232
chr12	40670676	40670676	1	*	0.400000005960465	0.159999996423721	0.180000007152557	0.319999992847443	0.159999996423721	0.119999997317791	0.360000014305115				0.0900000035762787	0.300000011920929
chr12	40670801	40670801	1	*	0.25	0.209999993443489	0.230000004172325	0.0799999982118607		0.119999997317791					0.180000007152557	0.400000005960465
chr12	40670870	40670870	1	*	0.200000002980232	0.0799999982118607	0.230000004172325	0.0799999982118607	0.159999996423721	0.119999997317791						0.5
chr12	40670998	40670998	1	*	0.150000005960464			0.0799999982118607	0.649999976158142	0.230000004172325	0.360000014305115	0.379999995231628	0.119999997317791	0.400000005960465		0.5
chr12	40671576	40671576	1	*	0.0500000007450581		0.140000000596046	0.0799999982118607		0.349999994039536	0.550000011920929	0.379999995231628	0.25			0.200000002980232
chr12	40671989	40671989	1	*	0.46000000834465	0.209999993443489	0.0900000035762787	0.239999994635582	0.159999996423721	0.349999994039536	0.910000026226044	0.569999992847443	0.870000004768372	0.129999995231628	0.280000001192093	0.600000023841858
chr12	40672514	40672514	1	*	0.349999994039536	0.119999997317791	0.230000004172325	0.319999992847443	1.63999998569489	1.16999995708466	0.360000014305115		0.5			0.300000011920929
chr12	40673260	40673260	1	*	0.0500000007450581	0.159999996423721	0.180000007152557	0.239999994635582	0.159999996423721	0.230000004172325			0.119999997317791	0.270000010728836	0.180000007152557	0.300000011920929
chr12	40673368	40673368	1	*	0.100000001490116	0.0799999982118607	0.180000007152557	0.0799999982118607	0.159999996423721	0.119999997317791		0.379999995231628		0.270000010728836		0.200000002980232
chr12	40673513	40673513	1	*	0.400000005960465		0.280000001192093	0.0799999982118607			0.180000007152557					
chr12	40673524	40673524	1	*	0.400000005960465		0.319999992847443	0.0799999982118607								
chr12	40673539	40673539	1	*	0.400000005960465		0.319999992847443	0.0799999982118607					0.25			
chr12	40674039	40674039	1	*	0.200000002980232	0.159999996423721	0.280000001192093	0.0799999982118607	0.330000013113022		0.360000014305115	0.569999992847443	0.119999997317791		0.180000007152557	
chr12	40674594	40674594	1	*	0.0500000007450581	0.0799999982118607		0.0799999982118607	0.159999996423721	0.349999994039536	0.180000007152557					
chr12	40674634	40674634	1	*	0.100000001490116	0.0799999982118607		0.0799999982118607								0.100000001490116
chr12	40675052	40675052	1	*	0.100000001490116	0.25	0.419999986886978	0.479999989271164		0.230000004172325	0.180000007152557	0.189999997615814		0.400000005960465	0.46000000834465	0.400000005960465
chr12	40675608	40675608	1	*	0.200000002980232	0.25	0.140000000596046	0.319999992847443	0.330000013113022	0.5799999833107	0.180000007152557	1.51999998092651	0.25		0.550000011920929	0.5
chr12	40676200	40676200	1	*	0.25	0.330000013113022	0.180000007152557	0.0799999982118607	0.649999976158142	1.16999995708466	0.360000014305115	0.379999995231628		0.400000005960465	0.280000001192093	0.200000002980232
chr12	40677008	40677008	1	*	0.610000014305115	0.28999999165535	0.180000007152557		0.330000013113022	0.230000004172325	0.550000011920929	1.33000004291534			0.180000007152557	0.300000011920929
chr12	40677029	40677029	1	*	0.509999990463257	0.370000004768372	0.140000000596046		0.330000013113022	0.230000004172325	0.180000007152557	0.189999997615814	0.25		0.180000007152557	0.300000011920929
chr12	40677584	40677584	1	*	0.150000005960464	0.209999993443489			0.330000013113022	0.119999997317791				0.129999995231628	0.280000001192093	
chr12	40677599	40677599	1	*	0.200000002980232	0.159999996423721			0.330000013113022	0.119999997317791				0.129999995231628	0.280000001192093	
chr12	40677655	40677655	1	*	0.25	0.119999997317791		0.239999994635582	0.490000009536743			0.569999992847443		0.129999995231628	0.180000007152557	0.100000001490116
chr12	40678088	40678088	1	*	0.150000005960464	0.0799999982118607		0.159999996423721	0.649999976158142	0.230000004172325		0.949999988079071			0.0900000035762787	0.200000002980232
chr12	40678341	40678341	1	*	0.100000001490116		0.0900000035762787	0.239999994635582	0.159999996423721		0.180000007152557	0.949999988079071		0.129999995231628		
chr12	40679254	40679254	1	*	0.25	0.25	0.140000000596046	0.639999985694885	0.159999996423721	0.119999997317791			0.370000004768372	0.129999995231628		0.200000002980232
chr12	40679269	40679269	1	*	0.150000005960464	0.28999999165535	0.140000000596046	0.639999985694885	0.159999996423721	0.119999997317791			0.370000004768372	0.129999995231628		0.200000002980232
chr12	40679871	40679871	1	*	0.100000001490116		0.319999992847443	0.239999994635582	0.159999996423721	0.469999998807907	0.180000007152557	0.379999995231628	0.620000004768372	0.270000010728836	0.180000007152557	0.200000002980232
chr12	40680814	40680814	1	*	0.349999994039536	0.209999993443489	0.419999986886978	0.159999996423721	0.649999976158142	0.819999992847443	1.26999998092651	1.13999998569489	1.24000000953674			0.5
chr12	40680917	40680917	1	*	0.610000014305115	0.25	0.509999990463257	0.159999996423721		0.469999998807907	0.360000014305115	0.189999997615814	1.37000000476837		0.280000001192093	0.300000011920929
chr12	40680941	40680941	1	*	0.709999978542328	0.25	0.509999990463257	0.159999996423721		0.5799999833107	0.360000014305115	0.189999997615814	0.620000004768372		0.280000001192093	0.200000002980232
chr12	40681057	40681057	1	*	0.25	0.0799999982118607	0.46000000834465	0.239999994635582	0.819999992847443	0.230000004172325		0.759999990463257		0.129999995231628	0.649999976158142	0.300000011920929
chr12	40681486	40681486	1	*	0.400000005960465	0.25	0.140000000596046	0.239999994635582		0.119999997317791	0.360000014305115		0.620000004768372			0.709999978542328
chr12	40682197	40682197	1	*	0.25	0.28999999165535	0.180000007152557	0.159999996423721	0.490000009536743	0.469999998807907	0.910000026226044		0.75	0.129999995231628	0.370000004768372	0.100000001490116
chr12	40682590	40682590	1	*	0.759999990463257	0.490000009536743	0.0900000035762787	0.239999994635582		0.819999992847443	0.360000014305115		0.25			0.600000023841858
chr12	40682722	40682722	1	*	0.150000005960464	0.409999996423721			0.159999996423721	0.119999997317791	0.180000007152557		0.25	0.129999995231628	0.180000007152557	0.810000002384186
chr12	40683136	40683136	1	*	0.25	0.490000009536743	0.0900000035762787	0.239999994635582	0.490000009536743	0.699999988079071	0.550000011920929	1.13999998569489	0.370000004768372	0.129999995231628	0.180000007152557	
chr12	40684454	40684454	1	*	0.400000005960465	0.119999997317791	0.0900000035762787		0.490000009536743	0.349999994039536	0.360000014305115	0.569999992847443	1.12000000476837	0.129999995231628		0.400000005960465
chr12	40684622	40684622	1	*	0.150000005960464	0.0799999982118607	0.230000004172325	0.0799999982118607		0.119999997317791			0.870000004768372		0.0900000035762787	
chr12	40685160	40685160	1	*	0.100000001490116				0.159999996423721							0.100000001490116
chr12	40685285	40685285	1	*	0.400000005960465	0.0799999982118607	0.140000000596046		0.159999996423721		0.360000014305115		0.25			0.100000001490116
chr12	40685827	40685827	1	*	0.300000011920929	0.409999996423721	0.419999986886978	0.239999994635582	0.159999996423721	0.469999998807907	0.550000011920929	0.569999992847443	0.119999997317791		0.0900000035762787	0.300000011920929
chr12	40685846	40685846	1	*	0.400000005960465	0.449999988079071	0.46000000834465	0.239999994635582	0.980000019073486	0.469999998807907	0.550000011920929	0.569999992847443	0.25		0.550000011920929	0.5
chr12	40686038	40686038	1	*	0.560000002384186	0.209999993443489	0.319999992847443	0.879999995231628	0.330000013113022		0.360000014305115		1		0.180000007152557	0.709999978542328
chr12	40686245	40686245	1	*	0.349999994039536			0.560000002384186	0.490000009536743	0.119999997317791			0.870000004768372	0.270000010728836	0.0900000035762787	0.300000011920929
chr12	40686731	40686731	1	*	0.200000002980232		0.0900000035762787	0.0799999982118607			0.360000014305115		0.5		0.0900000035762787	
chr12	40686845	40686845	1	*	0.200000002980232	0.119999997317791	0.180000007152557					0.379999995231628	1	0.270000010728836	0.280000001192093	0.100000001490116
chr12	40687035	40687035	1	*	0.560000002384186	0.159999996423721		0.159999996423721	0.490000009536743	1.27999997138977	0.550000011920929	0.569999992847443	0.25	0.270000010728836	0.180000007152557	0.400000005960465
chr12	40687654	40687654	1	*	0.100000001490116	0.119999997317791			0.159999996423721	0.930000007152557	0.910000026226044	1.33000004291534			0.0900000035762787	0.100000001490116
chr12	40688081	40688081	1	*	0.150000005960464	0.490000009536743	0.46000000834465	0.0799999982118607	0.159999996423721		0.180000007152557	0.189999997615814	0.370000004768372	0.400000005960465	0.0900000035762787	0.100000001490116
chr12	40688286	40688286	1	*	0.100000001490116	0.25	0.140000000596046	0.239999994635582		0.230000004172325	0.180000007152557	0.189999997615814			0.180000007152557	0.100000001490116
chr12	40688497	40688497	1	*	0.810000002384186	0.28999999165535	0.0900000035762787	0.0799999982118607	0.649999976158142	0.469999998807907		0.189999997615814	0.5		0.280000001192093	
chr12	40688921	40688921	1	*	0.0500000007450581	0.0799999982118607	0.0900000035762787		0.490000009536743	0.119999997317791			0.119999997317791			0.200000002980232
chr12	40689588	40689588	1	*	0.200000002980232		0.230000004172325	0.159999996423721	0.159999996423721	0.349999994039536	0.730000019073486	0.379999995231628	0.620000004768372	0.129999995231628	0.180000007152557	0.5
chr12	40689889	40689889	1	*	0.200000002980232		0.319999992847443	0.400000005960465		0.349999994039536	0.180000007152557	0.189999997615814			0.0900000035762787	0.100000001490116
chr12	40689982	40689982	1	*	0.150000005960464		0.0900000035762787	0.319999992847443			0.550000011920929	0.379999995231628	0.119999997317791			0.100000001490116
chr12	40690061	40690061	1	*	0.400000005960465	0.0799999982118607		0.159999996423721	0.980000019073486	0.699999988079071	0.730000019073486		0.119999997317791		0.0900000035762787	
chr12	40690517	40690517	1	*	0.200000002980232	0.119999997317791	0.180000007152557	0.0799999982118607		0.119999997317791						0.200000002980232
chr12	40690706	40690706	1	*	0.560000002384186		0.280000001192093			0.230000004172325	0.550000011920929	0.569999992847443	0.620000004768372	0.129999995231628	0.180000007152557	0.300000011920929
chr12	40690944	40690944	1	*	0.25	0.330000013113022	0.140000000596046	0.159999996423721	0.490000009536743	0.349999994039536	0.180000007152557	0.189999997615814	0.5	0.270000010728836	0.0900000035762787	0.600000023841858
chr12	40691911	40691911	1	*	0.300000011920929	0.159999996423721	0.180000007152557	0.239999994635582	0.159999996423721	0.230000004172325	0.180000007152557		0.25		0.280000001192093	0.100000001490116
chr12	40693225	40693225	1	*	0.100000001490116		0.509999990463257	0.159999996423721				0.569999992847443	1.24000000953674	0.529999971389771	0.46000000834465	0.5
chr12	40693801	40693801	1	*	0.300000011920929	0.119999997317791		0.639999985694885	0.649999976158142	0.5799999833107			0.25			0.200000002980232
chr12	40693806	40693806	1	*	0.300000011920929	0.159999996423721		0.639999985694885	0.649999976158142	0.5799999833107		0.189999997615814	0.25			0.200000002980232
chr12	40693824	40693824	1	*	0.349999994039536	0.159999996423721		0.72000002861023	1.13999998569489	0.699999988079071		0.379999995231628	0.25			0.200000002980232
chr12	40694018	40694018	1	*	0.200000002980232		0.140000000596046	0.400000005960465		0.230000004172325	0.360000014305115	1.33000004291534	1		0.180000007152557	0.300000011920929
chr12	40694399	40694399	1	*	0.200000002980232	0.0799999982118607	0.230000004172325	0.239999994635582	1.13999998569489	0.230000004172325	0.180000007152557				0.740000009536743	0.400000005960465
chr12	40695095	40695095	1	*	0.349999994039536	0.159999996423721		0.0799999982118607					0.119999997317791	0.400000005960465		0.300000011920929
chr12	40695776	40695776	1	*	0.25	0.0799999982118607	0.140000000596046	0.0799999982118607					0.119999997317791		0.46000000834465	0.300000011920929
chr12	40695791	40695791	1	*	0.150000005960464	0.0799999982118607	0.140000000596046	0.0799999982118607					0.119999997317791		0.649999976158142	0.300000011920929
chr12	40695851	40695851	1	*	0.200000002980232			0.159999996423721					0.370000004768372		0.280000001192093	0.5
chr12	40697434	40697434	1	*	0.610000014305115	0.159999996423721	0.280000001192093	0.400000005960465	0.159999996423721	0.349999994039536	1.26999998092651		0.620000004768372	0.400000005960465		0.200000002980232
chr12	40697477	40697477	1	*	0.400000005960465	0.0799999982118607	0.280000001192093	0.159999996423721	0.819999992847443	0.699999988079071		0.569999992847443	0.25	0.129999995231628		0.100000001490116
chr12	40698193	40698193	1	*	0.349999994039536	0.209999993443489	0.230000004172325	0.159999996423721	0.490000009536743			0.189999997615814	0.870000004768372			0.600000023841858
chr12	40698422	40698422	1	*	0.0500000007450581	0.159999996423721	0.370000004768372		1.47000002861023	1.04999995231628	0.180000007152557	0.189999997615814	0.119999997317791		0.0900000035762787	
chr12	40698490	40698490	1	*	0.0500000007450581	0.409999996423721	0.370000004768372	0.0799999982118607	0.159999996423721				0.119999997317791		0.280000001192093	0.200000002980232
chr12	40698686	40698686	1	*	0.150000005960464		0.180000007152557	0.0799999982118607	0.330000013113022	0.469999998807907			0.25	0.129999995231628	0.280000001192093	0.200000002980232
chr12	40700584	40700584	1	*	0.150000005960464	0.28999999165535		0.239999994635582	0.490000009536743	0.349999994039536			0.370000004768372	0.129999995231628	0.0900000035762787	0.100000001490116
chr12	40700956	40700956	1	*	0.100000001490116	0.0799999982118607	0.0900000035762787	0.0799999982118607		0.469999998807907	0.180000007152557		0.25		0.0900000035762787	0.300000011920929
chr12	40701271	40701271	1	*	0.0500000007450581	0.0799999982118607	0.280000001192093	0.400000005960465			0.360000014305115					0.300000011920929
chr12	40701388	40701388	1	*	0.150000005960464		0.140000000596046		0.490000009536743		1.45000004768372	0.949999988079071			0.280000001192093	0.100000001490116
chr12	40701831	40701831	1	*	0.150000005960464		0.280000001192093	0.479999989271164	0.330000013113022		0.180000007152557		0.370000004768372		0.0900000035762787	
chr12	40701959	40701959	1	*	0.150000005960464		0.0900000035762787	0.400000005960465		0.119999997317791	1.0900000333786	0.189999997615814		0.529999971389771	0.0900000035762787	0.200000002980232
chr12	40702164	40702164	1	*	0.100000001490116	0.209999993443489	0.280000001192093	0.0799999982118607	0.330000013113022	0.230000004172325	0.910000026226044	0.189999997615814		0.129999995231628	0.0900000035762787	
chr12	40702771	40702771	1	*	0.200000002980232	0.119999997317791	0.550000011920929	0.400000005960465		0.119999997317791	0.550000011920929		0.370000004768372		0.46000000834465	
chr12	40702846	40702846	1	*	0.100000001490116	0.119999997317791	0.509999990463257	0.239999994635582		0.119999997317791	0.550000011920929		0.75	0.400000005960465	0.180000007152557	
chr12	40702911	40702911	1	*	0.100000001490116		0.790000021457672	0.239999994635582	0.159999996423721	0.5799999833107	0.550000011920929	0.759999990463257	1	0.400000005960465	0.180000007152557	0.300000011920929
chr12	40702987	40702987	1	*	0.300000011920929	0.25	0.920000016689301	0.400000005960465	1.47000002861023	0.230000004172325	1.45000004768372	0.949999988079071	0.620000004768372	0.400000005960465	0.180000007152557	0.400000005960465
chr12	40703152	40703152	1	*	0.200000002980232	0.0799999982118607	0.649999976158142	0.239999994635582	0.159999996423721	0.5799999833107				0.129999995231628	0.180000007152557	1.11000001430511
chr12	40703865	40703865	1	*	0.400000005960465	0.159999996423721	1.89999997615814	0.319999992847443			0.180000007152557	0.379999995231628			0.8299999833107	
chr12	40703878	40703878	1	*	0.400000005960465	0.159999996423721	1.79999995231628	0.319999992847443			0.180000007152557	0.949999988079071			0.8299999833107	
chr12	40704557	40704557	1	*	0.300000011920929	0.159999996423721	3.89000010490418	0.639999985694885			0.550000011920929	0.189999997615814			2.67000007629395	0.600000023841858
chr12	40705700	40705700	1	*	0.400000005960465	0.159999996423721	1.75999999046326		0.159999996423721	0.349999994039536			0.370000004768372	0.129999995231628	2.95000004768372	0.5
chr12	40705835	40705835	1	*	0.300000011920929	0.209999993443489	1.62000000476837	0.400000005960465	0.980000019073486	1.16999995708466	0.360000014305115	1.33000004291534	0.25	0.129999995231628	1.75	0.200000002980232
chr12	40706375	40706375	1	*	0.910000026226044	1.26999998092651	3.04999995231628	1.03999996185303	1.30999994277954	0.349999994039536	1.0900000333786	0.569999992847443	0.370000004768372	0.930000007152557	2.95000004768372	0.200000002980232
chr12	40706531	40706531	1	*	0.810000002384186	1.19000005722046	2.96000003814697	0.560000002384186	1.47000002861023	1.04999995231628	1.82000005245209	1.33000004291534		0.270000010728836	2.67000007629395	0.5
chr12	40706597	40706597	1	*	0.660000026226044	1.26999998092651	2.07999992370605	0.639999985694885	0.159999996423721	0.699999988079071	0.360000014305115		0.119999997317791	0.129999995231628	1.8400000333786	0.200000002980232
chr12	40706604	40706604	1	*	0.509999990463257	1.35000002384186	2.30999994277954	0.560000002384186	0.159999996423721	0.5799999833107	0.180000007152557		0.119999997317791	0.529999971389771	1.94000005722046	0.200000002980232
chr12	40707113	40707113	1	*	0.100000001490116	0.409999996423721	0.649999976158142		0.490000009536743	0.469999998807907	1.0900000333786				1.28999996185303	0.200000002980232
chr12	40707201	40707201	1	*	0.200000002980232	0.529999971389771	1.75999999046326	0.0799999982118607	1.63999998569489	0.819999992847443	0.910000026226044		0.370000004768372	0.129999995231628	2.49000000953674	1.50999999046326
chr12	40707278	40707278	1	*	0.509999990463257	0.660000026226044	2.30999994277954	0.319999992847443	0.649999976158142	0.699999988079071	1.0900000333786	0.379999995231628	0.370000004768372	0.400000005960465	1.57000005245209	1.30999994277954
chr12	40707396	40707396	1	*	0.509999990463257	0.159999996423721	1.75999999046326	0.319999992847443	0.330000013113022	0.5799999833107	1.26999998092651	0.379999995231628	0.119999997317791	0.129999995231628	1.20000004768372	0.300000011920929
chr12	40707410	40707410	1	*	0.400000005960465	0.119999997317791	1.57000005245209	0.319999992847443	0.490000009536743	0.5799999833107	0.910000026226044	0.379999995231628	0.119999997317791	0.529999971389771	1.28999996185303	0.300000011920929
chr12	40707861	40707861	1	*	1.47000002861023	0.569999992847443	1.62000000476837	0.239999994635582	1.30999994277954	0.119999997317791	0.360000014305115		5.1100001335144	1.87000000476837	1.94000005722046	0.600000023841858
chr12	40708322	40708322	1	*	0.560000002384186	0.159999996423721	1.28999996185303	0.560000002384186	0.330000013113022		0.730000019073486	0.189999997615814	1.37000000476837	0.529999971389771	0.920000016689301	0.400000005960465
chr12	40708845	40708845	1	*	0.25	0.209999993443489	0.550000011920929	0.159999996423721	0.980000019073486	0.230000004172325	0.550000011920929	0.379999995231628	0.25	0.400000005960465	0.0900000035762787	0.5
chr12	40708892	40708892	1	*	0.46000000834465	0.119999997317791	0.550000011920929	0.0799999982118607	2.77999997138977		0.360000014305115	0.569999992847443	0.5	0.529999971389771	0.0900000035762787	0.5
chr12	40708922	40708922	1	*	0.349999994039536	0.119999997317791	0.550000011920929	0.0799999982118607	2.61999988555908	0.119999997317791		0.379999995231628	0.25	0.270000010728836	0.370000004768372	0.5
chr12	40709185	40709185	1	*	0.509999990463257	0.370000004768372	0.550000011920929	0.319999992847443	0.819999992847443	0.119999997317791	0.180000007152557	0.569999992847443	0.119999997317791		0.280000001192093	0.400000005960465
chr12	40709318	40709318	1	*	0.25	0.119999997317791	0.649999976158142	0.400000005960465	1.30999994277954	0.5799999833107	2	0.949999988079071	1		0.370000004768372	0.400000005960465
chr12	40709328	40709328	1	*	0.25	0.209999993443489	0.649999976158142	0.159999996423721	1.30999994277954	0.5799999833107	3.08999991416931	0.949999988079071	1		0.370000004768372	0.5
chr12	40709413	40709413	1	*	0.0500000007450581	0.28999999165535	0.370000004768372	0.159999996423721	1.47000002861023	0.469999998807907	0.910000026226044	0.379999995231628	0.620000004768372		0.280000001192093	0.200000002980232
chr12	40709499	40709499	1	*	0.100000001490116	0.25	0.46000000834465		0.159999996423721		0.180000007152557	0.569999992847443		0.129999995231628	0.46000000834465	
chr12	40709624	40709624	1	*	0.200000002980232	0.0799999982118607	0.0900000035762787	0.0799999982118607		0.230000004172325	0.180000007152557	0.949999988079071	0.370000004768372	0.129999995231628	0.46000000834465	
chr12	40709957	40709957	1	*	0.150000005960464	0.28999999165535	0.140000000596046	0.159999996423721	0.490000009536743			0.189999997615814		0.129999995231628		0.100000001490116
chr12	40711046	40711046	1	*	0.349999994039536				0.159999996423721				0.5	0.129999995231628	0.0900000035762787	0.600000023841858
chr12	40711070	40711070	1	*	0.349999994039536	0.119999997317791	0.140000000596046		0.159999996423721				0.5		0.0900000035762787	0.600000023841858
chr12	40711091	40711091	1	*	0.300000011920929	0.119999997317791	0.230000004172325		0.159999996423721		0.360000014305115		0.5			0.600000023841858
chr12	40711094	40711094	1	*	0.300000011920929	0.119999997317791	0.230000004172325				0.360000014305115		0.5			0.400000005960465
chr12	40711447	40711447	1	*	0.100000001490116	0.209999993443489	0.230000004172325	0.0799999982118607		0.119999997317791	0.360000014305115			0.129999995231628		0.300000011920929
chr12	40711634	40711634	1	*	0.25	0.25	0.46000000834465	0.0799999982118607				0.189999997615814	0.870000004768372	0.270000010728836	0.0900000035762787	0.200000002980232
chr12	40711889	40711889	1	*	0.610000014305115	0.209999993443489	0.46000000834465	0.400000005960465	0.159999996423721	0.119999997317791	0.180000007152557	0.189999997615814	0.25		0.0900000035762787	0.200000002980232
chr12	40711998	40711998	1	*	0.400000005960465	0.119999997317791	0.280000001192093	0.159999996423721		1.16999995708466	0.730000019073486	0.569999992847443	0.370000004768372	0.129999995231628	0.280000001192093	0.100000001490116
chr12	40712193	40712193	1	*	0.25		0.509999990463257	0.159999996423721		0.230000004172325			0.370000004768372	0.400000005960465	0.180000007152557	0.100000001490116
chr12	40712359	40712359	1	*	0.560000002384186	0.370000004768372	0.509999990463257	0.239999994635582	0.330000013113022	0.469999998807907	0.550000011920929	0.189999997615814		0.529999971389771	0.0900000035762787	0.200000002980232
chr12	40712575	40712575	1	*	0.150000005960464	0.529999971389771	0.230000004172325				0.730000019073486	0.189999997615814	0.620000004768372			0.300000011920929
chr12	40712620	40712620	1	*	0.349999994039536	0.529999971389771	0.319999992847443		0.159999996423721	0.230000004172325	0.550000011920929	0.759999990463257	0.870000004768372	0.270000010728836		0.400000005960465
chr12	40713003	40713003	1	*	0.25	0.119999997317791	0.180000007152557	0.159999996423721	0.159999996423721	0.230000004172325	0.550000011920929	1.33000004291534	0.119999997317791	0.529999971389771	0.180000007152557	0.200000002980232
chr12	40713200	40713200	1	*	0.150000005960464	0.159999996423721	0.280000001192093	0.639999985694885	0.159999996423721	0.119999997317791	0.360000014305115	0.379999995231628			0.180000007152557	0.300000011920929
chr12	40713219	40713219	1	*	0.200000002980232	0.209999993443489	0.319999992847443	0.639999985694885		0.230000004172325	0.550000011920929	0.569999992847443	0.370000004768372		0.180000007152557	0.400000005960465
chr12	40713560	40713560	1	*	0.300000011920929	0.159999996423721	0.180000007152557		0.159999996423721	0.119999997317791	0.180000007152557		0.119999997317791	0.129999995231628		0.600000023841858
chr12	40713759	40713759	1	*	0.0500000007450581	0.0799999982118607	0.46000000834465				0.360000014305115		0.25	0.129999995231628	0.280000001192093	0.709999978542328
chr12	40713834	40713834	1	*	0.25		0.230000004172325	0.239999994635582	0.159999996423721			0.189999997615814	0.370000004768372		0.180000007152557	0.100000001490116
chr12	40713873	40713873	1	*	0.25	0.0799999982118607	0.280000001192093	0.239999994635582	0.159999996423721				0.620000004768372		0.0900000035762787	0.200000002980232
chr12	40713899	40713899	1	*	0.349999994039536	0.119999997317791	0.230000004172325	0.239999994635582	0.159999996423721				0.870000004768372		0.46000000834465	0.300000011920929
chr12	40713901	40713901	1	*	0.400000005960465	0.119999997317791	0.230000004172325	0.239999994635582	0.159999996423721			0.949999988079071	0.870000004768372		0.46000000834465	0.300000011920929
chr12	40714009	40714009	1	*	0.25	0.159999996423721	0.280000001192093	0.0799999982118607	0.490000009536743		0.360000014305115		0.370000004768372		0.280000001192093	0.300000011920929
chr12	40714332	40714332	1	*	0.150000005960464	0.209999993443489	0.230000004172325		0.490000009536743	0.469999998807907	0.550000011920929		0.370000004768372	0.129999995231628	0.550000011920929	
chr12	40714395	40714395	1	*	0.25	0.119999997317791	0.280000001192093		0.159999996423721	0.469999998807907	0.360000014305115	0.379999995231628	0.370000004768372	0.270000010728836	0.280000001192093	
chr12	40714501	40714501	1	*	0.400000005960465		0.140000000596046		0.330000013113022	0.469999998807907			0.5	0.270000010728836	0.180000007152557	0.300000011920929
chr12	40714618	40714618	1	*	0.709999978542328			0.0799999982118607	0.159999996423721	0.469999998807907		0.759999990463257	0.119999997317791		0.370000004768372	0.200000002980232
chr12	40714785	40714785	1	*	0.100000001490116	0.0799999982118607	0.509999990463257	0.0799999982118607			0.550000011920929	0.759999990463257	0.370000004768372	0.129999995231628	0.180000007152557	0.5
chr12	40715013	40715013	1	*	0.0500000007450581	0.0799999982118607	0.419999986886978	0.0799999982118607	0.159999996423721		0.180000007152557	0.569999992847443	0.119999997317791	0.129999995231628		0.100000001490116
chr12	40715083	40715083	1	*	0.46000000834465		0.280000001192093	0.319999992847443		0.119999997317791	0.360000014305115		0.119999997317791	0.400000005960465	0.180000007152557	0.5
chr12	40715248	40715248	1	*	0.300000011920929	0.119999997317791	0.419999986886978	0.239999994635582	0.330000013113022	0.349999994039536	0.360000014305115	0.379999995231628	0.25			0.5
chr12	40715302	40715302	1	*	0.200000002980232	0.0799999982118607	0.419999986886978	0.319999992847443		0.230000004172325	0.360000014305115				0.0900000035762787	0.300000011920929
chr12	40715377	40715377	1	*	0.150000005960464	0.209999993443489	0.370000004768372	0.0799999982118607		0.349999994039536					0.280000001192093	0.200000002980232
chr12	40715590	40715590	1	*	0.25	0.209999993443489	0.180000007152557	0.479999989271164	0.159999996423721	0.119999997317791	0.550000011920929	0.189999997615814		0.800000011920929	0.0900000035762787	0.400000005960465
chr12	40716015	40716015	1	*	0.200000002980232	0.0799999982118607	0.319999992847443	0.159999996423721	0.330000013113022	0.119999997317791	0.180000007152557		0.75	0.129999995231628		0.200000002980232
chr12	40716260	40716260	1	*	0.300000011920929	0.25	0.319999992847443	0.479999989271164	0.159999996423721	0.5799999833107		0.569999992847443	0.119999997317791	0.129999995231628		0.300000011920929
chr12	40716434	40716434	1	*	0.349999994039536			0.159999996423721		0.230000004172325	0.360000014305115	0.189999997615814	0.370000004768372		0.0900000035762787	0.300000011920929
chr12	40716474	40716474	1	*	0.150000005960464		0.0900000035762787	0.159999996423721		0.230000004172325			0.119999997317791		0.0900000035762787	0.300000011920929
chr12	40716694	40716694	1	*	0.100000001490116	0.409999996423721	0.230000004172325	0.239999994635582		0.230000004172325	0.360000014305115	0.569999992847443	0.75	0.129999995231628	0.0900000035762787	
chr12	40717143	40717143	1	*	0.100000001490116		0.140000000596046	0.159999996423721		0.119999997317791		0.189999997615814	0.25			
chr12	40718000	40718000	1	*	0.100000001490116	0.330000013113022	0.180000007152557			0.119999997317791		0.189999997615814			0.0900000035762787	0.300000011920929
chr12	40718453	40718453	1	*	0.200000002980232	0.25	0.140000000596046				0.180000007152557					0.600000023841858
chr12	40718775	40718775	1	*	0.300000011920929	0.620000004768372	0.509999990463257			1.51999998092651	0.180000007152557	0.949999988079071	0.620000004768372			0.5
chr12	40718883	40718883	1	*	0.25	0.409999996423721	0.230000004172325		0.490000009536743				0.25	0.129999995231628	0.0900000035762787	0.100000001490116
chr12	40719339	40719339	1	*	0.400000005960465	0.209999993443489	0.550000011920929	0.319999992847443	2.28999996185303	9.09000015258789	13.9899997711182	7.40999984741211		0.670000016689301	1.28999996185303	0.400000005960465
chr12	40719500	40719500	1	*	0.349999994039536	0.660000026226044	0.740000009536743	0.0799999982118607	0.490000009536743	0.230000004172325	0.180000007152557	0.189999997615814	0.119999997317791	0.670000016689301	0.280000001192093	0.200000002980232
chr12	40719806	40719806	1	*	0.46000000834465	0.0799999982118607	0.419999986886978	0.0799999982118607	0.980000019073486	0.230000004172325	0.550000011920929	0.759999990463257	0.119999997317791	0.270000010728836		0.400000005960465
chr12	40720004	40720004	1	*	0.0500000007450581	0.28999999165535	0.8299999833107	0.479999989271164								0.100000001490116
chr12	40721042	40721042	1	*	0.100000001490116	0.159999996423721	0.230000004172325	0.239999994635582	0.159999996423721	0.469999998807907	1.0900000333786	0.189999997615814	0.5	0.129999995231628	0.0900000035762787	0.300000011920929
chr12	40721159	40721159	1	*	0.150000005960464	0.159999996423721	0.319999992847443	0.319999992847443	0.330000013113022		0.360000014305115		0.5		0.180000007152557	0.200000002980232
chr12	40722452	40722452	1	*	0.0500000007450581		0.140000000596046	0.239999994635582		0.119999997317791	0.730000019073486		0.25	0.930000007152557	0.0900000035762787	0.100000001490116
chr12	40722457	40722457	1	*	0.0500000007450581		0.230000004172325	0.239999994635582		0.119999997317791	0.730000019073486		0.25	0.800000011920929	0.0900000035762787	0.100000001490116
chr12	40722549	40722549	1	*	0.100000001490116	0.159999996423721	0.319999992847443		0.490000009536743	0.930000007152557	0.360000014305115	0.379999995231628	0.370000004768372	0.270000010728836	0.370000004768372	0.300000011920929
chr12	40722724	40722724	1	*	0.349999994039536	0.159999996423721	0.280000001192093	0.0799999982118607		0.230000004172325	0.360000014305115	0.379999995231628	0.119999997317791	0.670000016689301	0.280000001192093	0.100000001490116
chr12	40723171	40723171	1	*	0.0500000007450581		0.0900000035762787	0.0799999982118607	0.980000019073486	0.469999998807907	1.26999998092651					0.5
chr12	40723475	40723475	1	*	0.200000002980232			0.0799999982118607	0.330000013113022	0.230000004172325		0.759999990463257	0.370000004768372	0.129999995231628		0.100000001490116
chr12	40723900	40723900	1	*	0.200000002980232	0.370000004768372	0.0900000035762787	0.0799999982118607	0.159999996423721	0.230000004172325		1.13999998569489	0.370000004768372		0.370000004768372	0.400000005960465
chr12	40724030	40724030	1	*	0.150000005960464		0.0900000035762787		0.159999996423721		0.550000011920929		0.5			0.600000023841858
chr12	40724494	40724494	1	*	0.200000002980232	0.330000013113022	0.0900000035762787		0.330000013113022	0.699999988079071	1.45000004768372	0.759999990463257	0.119999997317791		0.180000007152557	0.200000002980232
chr12	40724581	40724581	1	*	0.400000005960465	0.0799999982118607	0.140000000596046	0.0799999982118607	0.330000013113022	0.230000004172325	0.910000026226044		0.25		0.0900000035762787	
chr12	40724960	40724960	1	*	0.0500000007450581		0.0900000035762787	0.159999996423721		0.5799999833107	0.730000019073486	0.379999995231628	0.5		0.370000004768372	
chr12	40725204	40725204	1	*	0.25	0.490000009536743	0.319999992847443	0.319999992847443		0.119999997317791	0.360000014305115			0.129999995231628	0.550000011920929	0.400000005960465
chr12	40725258	40725258	1	*	0.300000011920929		0.280000001192093	0.319999992847443		0.230000004172325	0.910000026226044	0.569999992847443			0.370000004768372	0.200000002980232
chr12	40725571	40725571	1	*	0.0500000007450581	0.119999997317791	0.180000007152557	0.239999994635582		0.5799999833107	1.0900000333786	1.13999998569489	1		0.180000007152557	0.300000011920929
chr12	40725593	40725593	1	*	0.200000002980232	0.119999997317791	0.180000007152557	0.159999996423721	0.159999996423721	0.469999998807907	0.360000014305115	1.33000004291534	1		0.180000007152557	0.300000011920929
chr12	40725778	40725778	1	*	0.100000001490116		0.180000007152557	0.400000005960465	0.490000009536743	0.119999997317791	0.550000011920929	0.569999992847443		0.129999995231628	0.0900000035762787	0.200000002980232
chr12	40725880	40725880	1	*	0.349999994039536	0.25	0.319999992847443	0.400000005960465		1.04999995231628	0.550000011920929	1.51999998092651		0.400000005960465	0.920000016689301	
chr12	40725928	40725928	1	*	0.300000011920929	0.330000013113022	0.319999992847443	0.400000005960465	0.649999976158142	0.230000004172325	0.910000026226044	1.13999998569489		0.400000005960465	0.920000016689301	0.100000001490116
chr12	40726567	40726567	1	*	0.0500000007450581	0.25	0.140000000596046	0.0799999982118607	0.159999996423721				0.870000004768372		0.0900000035762787	0.200000002980232
chr12	40726647	40726647	1	*	0.0500000007450581	0.209999993443489	0.419999986886978		0.159999996423721	0.349999994039536			0.119999997317791	0.270000010728836	0.180000007152557	0.100000001490116
chr12	40726748	40726748	1	*	0.0500000007450581		0.280000001192093				0.550000011920929	0.189999997615814		0.129999995231628		0.300000011920929
chr12	40727145	40727145	1	*	0.0500000007450581	0.119999997317791	0.46000000834465	0.239999994635582		1.51999998092651		0.189999997615814	0.119999997317791		0.180000007152557	0.200000002980232
chr12	40727598	40727598	1	*	0.200000002980232	0.529999971389771	0.509999990463257	0.159999996423721	0.159999996423721	0.5799999833107	1.45000004768372	0.949999988079071	0.370000004768372		0.0900000035762787	0.200000002980232
chr12	40727779	40727779	1	*	0.100000001490116	0.449999988079071	0.230000004172325	0.0799999982118607		0.469999998807907	1.45000004768372		0.370000004768372		0.280000001192093	0.5
chr12	40727924	40727924	1	*	0.100000001490116	0.119999997317791	0.509999990463257		0.159999996423721	0.119999997317791						0.100000001490116
chr12	40728191	40728191	1	*	0.200000002980232		0.0900000035762787	0.319999992847443	0.330000013113022	0.119999997317791	0.360000014305115	0.189999997615814	0.119999997317791	0.129999995231628	0.0900000035762787	0.300000011920929
chr12	40728298	40728298	1	*	0.349999994039536	0.0799999982118607	0.0900000035762787		0.159999996423721	0.819999992847443		0.189999997615814	0.25		0.0900000035762787	0.200000002980232
chr12	40728428	40728428	1	*	0.400000005960465		0.319999992847443		0.159999996423721	0.5799999833107	1.82000005245209	0.189999997615814	0.870000004768372	0.270000010728836	0.180000007152557	0.100000001490116
chr12	40728626	40728626	1	*	0.100000001490116	0.159999996423721	0.419999986886978	0.159999996423721	0.649999976158142	0.349999994039536	0.180000007152557	0.569999992847443	0.25	0.270000010728836	0.180000007152557	0.709999978542328
chr12	40729007	40729007	1	*	0.300000011920929	0.28999999165535	0.280000001192093	0.159999996423721		1.16999995708466	0.730000019073486	2.08999991416931		0.270000010728836		0.5
chr12	40729655	40729655	1	*	0.150000005960464	0.409999996423721	0.280000001192093		1.63999998569489	0.119999997317791	0.180000007152557	1.13999998569489		0.400000005960465	0.0900000035762787	0.100000001490116
chr12	40730463	40730463	1	*	0.0500000007450581	0.409999996423721	0.879999995231628	0.0799999982118607	0.490000009536743	0.699999988079071	0.180000007152557	0.189999997615814	0.370000004768372	0.270000010728836	0.280000001192093	0.300000011920929
chr12	40731013	40731013	1	*	0.25	0.119999997317791	0.319999992847443	0.159999996423721		0.349999994039536	0.910000026226044	0.189999997615814		0.129999995231628		
chr12	40731183	40731183	1	*	0.100000001490116	0.0799999982118607	0.790000021457672	0.319999992847443	0.159999996423721		0.360000014305115	0.189999997615814			0.280000001192093	0.200000002980232
chr12	40731214	40731214	1	*	0.150000005960464	0.159999996423721	0.649999976158142	0.479999989271164	0.490000009536743			0.189999997615814		0.400000005960465	0.280000001192093	0.200000002980232
chr12	40731506	40731506	1	*	0.200000002980232	0.159999996423721	0.879999995231628	0.0799999982118607		0.5799999833107	0.550000011920929		1.37000000476837	0.270000010728836	0.370000004768372	0.300000011920929
chr12	40731606	40731606	1	*	0.300000011920929	0.28999999165535	0.8299999833107	0.400000005960465		0.469999998807907	1.0900000333786		1.12000000476837	0.400000005960465	0.0900000035762787	0.400000005960465
chr12	40731853	40731853	1	*	0.349999994039536	0.119999997317791	1.11000001430511	0.560000002384186	0.819999992847443	1.16999995708466	1.82000005245209	0.569999992847443	0.25		0.280000001192093	0.100000001490116
chr12	40731961	40731961	1	*	0.150000005960464	0.330000013113022	1.25	0.239999994635582	0.159999996423721	0.5799999833107	0.550000011920929	0.189999997615814	0.25		0.0900000035762787	0.600000023841858
chr12	40732032	40732032	1	*	0.100000001490116	0.409999996423721	1.57000005245209	0.239999994635582	0.490000009536743	0.699999988079071	2.1800000667572	0.949999988079071	0.5		0.180000007152557	0.5
chr12	40732394	40732394	1	*	0.200000002980232	0.330000013113022	0.600000023841858	0.0799999982118607	0.159999996423721	0.699999988079071	0.180000007152557				0.0900000035762787	0.300000011920929
chr12	40732480	40732480	1	*	0.300000011920929	0.25	0.740000009536743	0.239999994635582		0.230000004172325	0.180000007152557		0.119999997317791	0.400000005960465	0.0900000035762787	0.200000002980232
chr12	40732730	40732730	1	*	0.400000005960465	0.330000013113022	0.970000028610229	0.159999996423721	0.649999976158142	0.230000004172325	0.910000026226044	0.189999997615814	0.119999997317791	0.129999995231628	0.280000001192093	0.200000002980232
chr12	40732900	40732900	1	*	0.860000014305115	0.370000004768372	0.370000004768372	0.400000005960465	0.330000013113022	1.16999995708466	0.910000026226044	0.189999997615814	0.620000004768372	0.129999995231628	0.0900000035762787	0.100000001490116
chr12	40733082	40733082	1	*	0.349999994039536	0.25	0.689999997615814	0.159999996423721	0.330000013113022	0.230000004172325	0.550000011920929	0.569999992847443	0.119999997317791		0.0900000035762787	0.200000002980232
chr12	40733564	40733564	1	*	0.100000001490116		0.140000000596046				0.360000014305115	0.189999997615814		0.129999995231628	0.0900000035762787	0.100000001490116
chr12	40734583	40734583	1	*	0.150000005960464		0.319999992847443	0.159999996423721	0.159999996423721	0.119999997317791	0.360000014305115	0.189999997615814	0.119999997317791	0.270000010728836	0.280000001192093	0.200000002980232
chr12	40734916	40734916	1	*	0.200000002980232	0.28999999165535	0.689999997615814	0.479999989271164		1.51999998092651	0.360000014305115	0.189999997615814	0.25	0.129999995231628	0.0900000035762787	0.400000005960465
chr12	40735169	40735169	1	*	0.25		0.509999990463257	0.0799999982118607	0.330000013113022			0.569999992847443	0.370000004768372		0.370000004768372	0.200000002980232
chr12	40735664	40735664	1	*	0.560000002384186	0.119999997317791	0.280000001192093	0.0799999982118607	0.330000013113022	0.5799999833107	0.550000011920929	0.189999997615814				0.300000011920929
chr12	40735764	40735764	1	*	0.509999990463257	0.159999996423721	0.46000000834465		0.330000013113022		0.180000007152557	0.189999997615814		0.270000010728836		0.200000002980232
chr12	40735804	40735804	1	*	0.200000002980232	0.0799999982118607	0.46000000834465	0.319999992847443	0.330000013113022	0.349999994039536	0.360000014305115	0.189999997615814	0.119999997317791	0.270000010728836	0.0900000035762787	0.300000011920929
chr12	40735939	40735939	1	*	0.46000000834465	0.330000013113022	0.370000004768372	0.72000002861023	0.490000009536743	0.119999997317791	1.26999998092651	0.379999995231628		0.270000010728836	0.180000007152557	0.709999978542328
chr12	40736010	40736010	1	*	0.46000000834465	0.28999999165535	0.319999992847443	0.239999994635582	1.79999995231628	0.5799999833107	1.26999998092651	0.949999988079071			0.0900000035762787	0.200000002980232
chr12	40736043	40736043	1	*	0.300000011920929	0.25	0.319999992847443	0.319999992847443	1.47000002861023	0.349999994039536	0.730000019073486	0.949999988079071				0.100000001490116
chr12	40736249	40736249	1	*	0.25		0.140000000596046	0.319999992847443		0.349999994039536	0.550000011920929	0.759999990463257	0.370000004768372			
chr12	40736405	40736405	1	*	0.46000000834465	0.0799999982118607	0.140000000596046	0.239999994635582		0.119999997317791	0.180000007152557	0.189999997615814	0.25	0.529999971389771	0.180000007152557	0.300000011920929
chr12	40736782	40736782	1	*	0.25		0.600000023841858	0.0799999982118607	0.330000013113022	0.230000004172325	0.180000007152557	0.569999992847443	0.119999997317791			0.200000002980232
chr12	40737002	40737002	1	*	0.25	0.0799999982118607	0.180000007152557	0.0799999982118607	0.490000009536743	0.349999994039536	0.730000019073486	0.379999995231628			0.280000001192093	0.709999978542328
chr12	40737115	40737115	1	*	0.0500000007450581	0.0799999982118607	0.140000000596046	0.159999996423721	0.159999996423721	0.349999994039536	1.0900000333786	0.569999992847443	0.5		0.180000007152557	0.5
chr12	40737183	40737183	1	*	0.0500000007450581	0.119999997317791	0.140000000596046	0.0799999982118607		0.5799999833107	0.550000011920929	0.189999997615814	1		0.180000007152557	0.5
chr12	40737240	40737240	1	*	0.0500000007450581	0.119999997317791	0.180000007152557	0.0799999982118607		1.27999997138977	0.550000011920929	0.569999992847443	0.620000004768372		0.0900000035762787	0.5
chr12	40737471	40737471	1	*	0.0500000007450581			0.0799999982118607		0.469999998807907						0.400000005960465
chr12	40737803	40737803	1	*	0.200000002980232	0.209999993443489	0.140000000596046	0.239999994635582		0.230000004172325		0.189999997615814	0.370000004768372	0.270000010728836	0.0900000035762787	
chr12	40737832	40737832	1	*	0.300000011920929	0.159999996423721	0.140000000596046	0.239999994635582		0.119999997317791	0.180000007152557		0.25	0.270000010728836		
chr12	40737908	40737908	1	*	0.100000001490116	0.159999996423721	0.180000007152557		0.490000009536743	0.5799999833107			0.870000004768372	0.129999995231628		0.100000001490116
chr12	40738008	40738008	1	*	0.150000005960464	0.330000013113022	0.230000004172325	0.560000002384186		0.230000004172325	0.180000007152557		0.75	0.129999995231628		0.200000002980232
chr12	40738303	40738303	1	*	0.300000011920929	0.25	0.370000004768372	0.239999994635582	0.330000013113022	0.349999994039536	0.360000014305115	0.189999997615814	0.25		0.46000000834465	0.200000002980232
chr12	40739493	40739493	1	*	0.25			0.0799999982118607	0.330000013113022	0.230000004172325		0.189999997615814	0.370000004768372		0.0900000035762787	0.5
chr12	40739727	40739727	1	*	0.150000005960464	0.159999996423721	0.280000001192093	0.0799999982118607	0.330000013113022	0.349999994039536	0.180000007152557	0.379999995231628	0.370000004768372			0.300000011920929
chr12	40739852	40739852	1	*	0.300000011920929		0.649999976158142			0.469999998807907	0.550000011920929	0.189999997615814	1.24000000953674		0.0900000035762787	
chr12	40740223	40740223	1	*	0.150000005960464		0.319999992847443	0.0799999982118607		0.230000004172325		0.379999995231628	2.11999988555908	0.129999995231628		0.100000001490116
chr12	40740365	40740365	1	*	0.150000005960464		0.180000007152557		0.330000013113022	0.230000004172325	1.45000004768372	0.569999992847443	0.370000004768372	0.129999995231628	0.370000004768372	0.100000001490116
chr12	40740686	40740686	1	*	0.100000001490116		0.180000007152557	0.0799999982118607	0.330000013113022	0.119999997317791	0.360000014305115	0.759999990463257	1	0.270000010728836		0.100000001490116
chr12	40740873	40740873	1	*	0.150000005960464	0.119999997317791	0.230000004172325									
chr12	40741617	40741617	1	*	0.150000005960464	0.209999993443489	0.0900000035762787			0.119999997317791	0.360000014305115	0.189999997615814	0.25		0.180000007152557	0.300000011920929
chr12	40741678	40741678	1	*	0.25	0.28999999165535	0.140000000596046			0.119999997317791	0.730000019073486		0.25		0.280000001192093	0.400000005960465
chr12	40741821	40741821	1	*	0.200000002980232	0.119999997317791		0.479999989271164	0.490000009536743	0.469999998807907	0.360000014305115	0.189999997615814		0.270000010728836	0.46000000834465	0.5
chr12	40742073	40742073	1	*	0.300000011920929			0.0799999982118607	0.159999996423721	0.230000004172325	0.360000014305115		0.25			0.200000002980232
chr12	40742254	40742254	1	*	0.300000011920929	0.25	0.419999986886978	0.319999992847443	1.30999994277954	0.469999998807907		0.379999995231628				0.5
chr12	40742363	40742363	1	*	0.200000002980232	0.0799999982118607	0.140000000596046		0.159999996423721			0.189999997615814	0.370000004768372	0.129999995231628		0.5
chr12	40742689	40742689	1	*	0.0500000007450581		0.0900000035762787	0.0799999982118607		0.119999997317791	0.180000007152557		0.119999997317791			0.200000002980232
chr12	40742701	40742701	1	*	0.100000001490116		0.0900000035762787	0.0799999982118607		0.349999994039536	0.550000011920929		0.119999997317791			0.400000005960465
chr12	40742876	40742876	1	*	0.25	0.25				0.349999994039536	0.180000007152557		1.24000000953674	0.270000010728836		0.300000011920929
chr12	40743788	40743788	1	*	0.349999994039536	0.0799999982118607	0.419999986886978	0.239999994635582	0.159999996423721	0.230000004172325	0.180000007152557				0.370000004768372	
chr12	40743830	40743830	1	*	0.200000002980232	0.0799999982118607	0.46000000834465	0.239999994635582	0.649999976158142	0.930000007152557	0.180000007152557	1.33000004291534			0.550000011920929	
chr12	40744086	40744086	1	*	0.150000005960464	0.119999997317791	0.319999992847443	0.0799999982118607	1.30999994277954	0.5799999833107	0.360000014305115	0.379999995231628	0.5	0.670000016689301	0.280000001192093	0.709999978542328
chr12	40744145	40744145	1	*	0.200000002980232	0.25	0.370000004768372				0.360000014305115	0.379999995231628	0.370000004768372	0.129999995231628		0.810000002384186
chr12	40744183	40744183	1	*	0.200000002980232	0.330000013113022	0.319999992847443				0.730000019073486	0.759999990463257	0.119999997317791			0.5
chr12	40744394	40744394	1	*	0.200000002980232		0.0900000035762787		0.330000013113022	0.469999998807907			0.5			0.100000001490116
chr12	40744491	40744491	1	*	0.150000005960464		0.180000007152557		1.47000002861023	0.819999992847443	0.360000014305115	0.379999995231628	0.25			
chr12	40744775	40744775	1	*	0.100000001490116	0.159999996423721	0.230000004172325	0.400000005960465	0.159999996423721	0.349999994039536	0.360000014305115			0.270000010728836	0.0900000035762787	
chr12	40744808	40744808	1	*	0.100000001490116	0.209999993443489	0.230000004172325	0.239999994635582	0.159999996423721	0.349999994039536	0.910000026226044	0.569999992847443	0.25	0.270000010728836	0.0900000035762787	
chr12	40745181	40745181	1	*	0.25	0.159999996423721		0.239999994635582	0.649999976158142	0.349999994039536	0.180000007152557			0.400000005960465	0.370000004768372	0.200000002980232
chr12	40745777	40745777	1	*	0.150000005960464	0.28999999165535	0.230000004172325	0.159999996423721	0.330000013113022	0.469999998807907	0.550000011920929	0.189999997615814	0.25		0.0900000035762787	
chr12	40745838	40745838	1	*	0.150000005960464	0.28999999165535	0.509999990463257	0.159999996423721		0.230000004172325	0.730000019073486	0.949999988079071	0.370000004768372	0.129999995231628	0.180000007152557	0.100000001490116
chr12	40745902	40745902	1	*	0.0500000007450581	0.209999993443489	0.879999995231628	0.0799999982118607	0.159999996423721	0.5799999833107		4.36999988555908	0.119999997317791	0.129999995231628	0.180000007152557	0.100000001490116
chr12	40745914	40745914	1	*	0.0500000007450581	0.209999993443489	0.790000021457672	0.0799999982118607	0.490000009536743	0.5799999833107		4.17999982833862	0.119999997317791	0.129999995231628	0.370000004768372	0.100000001490116
chr12	40745955	40745955	1	*	0.0500000007450581	0.25	0.8299999833107	0.0799999982118607	0.490000009536743	0.349999994039536	0.180000007152557	4.55999994277954	0.119999997317791		0.280000001192093	
chr12	40746073	40746073	1	*	0.0500000007450581	0.0799999982118607	0.180000007152557	0.400000005960465	0.330000013113022	0.699999988079071	1.82000005245209	0.759999990463257	0.5			0.200000002980232
chr12	40747751	40747751	1	*	0.100000001490116		0.0900000035762787						0.119999997317791			
chr12	40747809	40747809	1	*	0.0500000007450581		0.0900000035762787			0.119999997317791	0.180000007152557	0.189999997615814	0.119999997317791	0.129999995231628		
chr12	40747929	40747929	1	*	0.25		0.140000000596046			0.230000004172325	0.180000007152557	0.189999997615814	0.119999997317791		0.649999976158142	
chr12	40748395	40748395	1	*	0.100000001490116	0.0799999982118607	0.46000000834465	0.159999996423721							0.180000007152557	0.200000002980232
chr12	40748547	40748547	1	*	0.0500000007450581		0.319999992847443	0.0799999982118607	0.159999996423721	0.819999992847443		1.13999998569489	0.119999997317791		0.0900000035762787	0.100000001490116
chr12	40749150	40749150	1	*	0.150000005960464	0.119999997317791	0.319999992847443	0.159999996423721	0.649999976158142	0.930000007152557		0.949999988079071	0.870000004768372		0.0900000035762787	0.100000001490116
chr12	40749179	40749179	1	*	0.300000011920929	0.159999996423721	0.280000001192093	0.159999996423721	0.490000009536743	0.699999988079071	0.550000011920929	0.379999995231628	0.620000004768372		0.0900000035762787	0.100000001490116
chr12	40749790	40749790	1	*	0.200000002980232	0.0799999982118607	0.180000007152557	0.0799999982118607	0.159999996423721		0.180000007152557		0.370000004768372		0.0900000035762787	0.200000002980232
chr12	40750195	40750195	1	*	0.150000005960464		0.0900000035762787		0.159999996423721	0.230000004172325	0.360000014305115	0.379999995231628	0.75			0.5
chr12	40750218	40750218	1	*	0.150000005960464		0.0900000035762787	0.159999996423721	0.159999996423721	0.5799999833107	0.180000007152557		0.75			0.400000005960465
chr12	40750471	40750471	1	*	0.100000001490116		0.0900000035762787		0.649999976158142	0.469999998807907	0.730000019073486		0.119999997317791		0.280000001192093	0.100000001490116
chr12	40750549	40750549	1	*	0.100000001490116	0.0799999982118607	0.180000007152557	0.0799999982118607		0.119999997317791		0.379999995231628	0.25		0.180000007152557	0.200000002980232
chr12	40750820	40750820	1	*	0.0500000007450581		0.140000000596046	0.0799999982118607			0.360000014305115		0.5			0.400000005960465
chr12	40750966	40750966	1	*	0.660000026226044		0.140000000596046	0.319999992847443		0.119999997317791			0.119999997317791			0.300000011920929
chr12	40750984	40750984	1	*	0.46000000834465		0.0900000035762787	0.560000002384186		0.230000004172325	0.180000007152557	0.189999997615814	0.119999997317791			0.5
chr12	40751374	40751374	1	*	0.150000005960464	0.0799999982118607	0.180000007152557		0.159999996423721	0.349999994039536	0.180000007152557		0.370000004768372	0.129999995231628		0.5
chr12	40751527	40751527	1	*	0.25	0.28999999165535	0.0900000035762787	0.0799999982118607	0.159999996423721	0.119999997317791	0.550000011920929		0.620000004768372			0.300000011920929
chr12	40751634	40751634	1	*	0.100000001490116		0.370000004768372		0.159999996423721	0.230000004172325	0.730000019073486	0.569999992847443	0.75		0.46000000834465	0.600000023841858
chr12	40751770	40751770	1	*	0.46000000834465	0.209999993443489	0.180000007152557		0.490000009536743	0.5799999833107	0.550000011920929	0.379999995231628	0.370000004768372		0.370000004768372	0.400000005960465
chr12	40751815	40751815	1	*	0.46000000834465	0.159999996423721	0.0900000035762787	0.0799999982118607		0.469999998807907	0.180000007152557	0.189999997615814	0.370000004768372		0.370000004768372	0.200000002980232
chr12	40751979	40751979	1	*	0.25	0.119999997317791	0.230000004172325	0.319999992847443		0.469999998807907	0.180000007152557					0.200000002980232
chr12	40752603	40752603	1	*	0.150000005960464	0.119999997317791	0.280000001192093	0.0799999982118607		0.119999997317791	0.360000014305115		0.119999997317791		0.180000007152557	0.400000005960465
chr12	40753013	40753013	1	*	0.509999990463257	0.0799999982118607	0.140000000596046	0.0799999982118607		0.469999998807907	0.360000014305115	0.379999995231628	0.119999997317791			0.200000002980232
chr12	40753303	40753303	1	*	0.0500000007450581	0.0799999982118607	0.140000000596046	0.159999996423721			0.360000014305115				0.280000001192093	0.100000001490116
chr12	40753774	40753774	1	*	0.0500000007450581	0.25	0.140000000596046		0.159999996423721	0.230000004172325	0.180000007152557		0.119999997317791	0.129999995231628		0.200000002980232
chr12	40753796	40753796	1	*	0.100000001490116	0.28999999165535	0.140000000596046		0.159999996423721	0.230000004172325			0.119999997317791	0.129999995231628		0.200000002980232
chr12	40754308	40754308	1	*	0.150000005960464	0.119999997317791	0.280000001192093	0.319999992847443	0.490000009536743	0.469999998807907	1.0900000333786		0.119999997317791		0.280000001192093	0.200000002980232
chr12	40754412	40754412	1	*	0.25		0.370000004768372	0.319999992847443		0.119999997317791	0.360000014305115		0.620000004768372			0.200000002980232
chr12	40754555	40754555	1	*	0.100000001490116	0.159999996423721	0.230000004172325	0.239999994635582		0.469999998807907	0.360000014305115		0.25	1.33000004291534	0.370000004768372	0.200000002980232
chr12	40754782	40754782	1	*	0.0500000007450581	0.159999996423721	0.180000007152557	0.319999992847443	0.330000013113022	0.230000004172325		0.189999997615814		0.129999995231628	0.550000011920929	0.709999978542328
chr12	40755215	40755215	1	*	0.300000011920929	0.0799999982118607	0.180000007152557	0.239999994635582	0.330000013113022	0.119999997317791	0.180000007152557	0.569999992847443	0.620000004768372	0.129999995231628	0.46000000834465	
chr12	40755289	40755289	1	*	0.150000005960464		0.180000007152557	0.319999992847443	0.819999992847443	0.349999994039536	0.730000019073486	0.189999997615814	1.24000000953674	0.270000010728836	0.740000009536743	
chr12	40755416	40755416	1	*	0.25	0.0799999982118607		0.319999992847443		0.119999997317791						0.100000001490116
chr12	40755476	40755476	1	*	0.25	0.119999997317791		0.400000005960465	0.159999996423721	0.469999998807907	0.360000014305115			0.129999995231628	0.0900000035762787	0.300000011920929
chr12	40756207	40756207	1	*	0.150000005960464	0.119999997317791	0.140000000596046	0.400000005960465		0.230000004172325	0.730000019073486	0.759999990463257	0.5		0.180000007152557	0.100000001490116
chr12	40756248	40756248	1	*	0.100000001490116	0.25	0.140000000596046	0.639999985694885			0.910000026226044	1.51999998092651	0.5		0.280000001192093	0.200000002980232
chr12	40756321	40756321	1	*	0.25	0.25	0.319999992847443	0.400000005960465		0.119999997317791	0.730000019073486	0.759999990463257			0.0900000035762787	0.300000011920929
chr12	40756472	40756472	1	*	0.300000011920929	0.209999993443489	0.230000004172325	0.400000005960465	0.159999996423721	0.119999997317791	1.45000004768372		0.5	0.129999995231628	0.0900000035762787	0.810000002384186
chr12	40756687	40756687	1	*	0.300000011920929			0.319999992847443	0.159999996423721	0.119999997317791			0.75	0.400000005960465	0.46000000834465	0.200000002980232
chr12	40757330	40757330	1	*	0.349999994039536	0.159999996423721	0.319999992847443	0.0799999982118607		0.119999997317791	0.910000026226044		0.25			
chr12	40757533	40757533	1	*	0.300000011920929		0.0900000035762787	0.639999985694885	0.159999996423721	0.349999994039536	0.550000011920929	0.379999995231628		0.129999995231628	0.0900000035762787	0.400000005960465
chr12	40758045	40758045	1	*	0.25	0.25	0.419999986886978	0.400000005960465	1.30999994277954	0.349999994039536		0.569999992847443		0.129999995231628	0.280000001192093	0.5
chr12	40758291	40758291	1	*	0.349999994039536		0.230000004172325	0.0799999982118607	0.159999996423721	0.119999997317791	0.550000011920929		0.119999997317791	0.129999995231628		0.200000002980232
chr12	40758652	40758652	1	*	0.349999994039536	0.28999999165535	0.140000000596046	0.159999996423721	0.330000013113022	0.119999997317791	0.180000007152557	0.379999995231628	0.119999997317791		0.550000011920929	0.709999978542328
chr12	40759595	40759595	1	*	0.400000005960465		0.370000004768372	0.0799999982118607			0.360000014305115	0.189999997615814				0.810000002384186
chr12	40759848	40759848	1	*	0.25	0.119999997317791	0.370000004768372	0.239999994635582	0.819999992847443	0.349999994039536	0.910000026226044	0.569999992847443	0.370000004768372	0.270000010728836		0.200000002980232
chr12	40759980	40759980	1	*	0.150000005960464	0.25	0.689999997615814	0.159999996423721		0.699999988079071	0.550000011920929	0.189999997615814	0.25	0.670000016689301	0.0900000035762787	0.709999978542328
chr12	40760631	40760631	1	*	0.150000005960464		0.319999992847443	0.159999996423721				0.189999997615814	0.370000004768372	0.129999995231628		
chr12	40760764	40760764	1	*	0.200000002980232	0.209999993443489	0.230000004172325		0.159999996423721	0.119999997317791	0.550000011920929		0.370000004768372		0.0900000035762787	0.200000002980232
chr12	40761007	40761007	1	*	0.100000001490116		0.319999992847443	0.239999994635582	0.330000013113022	0.469999998807907	0.730000019073486	0.759999990463257	0.5	0.129999995231628		0.100000001490116
chr12	40761315	40761315	1	*	0.0500000007450581	0.0799999982118607		0.159999996423721	0.819999992847443	0.119999997317791	0.180000007152557				0.180000007152557	0.200000002980232
chr12	40761358	40761358	1	*	0.0500000007450581	0.0799999982118607	0.0900000035762787	0.159999996423721		0.699999988079071			0.75		0.180000007152557	0.100000001490116
chr12	40761663	40761663	1	*	0.0500000007450581	0.0799999982118607	0.319999992847443		0.159999996423721	0.230000004172325	0.360000014305115	0.379999995231628	0.5			0.100000001490116
chr12	40762303	40762303	1	*	0.100000001490116		0.180000007152557	0.0799999982118607	0.159999996423721	0.119999997317791			0.370000004768372		0.180000007152557	0.200000002980232
chr12	40762546	40762546	1	*	0.0500000007450581	0.119999997317791	0.370000004768372	0.479999989271164			0.360000014305115	0.189999997615814	0.119999997317791	0.270000010728836	0.0900000035762787	
chr12	40763013	40763013	1	*	0.150000005960464	0.159999996423721	0.319999992847443			0.119999997317791	0.180000007152557		0.370000004768372	0.129999995231628	0.180000007152557	0.100000001490116
